0 0.827344 0.500463 0.061979 0.284259
0 0.665625 0.511574 0.071875 0.373148
0 0.721354 0.534259 0.093750 0.414815
0 0.599479 0.529630 0.080208 0.388889
0 0.996875 0.481944 0.032292 0.182407
0 0.910417 0.581019 0.059375 0.191667
0 0.856771 0.555556 0.059375 0.190741
-1 0.085417 0.590278 0.043750 0.204630
-1 0.891146 0.489815 0.029167 0.107407
-1 0.047135 0.578241 0.044271 0.234259
-1 0.497135 0.531481 0.025521 0.111111
-1 0.516927 0.540278 0.046354 0.241667
-1 0.406771 0.534259 0.059375 0.270370
-1 0.469271 0.531944 0.021875 0.087963
0 0.145313 0.554630 0.028125 0.148148
