0 0.806250 0.503241 0.057292 0.300926
0 0.682813 0.537963 0.096875 0.431481
0 0.587760 0.533333 0.084896 0.398148
0 0.995833 0.484259 0.037500 0.188889
0 0.917187 0.581944 0.058333 0.191667
0 0.851302 0.541667 0.059896 0.218519
-1 0.085417 0.590278 0.043750 0.204630
-1 0.891146 0.489815 0.029167 0.107407
0 0.721354 0.503241 0.092708 0.397222
-1 0.047135 0.578241 0.044271 0.234259
-1 0.497917 0.538426 0.047917 0.245370
-1 0.420573 0.587500 0.028646 0.112037
-1 0.393750 0.530556 0.060417 0.277778
-1 0.520833 0.569907 0.036458 0.163889
-1 0.433854 0.537037 0.027083 0.116667
-1 0.462500 0.531944 0.015625 0.087963
0 0.145313 0.554630 0.028125 0.148148
