0 0.783594 0.506019 0.054688 0.308333
0 0.630990 0.539352 0.094271 0.450926
0 0.548958 0.542130 0.094792 0.419444
0 0.987760 0.488426 0.044271 0.187963
0 0.923177 0.580556 0.050521 0.187037
0 0.838802 0.524074 0.053646 0.255556
-1 0.085417 0.590278 0.043750 0.204630
-1 0.891406 0.489815 0.029687 0.107407
0 0.702865 0.505093 0.095312 0.419444
-1 0.046615 0.578241 0.044271 0.234259
-1 0.476042 0.534722 0.059375 0.249074
-1 0.423958 0.588426 0.027083 0.113889
-1 0.447396 0.534259 0.014583 0.087037
0 0.145313 0.554630 0.028125 0.148148
