0 0.796875 0.506481 0.057292 0.287037
0 0.667969 0.538426 0.098437 0.437963
0 0.573698 0.532870 0.078646 0.402778
0 0.992969 0.484722 0.038021 0.189815
0 0.920312 0.582870 0.055208 0.191667
0 0.848437 0.534259 0.060417 0.233333
-1 0.085417 0.590278 0.043750 0.204630
-1 0.891146 0.489815 0.029167 0.107407
0 0.719792 0.508796 0.093750 0.402778
-1 0.047135 0.578241 0.044271 0.234259
-1 0.491146 0.537037 0.051042 0.246296
-1 0.419792 0.587500 0.029167 0.112037
-1 0.390625 0.534259 0.059375 0.272222
-1 0.521875 0.571296 0.036458 0.162963
-1 0.442188 0.537037 0.027083 0.116667
-1 0.458594 0.532407 0.014063 0.087037
0 0.145313 0.554630 0.028125 0.148148
