0 0.795052 0.505556 0.057812 0.294444
0 0.663021 0.538426 0.098958 0.439815
0 0.570573 0.534259 0.081771 0.405556
0 0.991927 0.485185 0.039063 0.188889
0 0.921615 0.582870 0.053646 0.191667
0 0.847656 0.531944 0.060937 0.237963
-1 0.085417 0.590278 0.043750 0.204630
-1 0.891406 0.489815 0.029687 0.107407
0 0.719531 0.511111 0.094271 0.405556
-1 0.047135 0.578241 0.044271 0.234259
-1 0.488802 0.536574 0.052604 0.247222
-1 0.419531 0.587500 0.029687 0.112037
-1 0.390104 0.535648 0.059375 0.273148
-1 0.445313 0.537037 0.027083 0.116667
0 0.145313 0.554630 0.028125 0.148148
