0 0.792448 0.504630 0.058854 0.309259
0 0.653125 0.538889 0.096875 0.442593
0 0.564583 0.537963 0.088542 0.409259
0 0.990885 0.486574 0.041146 0.187963
0 0.924219 0.582870 0.050521 0.191667
0 0.845052 0.528241 0.059896 0.245370
-1 0.085417 0.590278 0.043750 0.204630
-1 0.891406 0.489815 0.029687 0.107407
0 0.713802 0.508796 0.094271 0.410185
-1 0.047135 0.578241 0.044271 0.234259
-1 0.484635 0.535648 0.054688 0.247222
-1 0.419010 0.587500 0.029687 0.112037
-1 0.388542 0.537963 0.059375 0.272222
-1 0.447396 0.536111 0.027083 0.116667
0 0.145313 0.554630 0.028125 0.148148
