0 0.800000 0.505093 0.057292 0.291667
0 0.672917 0.537963 0.097917 0.435185
0 0.578385 0.532870 0.080729 0.400926
0 0.993750 0.484259 0.037500 0.188889
0 0.919010 0.582870 0.056771 0.191667
0 0.849479 0.536574 0.060417 0.228704
-1 0.085417 0.590278 0.043750 0.204630
-1 0.891146 0.489815 0.029167 0.107407
0 0.720313 0.506944 0.093750 0.400926
-1 0.047135 0.578241 0.044271 0.234259
-1 0.493229 0.537037 0.050000 0.246296
-1 0.420052 0.587500 0.028646 0.112037
-1 0.391146 0.532870 0.059375 0.273148
-1 0.521354 0.570370 0.036458 0.162963
-1 0.439583 0.537037 0.027083 0.116667
-1 0.460677 0.532407 0.014063 0.087037
0 0.145313 0.554630 0.028125 0.148148
