0 0.697917 0.512037 0.079167 0.372222
0 0.629948 0.535648 0.057812 0.299074
0 0.435156 0.527778 0.135937 0.477778
0 0.331250 0.572222 0.139583 0.583333
0 0.277344 0.562037 0.144271 0.535185
0 0.915104 0.493981 0.044792 0.206481
0 0.809375 0.572685 0.050000 0.160185
0 0.818490 0.519444 0.049479 0.255556
0 0.934635 0.481019 0.054688 0.213889
-1 0.891927 0.489815 0.028646 0.107407
0 0.523438 0.520370 0.111458 0.524074
-1 0.087760 0.578241 0.058854 0.332407
-1 0.056771 0.584259 0.050000 0.311111
0 0.145313 0.554630 0.028125 0.148148
