0 0.693750 0.512500 0.075000 0.373148
0 0.626823 0.535185 0.057812 0.300000
0 0.426823 0.527315 0.128646 0.482407
0 0.327083 0.575926 0.143750 0.587037
0 0.264323 0.561111 0.128646 0.538889
0 0.911979 0.494444 0.044792 0.207407
0 0.806250 0.572685 0.046875 0.160185
0 0.817708 0.519444 0.051042 0.255556
0 0.933073 0.481019 0.054688 0.213889
-1 0.891927 0.489815 0.028646 0.107407
0 0.513542 0.519444 0.101042 0.527778
-1 0.080729 0.578704 0.059375 0.335185
-1 0.050521 0.585648 0.050000 0.313889
0 0.145313 0.554630 0.028125 0.148148
