0 0.668490 0.514352 0.073438 0.380556
0 0.608594 0.540741 0.069271 0.305556
0 0.386719 0.525926 0.090104 0.507407
0 0.282031 0.575000 0.129688 0.612963
0 0.205208 0.559722 0.119792 0.558333
0 0.901302 0.494444 0.044271 0.209259
0 0.791406 0.572685 0.035937 0.156481
0 0.813021 0.519444 0.057292 0.251852
0 0.925521 0.480556 0.056250 0.216667
-1 0.085417 0.590278 0.043750 0.204630
0 0.481771 0.525463 0.112500 0.545370
-1 0.045573 0.579630 0.058854 0.350000
-1 0.020573 0.593056 0.050521 0.330556
0 0.145313 0.554630 0.028125 0.148148
