0 0.704948 0.511111 0.083854 0.368519
0 0.636458 0.536574 0.058333 0.297222
0 0.439062 0.525926 0.128125 0.475926
0 0.347135 0.566667 0.122396 0.570370
0 0.291667 0.559722 0.127083 0.528704
0 0.921354 0.493519 0.044792 0.205556
0 0.816146 0.573611 0.055208 0.162037
0 0.820313 0.519444 0.046875 0.257407
0 0.937760 0.480556 0.054688 0.212963
-1 0.891927 0.489815 0.028646 0.107407
0 0.541927 0.522222 0.129688 0.516667
-1 0.046615 0.579167 0.044271 0.234259
-1 0.100260 0.577315 0.058854 0.328704
-1 0.067187 0.583796 0.050000 0.306481
0 0.145313 0.554630 0.028125 0.148148
