0 0.702604 0.512037 0.083333 0.370370
0 0.633333 0.536111 0.058333 0.298148
0 0.436979 0.526389 0.132292 0.476852
0 0.335417 0.569444 0.135417 0.579630
0 0.284375 0.560648 0.135417 0.532407
0 0.918229 0.493981 0.044792 0.206481
0 0.812760 0.573148 0.052604 0.161111
0 0.819531 0.519907 0.048438 0.256481
0 0.936198 0.480556 0.054688 0.212963
-1 0.891927 0.489815 0.028646 0.107407
0 0.533333 0.521759 0.121875 0.521296
-1 0.046615 0.579167 0.044271 0.234259
-1 0.095052 0.578704 0.058854 0.329630
-1 0.063021 0.583333 0.050000 0.307407
0 0.145313 0.554630 0.028125 0.148148
