0 0.835938 0.502778 0.068750 0.283333
0 0.671875 0.511111 0.072917 0.370370
0 0.730729 0.535648 0.093750 0.410185
0 0.605729 0.528704 0.077083 0.385185
0 0.995573 0.481481 0.030729 0.181481
0 0.910156 0.581019 0.057812 0.191667
0 0.857552 0.557407 0.060937 0.187037
-1 0.085417 0.590278 0.043750 0.204630
-1 0.890625 0.489815 0.029167 0.107407
-1 0.047135 0.578241 0.044271 0.234259
-1 0.497656 0.531481 0.025521 0.111111
-1 0.522396 0.540741 0.045833 0.240741
-1 0.415365 0.537037 0.059896 0.264815
-1 0.472135 0.530093 0.022396 0.087963
0 0.145313 0.554630 0.028125 0.148148
