0 0.677865 0.513889 0.072396 0.377778
0 0.616146 0.537500 0.063542 0.302778
0 0.402865 0.526389 0.105729 0.497222
0 0.302604 0.576852 0.138542 0.601852
0 0.226042 0.560185 0.083333 0.550000
0 0.905469 0.493981 0.044271 0.208333
0 0.796354 0.572222 0.038542 0.157407
0 0.814844 0.519444 0.054688 0.253704
0 0.928646 0.481019 0.055208 0.215741
-1 0.085417 0.590278 0.043750 0.204630
0 0.492448 0.521759 0.101563 0.537963
-1 0.059635 0.579167 0.058854 0.343519
-1 0.032552 0.589815 0.050521 0.324074
0 0.145313 0.554630 0.028125 0.148148
