0 0.788281 0.505093 0.057812 0.313889
0 0.642708 0.538889 0.092708 0.446296
0 0.558594 0.541204 0.095312 0.413889
0 0.989323 0.487963 0.043229 0.187037
0 0.924740 0.581944 0.049479 0.189815
0 0.841927 0.525926 0.056771 0.250000
-1 0.085417 0.590278 0.043750 0.204630
-1 0.891406 0.489815 0.029687 0.107407
0 0.708333 0.506481 0.094792 0.414815
-1 0.046615 0.578241 0.044271 0.234259
-1 0.480208 0.535185 0.057292 0.248148
-1 0.420573 0.587963 0.028646 0.112963
-1 0.450000 0.536111 0.027083 0.116667
0 0.145313 0.554630 0.028125 0.148148
