0 0.772396 0.506481 0.061458 0.327778
0 0.726823 0.523611 0.051562 0.256481
0 0.603125 0.541667 0.117708 0.461111
0 0.516146 0.538889 0.082292 0.429630
0 0.983333 0.488889 0.042708 0.192593
0 0.915104 0.577778 0.050000 0.181481
0 0.830729 0.518981 0.045833 0.267593
-1 0.085417 0.590278 0.043750 0.204630
-1 0.891927 0.489815 0.029687 0.107407
0 0.678125 0.513426 0.086458 0.434259
-1 0.046615 0.578241 0.044271 0.234259
-1 0.461979 0.541667 0.062500 0.251852
-1 0.432812 0.588426 0.029167 0.115741
0 0.145313 0.554630 0.028125 0.148148
