0 0.822917 0.499074 0.058333 0.285185
0 0.661719 0.511111 0.070313 0.375926
0 0.717187 0.532870 0.093750 0.417593
0 0.601823 0.531019 0.084896 0.389815
0 0.997917 0.482870 0.034375 0.182407
0 0.911198 0.581019 0.058854 0.191667
0 0.856250 0.554630 0.058333 0.192593
-1 0.085417 0.590278 0.043750 0.204630
-1 0.891146 0.489815 0.029167 0.107407
-1 0.047135 0.578241 0.044271 0.234259
-1 0.514323 0.539815 0.046354 0.242593
-1 0.402604 0.533333 0.059375 0.274074
-1 0.468229 0.531944 0.020833 0.087963
0 0.145313 0.554630 0.028125 0.148148
