0 0.840104 0.503704 0.071875 0.283333
0 0.674219 0.510648 0.072396 0.369444
0 0.735677 0.535648 0.093229 0.408333
0 0.609115 0.528241 0.075521 0.382407
0 0.995573 0.482407 0.030729 0.181481
0 0.910156 0.581019 0.056771 0.191667
0 0.858073 0.558333 0.061979 0.185185
-1 0.085417 0.590278 0.043750 0.204630
-1 0.890625 0.489815 0.029167 0.107407
-1 0.047135 0.578241 0.044271 0.234259
-1 0.497656 0.531944 0.025521 0.112037
-1 0.525260 0.541204 0.045312 0.239815
-1 0.419792 0.538889 0.060417 0.261111
-1 0.474219 0.529167 0.022396 0.087963
0 0.145313 0.554630 0.028125 0.148148
