0 0.803125 0.504630 0.057292 0.296296
0 0.677865 0.537963 0.097396 0.433333
0 0.583073 0.532870 0.082812 0.399074
0 0.994792 0.484259 0.037500 0.188889
0 0.918229 0.582870 0.058333 0.191667
0 0.850260 0.538889 0.059896 0.224074
-1 0.085417 0.590278 0.043750 0.204630
-1 0.891146 0.489815 0.029167 0.107407
0 0.720833 0.505093 0.092708 0.399074
-1 0.047135 0.578241 0.044271 0.234259
-1 0.495312 0.537500 0.048958 0.245370
-1 0.420312 0.587500 0.029167 0.112037
-1 0.392188 0.531944 0.059375 0.273148
-1 0.520833 0.569907 0.036458 0.163889
-1 0.436458 0.537037 0.027083 0.116667
-1 0.461458 0.531944 0.014583 0.087963
0 0.145313 0.554630 0.028125 0.148148
