0 0.791146 0.504630 0.059375 0.316667
0 0.647917 0.538889 0.094792 0.444444
0 0.561719 0.539352 0.092188 0.412037
0 0.989844 0.487500 0.042188 0.187963
0 0.925521 0.582870 0.048958 0.191667
0 0.843229 0.527315 0.058333 0.247222
-1 0.085417 0.590278 0.043750 0.204630
-1 0.891406 0.489815 0.029687 0.107407
0 0.710938 0.507870 0.094792 0.412037
-1 0.047135 0.578241 0.044271 0.234259
-1 0.482292 0.535185 0.056250 0.248148
-1 0.419010 0.587963 0.029687 0.112963
-1 0.388021 0.539815 0.059375 0.272222
-1 0.448958 0.536111 0.027083 0.116667
0 0.145313 0.554630 0.028125 0.148148
