0 0.818750 0.498148 0.055208 0.285185
0 0.713021 0.531481 0.093750 0.420370
0 0.604427 0.532407 0.089063 0.390741
0 0.999479 0.484259 0.036458 0.183333
0 0.912240 0.581019 0.058854 0.191667
0 0.855990 0.553704 0.057812 0.194444
-1 0.085417 0.590278 0.043750 0.204630
-1 0.891146 0.489815 0.029167 0.107407
-1 0.047135 0.578241 0.044271 0.234259
-1 0.511458 0.539815 0.046875 0.242593
-1 0.401042 0.532407 0.059375 0.274074
-1 0.467187 0.531944 0.019792 0.087963
0 0.145313 0.554630 0.028125 0.148148
