0 0.793750 0.505556 0.058333 0.301852
0 0.658333 0.539352 0.098958 0.441667
0 0.567708 0.536111 0.085417 0.407407
0 0.991406 0.486111 0.040104 0.188889
0 0.922917 0.582870 0.052083 0.191667
0 0.846875 0.529630 0.061458 0.242593
-1 0.085417 0.590278 0.043750 0.204630
-1 0.891406 0.489815 0.029687 0.107407
0 0.716406 0.509722 0.094271 0.408333
-1 0.047135 0.578241 0.044271 0.234259
-1 0.486719 0.536574 0.053646 0.247222
-1 0.419271 0.587500 0.029167 0.112037
-1 0.389062 0.537037 0.059375 0.272222
-1 0.446354 0.536111 0.027083 0.116667
0 0.145313 0.554630 0.028125 0.148148
