0 0.707552 0.511111 0.083854 0.366667
0 0.639583 0.537037 0.058333 0.296296
0 0.441146 0.525463 0.123958 0.475000
0 0.358854 0.563889 0.109375 0.561111
0 0.298958 0.558796 0.117708 0.526852
0 0.924479 0.493519 0.044792 0.205556
0 0.819531 0.573148 0.053646 0.162963
0 0.821354 0.519444 0.045833 0.257407
0 0.939063 0.481019 0.054167 0.212037
-1 0.891927 0.489815 0.028646 0.107407
0 0.544792 0.524074 0.126042 0.514815
-1 0.046615 0.579167 0.044271 0.234259
-1 0.105729 0.575926 0.058333 0.327778
-1 0.071875 0.584259 0.050000 0.305556
0 0.145313 0.554630 0.028125 0.148148
