0 0.672396 0.514815 0.072917 0.379630
0 0.612500 0.539352 0.066667 0.304630
0 0.394792 0.526389 0.097917 0.502778
0 0.292448 0.575926 0.133854 0.607407
0 0.215365 0.559722 0.101563 0.554630
0 0.903385 0.493981 0.044271 0.208333
0 0.793490 0.572685 0.035937 0.156481
0 0.813802 0.519907 0.055729 0.252778
0 0.927344 0.481019 0.055729 0.215741
-1 0.085417 0.590278 0.043750 0.204630
0 0.486979 0.523611 0.107292 0.541667
-1 0.052604 0.579630 0.059375 0.346296
-1 0.026562 0.591667 0.050000 0.327778
0 0.145313 0.554630 0.028125 0.148148
