0 0.809896 0.502778 0.057292 0.305556
0 0.688802 0.536111 0.096354 0.429630
0 0.592708 0.533333 0.087500 0.396296
0 0.996875 0.484259 0.037500 0.188889
0 0.916146 0.581944 0.058333 0.191667
0 0.852083 0.543981 0.059375 0.213889
-1 0.085417 0.590278 0.043750 0.204630
-1 0.891146 0.489815 0.029167 0.107407
0 0.722135 0.501852 0.092188 0.394444
-1 0.047135 0.578241 0.044271 0.234259
-1 0.500521 0.538426 0.047917 0.245370
-1 0.420573 0.587500 0.028646 0.112037
-1 0.395052 0.530556 0.059896 0.277778
-1 0.520312 0.569444 0.036458 0.164815
-1 0.431250 0.537037 0.027083 0.116667
-1 0.463542 0.531944 0.016667 0.087963
0 0.145313 0.554630 0.028125 0.148148
