0 0.689583 0.512963 0.070833 0.374074
0 0.623698 0.534722 0.057812 0.300926
0 0.418750 0.526852 0.120833 0.487037
0 0.323177 0.579630 0.147396 0.590741
0 0.251563 0.561111 0.113542 0.542593
0 0.909635 0.493981 0.044271 0.208333
0 0.802865 0.572685 0.044271 0.158333
0 0.816667 0.519907 0.052083 0.254630
0 0.931771 0.480556 0.055208 0.214815
-1 0.891927 0.489815 0.028646 0.107407
0 0.503646 0.518981 0.090625 0.530556
-1 0.073698 0.579167 0.058854 0.337963
-1 0.044792 0.587500 0.050000 0.317593
0 0.145313 0.554630 0.028125 0.148148
