0 0.774479 0.506481 0.059375 0.322222
0 0.729688 0.523611 0.052083 0.254630
0 0.607812 0.541204 0.111458 0.460185
0 0.522917 0.537963 0.080208 0.427778
0 0.984115 0.488889 0.043229 0.192593
0 0.917708 0.577778 0.051042 0.181481
0 0.832031 0.519444 0.047396 0.264815
-1 0.085417 0.590278 0.043750 0.204630
-1 0.891406 0.489815 0.029687 0.107407
0 0.682813 0.511111 0.088542 0.431481
-1 0.046615 0.578241 0.044271 0.234259
-1 0.464583 0.539815 0.061458 0.251852
-1 0.430729 0.588426 0.028125 0.115741
0 0.145313 0.554630 0.028125 0.148148
