0 0.831510 0.501389 0.065104 0.284259
0 0.669531 0.512500 0.073438 0.371296
0 0.726042 0.536111 0.093750 0.412963
0 0.602344 0.528704 0.078646 0.387037
0 0.995833 0.481481 0.030208 0.181481
0 0.910156 0.581019 0.058854 0.191667
0 0.857031 0.556481 0.059896 0.188889
-1 0.085417 0.590278 0.043750 0.204630
-1 0.890885 0.489815 0.028646 0.107407
-1 0.047135 0.578241 0.044271 0.234259
-1 0.497135 0.531481 0.025521 0.111111
-1 0.519792 0.540278 0.045833 0.241667
-1 0.411198 0.535648 0.059896 0.267593
-1 0.470573 0.531944 0.022396 0.087963
0 0.145313 0.554630 0.028125 0.148148
