0 0.846615 0.500463 0.068229 0.276852
0 0.681771 0.507870 0.071875 0.365741
0 0.748177 0.533333 0.092188 0.401852
0 0.619010 0.527778 0.070313 0.375926
0 0.995312 0.484259 0.031250 0.183333
0 0.910417 0.581019 0.054167 0.191667
0 0.859115 0.561111 0.064062 0.179630
-1 0.085417 0.590278 0.043750 0.204630
-1 0.890625 0.489815 0.029167 0.107407
-1 0.047135 0.578241 0.044271 0.234259
-1 0.533594 0.541667 0.044271 0.238889
-1 0.429427 0.520833 0.060937 0.287963
-1 0.516146 0.564352 0.036458 0.169444
-1 0.487240 0.528241 0.026562 0.123148
0 0.145313 0.554630 0.028125 0.148148
