0 0.874479 0.498148 0.051042 0.266667
0 0.709375 0.510648 0.060417 0.339815
0 0.779427 0.524074 0.084896 0.375926
0 0.653125 0.525463 0.076042 0.350926
0 0.999740 0.486574 0.033854 0.175000
0 0.905729 0.581944 0.050000 0.191667
0 0.854167 0.543519 0.058333 0.222222
-1 0.085417 0.590278 0.043750 0.204630
-1 0.047135 0.578241 0.044271 0.234259
-1 0.427865 0.587037 0.024479 0.111111
-1 0.474219 0.530093 0.060937 0.256481
-1 0.510938 0.558333 0.036458 0.175926
-1 0.403125 0.552778 0.042708 0.229630
0 0.145313 0.554630 0.028125 0.148148
