0 0.607292 0.529167 0.083333 0.395370
0 0.124219 0.574537 0.203646 0.667593
0 0.903646 0.503704 0.052083 0.222222
0 0.845833 0.514352 0.066667 0.278704
0 0.786979 0.513889 0.063542 0.261111
0 0.955208 0.582870 0.054167 0.208333
0 0.966146 0.512963 0.078125 0.311111
0 0.864323 0.497222 0.063021 0.274074
-1 0.486198 0.535648 0.025521 0.112037
-1 0.419010 0.528241 0.027604 0.087963
-1 0.390885 0.591667 0.024479 0.111111
-1 0.440625 0.550000 0.041667 0.187037
-1 0.528385 0.541667 0.042188 0.209259
-1 0.466146 0.530556 0.016667 0.075926
