0 0.616927 0.522685 0.083854 0.362037
0 0.951562 0.487963 0.039583 0.227778
0 0.810417 0.519444 0.068750 0.301852
0 0.757031 0.517130 0.067187 0.275000
0 0.898438 0.584259 0.046875 0.190741
0 0.922396 0.512500 0.055208 0.297222
-1 0.085417 0.590278 0.043750 0.204630
0 0.835156 0.499074 0.065104 0.285185
-1 0.044792 0.577778 0.041667 0.233333
-1 0.397135 0.539815 0.057812 0.255556
-1 0.469010 0.548148 0.035937 0.187037
-1 0.524479 0.538426 0.044792 0.213889
-1 0.494271 0.541667 0.041667 0.209259
-1 0.448437 0.525926 0.016667 0.075926
0 0.145313 0.554630 0.028125 0.148148
