0 0.895052 0.493981 0.066146 0.260185
0 0.719792 0.508333 0.068750 0.331481
0 0.790625 0.524074 0.083333 0.366667
0 0.665104 0.524074 0.075000 0.342593
0 1.000521 0.485648 0.035417 0.173148
0 0.902083 0.582870 0.053125 0.191667
0 0.852083 0.536574 0.055208 0.237963
-1 0.085417 0.590278 0.043750 0.204630
-1 0.047135 0.578241 0.044271 0.234259
-1 0.492448 0.518056 0.060937 0.256481
-1 0.543229 0.526852 0.042708 0.242593
-1 0.419531 0.550926 0.061979 0.229630
-1 0.381771 0.557407 0.033333 0.231481
0 0.145313 0.554630 0.028125 0.148148
