0 0.633333 0.518056 0.072917 0.312037
0 0.916667 0.494444 0.046875 0.238889
0 0.789583 0.524074 0.077083 0.340741
0 0.698698 0.521759 0.071354 0.317593
0 1.003125 0.481019 0.033333 0.175000
0 0.898177 0.580556 0.047396 0.194444
0 0.864844 0.514352 0.057812 0.273148
-1 0.085417 0.590278 0.043750 0.204630
-1 0.046615 0.577778 0.043229 0.233333
-1 0.533073 0.519444 0.060937 0.255556
-1 0.490625 0.531019 0.048958 0.249074
-1 0.453385 0.540741 0.050521 0.237037
-1 0.419271 0.551389 0.042708 0.223148
0 0.145313 0.554630 0.028125 0.148148
