0 0.642708 0.519907 0.063542 0.299074
0 0.894010 0.494907 0.059896 0.258333
0 0.718229 0.506481 0.068750 0.329630
0 0.795312 0.524537 0.083333 0.363889
0 0.667708 0.524074 0.075000 0.340741
0 1.000781 0.485648 0.035937 0.173148
0 0.901042 0.582870 0.054167 0.191667
0 0.851823 0.535648 0.054688 0.241667
-1 0.085417 0.590278 0.043750 0.204630
-1 0.047135 0.578241 0.044271 0.234259
-1 0.496094 0.518056 0.060937 0.256481
-1 0.540625 0.527778 0.042708 0.246296
-1 0.420833 0.549074 0.059375 0.231481
-1 0.382813 0.556019 0.034375 0.230556
0 0.145313 0.554630 0.028125 0.148148
