0 0.641927 0.518519 0.068229 0.301852
0 0.892188 0.496296 0.048958 0.255556
0 0.715885 0.503241 0.068229 0.326852
0 0.794531 0.522222 0.085938 0.359259
0 0.672656 0.524074 0.074479 0.337037
0 1.000781 0.484722 0.035937 0.173148
0 0.899479 0.583333 0.056250 0.190741
0 0.852604 0.531019 0.053125 0.247222
-1 0.085417 0.590278 0.043750 0.204630
-1 0.047135 0.578241 0.044271 0.234259
-1 0.504427 0.518981 0.060937 0.256481
-1 0.534375 0.527778 0.042708 0.246296
-1 0.423698 0.544907 0.054688 0.234259
-1 0.384635 0.553241 0.036979 0.228704
0 0.145313 0.554630 0.028125 0.148148
