0 0.582292 0.531019 0.091667 0.428704
0 0.219271 0.555093 0.107292 0.593519
0 0.916927 0.502315 0.044271 0.210185
0 0.944792 0.506019 0.034375 0.182407
0 0.870312 0.511574 0.065625 0.265741
0 0.807031 0.511574 0.061979 0.252778
0 0.999479 0.585648 0.055208 0.212037
0 0.986458 0.507407 0.061458 0.324074
-1 0.085417 0.590278 0.043750 0.204630
-1 0.042969 0.577778 0.040104 0.233333
-1 0.479687 0.536574 0.027083 0.113889
-1 0.372656 0.594444 0.024479 0.111111
-1 0.415104 0.550463 0.042708 0.186111
-1 0.459375 0.537963 0.034375 0.155556
0 0.145313 0.554630 0.028125 0.148148
