0 0.634635 0.518056 0.073438 0.313889
0 0.918229 0.493519 0.046875 0.238889
0 0.790104 0.523611 0.077083 0.339815
0 0.701302 0.521759 0.071354 0.315741
0 1.004167 0.480093 0.034375 0.176852
0 0.898438 0.580556 0.045833 0.194444
0 0.867708 0.514815 0.061458 0.274074
-1 0.085417 0.590278 0.043750 0.204630
-1 0.046615 0.577778 0.043229 0.233333
-1 0.536198 0.519444 0.060937 0.255556
-1 0.486458 0.531481 0.052083 0.251852
-1 0.455990 0.540741 0.050521 0.237037
-1 0.422917 0.549537 0.042708 0.223148
0 0.145313 0.554630 0.028125 0.148148
