0 0.848958 0.495833 0.061458 0.271296
0 0.794010 0.517593 0.048438 0.229630
0 0.686719 0.506944 0.071354 0.363889
0 0.753906 0.530093 0.091146 0.397222
0 0.626563 0.526852 0.072917 0.374074
0 0.995052 0.485648 0.031771 0.184259
0 0.910417 0.581019 0.052083 0.191667
0 0.860156 0.562963 0.066146 0.175926
-1 0.085417 0.590278 0.043750 0.204630
-1 0.890625 0.489815 0.029167 0.107407
-1 0.047135 0.578241 0.044271 0.234259
-1 0.539063 0.542593 0.043750 0.237037
-1 0.434635 0.524537 0.060937 0.275000
-1 0.515625 0.563889 0.036458 0.170370
-1 0.483333 0.529167 0.027083 0.130556
0 0.145313 0.554630 0.028125 0.148148
