0 0.641146 0.518056 0.070833 0.304630
0 0.901302 0.495370 0.058854 0.253704
0 0.718490 0.503241 0.068229 0.323148
0 0.794271 0.520370 0.088542 0.355556
0 0.677604 0.524074 0.073958 0.333333
0 1.000781 0.484259 0.034896 0.172222
0 0.897396 0.583333 0.058333 0.190741
0 0.853646 0.526852 0.052083 0.253704
-1 0.085417 0.590278 0.043750 0.204630
-1 0.047656 0.578241 0.044271 0.234259
-1 0.512760 0.519907 0.060937 0.256481
-1 0.528646 0.527778 0.042708 0.246296
-1 0.426563 0.540741 0.050000 0.237037
-1 0.386719 0.550463 0.039063 0.226852
0 0.145313 0.554630 0.028125 0.148148
