0 0.856250 0.499074 0.052083 0.279630
0 0.804688 0.514815 0.042708 0.225926
0 0.696615 0.508333 0.060937 0.353704
0 0.766406 0.527778 0.088021 0.388889
0 0.641406 0.523611 0.069271 0.363889
0 0.996875 0.486574 0.032292 0.180556
0 0.909375 0.581019 0.048958 0.191667
0 0.857292 0.554167 0.062500 0.195370
-1 0.085417 0.590278 0.043750 0.204630
-1 0.047135 0.578241 0.044271 0.234259
-1 0.499219 0.533796 0.025521 0.112037
-1 0.450781 0.530093 0.060937 0.256481
-1 0.513542 0.561574 0.036458 0.173148
-1 0.386719 0.555093 0.038021 0.230556
0 0.145313 0.554630 0.028125 0.148148
