0 0.571354 0.534259 0.100000 0.444444
0 0.618490 0.512037 0.032813 0.179630
0 0.268490 0.556944 0.140104 0.575000
0 0.923438 0.504630 0.038542 0.205556
0 0.951042 0.505556 0.033333 0.177778
0 0.880990 0.510185 0.065104 0.262963
0 0.817448 0.511111 0.059896 0.250000
0 1.001562 0.506944 0.061458 0.332407
-1 0.085417 0.590278 0.043750 0.204630
-1 0.042448 0.577778 0.040104 0.233333
-1 0.436198 0.528704 0.026562 0.087037
-1 0.402604 0.551389 0.041667 0.186111
-1 0.468229 0.537037 0.034375 0.157407
0 0.145313 0.554630 0.028125 0.148148
