0 0.853646 0.491667 0.051042 0.268519
0 0.801042 0.515741 0.043750 0.227778
0 0.689063 0.510185 0.067708 0.357407
0 0.761719 0.528704 0.089063 0.392593
0 0.639323 0.525463 0.074479 0.367593
0 0.995833 0.486111 0.032292 0.181481
0 0.910677 0.581019 0.048438 0.191667
0 0.858333 0.557407 0.063542 0.188889
-1 0.085417 0.590278 0.043750 0.204630
-1 0.890365 0.489815 0.028646 0.107407
-1 0.047135 0.578241 0.044271 0.234259
-1 0.550000 0.543519 0.042708 0.235185
-1 0.445052 0.530093 0.060937 0.256481
-1 0.514062 0.562037 0.036458 0.172222
-1 0.384635 0.555093 0.038021 0.230556
-1 0.475000 0.529167 0.027083 0.130556
0 0.145313 0.554630 0.028125 0.148148
