0 0.632813 0.521296 0.073958 0.316667
0 0.923177 0.492593 0.046354 0.237037
0 0.792188 0.524074 0.076042 0.337037
0 0.708594 0.521296 0.070313 0.311111
0 0.898438 0.579630 0.042708 0.194444
0 0.876042 0.515278 0.070833 0.275000
-1 0.085417 0.590278 0.043750 0.204630
-1 0.046354 0.577778 0.043750 0.233333
-1 0.545573 0.519444 0.060937 0.255556
-1 0.474219 0.532870 0.057812 0.254630
-1 0.502865 0.548611 0.035937 0.186111
-1 0.434896 0.546759 0.042708 0.223148
0 0.145313 0.554630 0.028125 0.148148
