0 0.631510 0.518981 0.075521 0.321296
0 0.937500 0.491667 0.058333 0.233333
0 0.792708 0.520833 0.073958 0.326852
0 0.720833 0.520370 0.069792 0.301852
0 0.897656 0.580556 0.044271 0.192593
0 0.889323 0.514815 0.075521 0.277778
-1 0.085417 0.590278 0.043750 0.204630
-1 0.045833 0.577778 0.042708 0.233333
-1 0.417969 0.589815 0.024479 0.111111
-1 0.456250 0.532870 0.053125 0.254630
-1 0.498177 0.548148 0.035937 0.187037
-1 0.476823 0.538426 0.040104 0.236111
0 0.145313 0.554630 0.028125 0.148148
