0 0.889583 0.494907 0.068750 0.263889
0 0.713542 0.509722 0.063542 0.336111
0 0.780469 0.524074 0.083854 0.372222
0 0.657813 0.525000 0.076042 0.346296
0 1.000000 0.486111 0.034375 0.174074
0 0.904948 0.582870 0.050521 0.191667
0 0.853385 0.540741 0.056771 0.227778
-1 0.085417 0.590278 0.043750 0.204630
-1 0.047135 0.578241 0.044271 0.234259
-1 0.481510 0.524537 0.060937 0.256481
-1 0.510156 0.556944 0.035937 0.176852
-1 0.410677 0.552778 0.053646 0.229630
-1 0.448958 0.529167 0.027083 0.130556
0 0.145313 0.554630 0.028125 0.148148
