0 0.642448 0.519444 0.066146 0.300000
0 0.892969 0.495370 0.054688 0.257407
0 0.716927 0.504630 0.068229 0.327778
0 0.794792 0.523148 0.084375 0.361111
0 0.670052 0.524074 0.074479 0.338889
0 1.001042 0.485648 0.036458 0.173148
0 0.900260 0.583333 0.055729 0.190741
0 0.852083 0.533333 0.054167 0.244444
-1 0.085417 0.590278 0.043750 0.204630
-1 0.047135 0.578241 0.044271 0.234259
-1 0.500260 0.518056 0.060937 0.256481
-1 0.537500 0.527778 0.042708 0.246296
-1 0.422396 0.546759 0.057292 0.232407
-1 0.383854 0.554630 0.035417 0.229630
0 0.145313 0.554630 0.028125 0.148148
