0 0.605469 0.531481 0.083854 0.398148
0 0.129688 0.573611 0.208333 0.660185
0 0.905469 0.505093 0.051562 0.217593
0 0.850000 0.514352 0.066667 0.276852
0 0.789063 0.513889 0.063542 0.261111
0 0.960156 0.582870 0.052604 0.210185
0 0.968229 0.512500 0.076042 0.312037
-1 0.485677 0.535648 0.025521 0.112037
-1 0.420052 0.528241 0.027604 0.087963
-1 0.388802 0.592593 0.024479 0.111111
-1 0.438021 0.550000 0.041667 0.187037
-1 0.530990 0.542593 0.042188 0.209259
-1 0.467708 0.530556 0.016667 0.075926
