0 0.600781 0.532870 0.084896 0.404630
0 0.141146 0.573611 0.217708 0.645370
0 0.908333 0.504630 0.050000 0.212963
0 0.856771 0.514352 0.066667 0.273148
0 0.793229 0.513889 0.063542 0.259259
0 0.969792 0.583796 0.050000 0.212037
0 0.972135 0.511111 0.072396 0.314815
-1 0.484375 0.535648 0.026042 0.112037
-1 0.385156 0.592593 0.024479 0.111111
-1 0.432812 0.550000 0.041667 0.187037
-1 0.534375 0.539815 0.042708 0.209259
-1 0.470833 0.530556 0.016667 0.075926
-1 0.447656 0.539815 0.033854 0.151852
