0 0.866667 0.492593 0.051042 0.259259
0 0.703906 0.509722 0.057812 0.347222
0 0.777083 0.525000 0.086458 0.381481
0 0.646094 0.524074 0.070313 0.357407
0 0.998437 0.486574 0.033333 0.176852
0 0.907552 0.581944 0.049479 0.191667
0 0.855729 0.549074 0.060417 0.209259
-1 0.085417 0.590278 0.043750 0.204630
-1 0.047135 0.578241 0.044271 0.234259
-1 0.426563 0.587037 0.025000 0.111111
-1 0.462240 0.530093 0.060937 0.256481
-1 0.512240 0.559722 0.035937 0.175000
-1 0.393490 0.554167 0.038021 0.230556
0 0.145313 0.554630 0.028125 0.148148
