0 0.584375 0.530556 0.089583 0.424074
0 0.207292 0.555093 0.102083 0.593519
0 0.915885 0.501852 0.045312 0.211111
0 0.943750 0.506481 0.034375 0.183333
0 0.868229 0.512037 0.065625 0.266667
0 0.805208 0.512037 0.062500 0.253704
0 0.993229 0.584722 0.057292 0.212037
0 0.983854 0.508333 0.061458 0.322222
-1 0.085417 0.590278 0.043750 0.204630
-1 0.042969 0.577778 0.040104 0.233333
-1 0.480208 0.536574 0.027083 0.113889
-1 0.374219 0.594444 0.024479 0.111111
-1 0.417708 0.550463 0.042708 0.186111
-1 0.457552 0.537963 0.033854 0.155556
0 0.145313 0.554630 0.028125 0.148148
