0 0.565365 0.537037 0.104688 0.448148
0 0.622917 0.511111 0.032292 0.179630
0 0.290365 0.555556 0.144271 0.551852
0 0.926823 0.502778 0.038021 0.205556
0 0.955208 0.505093 0.032292 0.175000
0 0.888542 0.508796 0.064583 0.260185
0 0.823177 0.510648 0.058854 0.247222
0 1.009896 0.506944 0.061458 0.336111
-1 0.085417 0.590278 0.043750 0.204630
-1 0.042188 0.577778 0.039583 0.233333
-1 0.439583 0.528704 0.026042 0.087037
-1 0.395573 0.551389 0.036979 0.186111
-1 0.473698 0.536574 0.034896 0.158333
0 0.145313 0.554630 0.028125 0.148148
