0 0.868229 0.493519 0.051042 0.261111
0 0.705208 0.510185 0.058333 0.344444
0 0.777604 0.524537 0.086458 0.380556
0 0.647135 0.524537 0.073438 0.356481
0 0.998958 0.486574 0.033333 0.176852
0 0.907031 0.581944 0.049479 0.191667
0 0.855469 0.547685 0.059896 0.212037
-1 0.085417 0.590278 0.043750 0.204630
-1 0.047135 0.578241 0.044271 0.234259
-1 0.427083 0.587037 0.025000 0.111111
-1 0.465365 0.530093 0.060937 0.256481
-1 0.511979 0.559722 0.036458 0.175000
-1 0.395313 0.553241 0.037500 0.230556
0 0.145313 0.554630 0.028125 0.148148
