0 0.614844 0.521759 0.083854 0.365741
0 0.955729 0.488426 0.040625 0.226852
0 0.813802 0.518519 0.068229 0.298148
0 0.761979 0.516667 0.066667 0.272222
0 0.903646 0.583796 0.048958 0.193519
0 0.926042 0.512963 0.054167 0.300000
-1 0.085417 0.590278 0.043750 0.204630
0 0.839323 0.498611 0.064062 0.282407
-1 0.044531 0.577778 0.042188 0.233333
-1 0.390104 0.539815 0.058333 0.255556
-1 0.464844 0.548148 0.035937 0.187037
-1 0.528906 0.538426 0.042188 0.213889
-1 0.500000 0.540741 0.041667 0.209259
0 0.145313 0.554630 0.028125 0.148148
