0 0.586719 0.530093 0.088021 0.419444
0 0.196094 0.557870 0.121354 0.602778
0 0.914583 0.501389 0.046875 0.212037
0 0.942187 0.506944 0.034375 0.184259
0 0.866927 0.512500 0.066146 0.267593
0 0.803125 0.512500 0.062500 0.254630
0 0.986979 0.583796 0.059375 0.212037
0 0.981771 0.508333 0.063542 0.320370
-1 0.085417 0.590278 0.043750 0.204630
-1 0.042969 0.577778 0.040104 0.233333
-1 0.480990 0.536111 0.026562 0.112963
-1 0.376302 0.594444 0.024479 0.111111
-1 0.420052 0.550463 0.042188 0.186111
-1 0.455729 0.538426 0.034375 0.154630
