0 0.579948 0.531481 0.093229 0.433333
0 0.231250 0.555093 0.112500 0.593519
0 0.918229 0.502778 0.042708 0.209259
0 0.946354 0.505556 0.034375 0.181481
0 0.872396 0.511111 0.065625 0.264815
0 0.809375 0.511574 0.061458 0.252778
0 0.989583 0.507407 0.061458 0.325926
-1 0.085417 0.590278 0.043750 0.204630
-1 0.042448 0.577778 0.040104 0.233333
-1 0.478906 0.536574 0.027604 0.113889
-1 0.431510 0.528704 0.026562 0.087037
-1 0.412500 0.550463 0.042708 0.186111
-1 0.460938 0.537500 0.034375 0.156481
0 0.145313 0.554630 0.028125 0.148148
