0 0.613021 0.526389 0.084375 0.380556
0 0.027083 0.575463 0.139583 0.712037
0 0.892969 0.505556 0.052604 0.224074
0 0.829688 0.516667 0.067708 0.288889
0 0.775260 0.516204 0.065104 0.265741
0 0.927344 0.582407 0.058854 0.201852
0 0.946094 0.513426 0.067187 0.304630
0 0.851823 0.497685 0.064062 0.278704
-1 0.489323 0.534259 0.025521 0.112963
-1 0.397656 0.588889 0.024479 0.111111
-1 0.453125 0.549074 0.038542 0.187037
-1 0.514323 0.539815 0.042188 0.209259
-1 0.434375 0.543056 0.034375 0.143519
0 0.145313 0.554630 0.028125 0.148148
