0 0.861198 0.495833 0.051562 0.269444
0 0.701562 0.508333 0.057292 0.350000
0 0.771615 0.525926 0.086979 0.385185
0 0.644010 0.522222 0.064062 0.359259
0 0.997656 0.486574 0.032813 0.178704
0 0.908594 0.581019 0.049479 0.191667
0 0.856771 0.551852 0.061458 0.201852
-1 0.085417 0.590278 0.043750 0.204630
-1 0.047135 0.578241 0.044271 0.234259
-1 0.426302 0.587037 0.025521 0.111111
-1 0.456510 0.530093 0.060937 0.256481
-1 0.512760 0.560185 0.035937 0.174074
-1 0.389323 0.554167 0.038021 0.230556
0 0.145313 0.554630 0.028125 0.148148
