0 0.631510 0.523148 0.073438 0.316667
0 0.925000 0.492593 0.045833 0.237037
0 0.791406 0.522222 0.075521 0.335185
0 0.711198 0.521296 0.070313 0.309259
0 0.898177 0.579630 0.043229 0.194444
0 0.878906 0.515278 0.073438 0.275000
-1 0.085417 0.590278 0.043750 0.204630
-1 0.046094 0.577778 0.043229 0.233333
-1 0.419531 0.589815 0.024479 0.111111
-1 0.470573 0.532870 0.056771 0.254630
-1 0.502865 0.548611 0.035937 0.186111
-1 0.439062 0.545833 0.042708 0.223148
0 0.145313 0.554630 0.028125 0.148148
