0 0.870312 0.495370 0.051042 0.262963
0 0.706250 0.510648 0.058333 0.343519
0 0.778385 0.524074 0.085938 0.379630
0 0.648438 0.525926 0.076042 0.355556
0 0.999479 0.487037 0.033333 0.175926
0 0.906771 0.581944 0.050000 0.191667
0 0.854948 0.546296 0.058854 0.214815
-1 0.085417 0.590278 0.043750 0.204630
-1 0.047135 0.578241 0.044271 0.234259
-1 0.427083 0.587037 0.025000 0.111111
-1 0.467969 0.530093 0.060937 0.256481
-1 0.511458 0.558796 0.036458 0.175000
-1 0.397396 0.553241 0.037500 0.230556
0 0.145313 0.554630 0.028125 0.148148
