0 0.576042 0.532870 0.096875 0.441667
0 0.255208 0.555556 0.122917 0.592593
0 0.920833 0.503704 0.040625 0.207407
0 0.948698 0.505556 0.033854 0.179630
0 0.876563 0.510648 0.065625 0.263889
0 0.813542 0.511111 0.060417 0.251852
0 0.995833 0.507407 0.061458 0.329630
-1 0.085417 0.590278 0.043750 0.204630
-1 0.042448 0.577778 0.040104 0.233333
-1 0.477604 0.536574 0.028125 0.113889
-1 0.433594 0.528704 0.026562 0.087037
-1 0.407292 0.550463 0.042708 0.186111
-1 0.464583 0.537500 0.034375 0.156481
0 0.145313 0.554630 0.028125 0.148148
