0 0.567187 0.535648 0.103125 0.447222
0 0.621354 0.512037 0.032292 0.179630
0 0.282031 0.558333 0.156771 0.557407
0 0.925781 0.503704 0.038021 0.205556
0 0.953906 0.505556 0.032813 0.175926
0 0.885937 0.509259 0.064583 0.261111
0 0.821354 0.511111 0.059375 0.248148
0 1.007813 0.506944 0.061458 0.336111
-1 0.085417 0.590278 0.043750 0.204630
-1 0.042188 0.577778 0.039583 0.233333
-1 0.438281 0.528704 0.026562 0.087037
-1 0.397917 0.551389 0.038542 0.186111
-1 0.485937 0.528241 0.016667 0.075000
-1 0.471615 0.536574 0.034896 0.158333
0 0.145313 0.554630 0.028125 0.148148
