0 0.850260 0.493519 0.057812 0.268519
0 0.686198 0.507870 0.071354 0.362037
0 0.755729 0.529630 0.090625 0.396296
0 0.630469 0.526852 0.074479 0.372222
0 0.995052 0.486574 0.031771 0.184259
0 0.910417 0.581019 0.051042 0.191667
0 0.859375 0.561111 0.065625 0.179630
-1 0.085417 0.590278 0.043750 0.204630
-1 0.890625 0.489815 0.029167 0.107407
-1 0.047135 0.578241 0.044271 0.234259
-1 0.541667 0.542593 0.043750 0.237037
-1 0.437240 0.526389 0.060937 0.269444
-1 0.515104 0.563426 0.036458 0.171296
-1 0.481250 0.529167 0.027083 0.130556
0 0.145313 0.554630 0.028125 0.148148
