0 0.872396 0.496296 0.051042 0.264815
0 0.707552 0.511574 0.058854 0.341667
0 0.779167 0.524074 0.085417 0.377778
0 0.650521 0.525463 0.076042 0.352778
0 0.999479 0.486574 0.033333 0.175000
0 0.906250 0.581944 0.050000 0.191667
0 0.854427 0.544444 0.058854 0.218519
-1 0.085417 0.590278 0.043750 0.204630
-1 0.047135 0.578241 0.044271 0.234259
-1 0.427344 0.587037 0.024479 0.111111
-1 0.471094 0.530093 0.060937 0.256481
-1 0.511198 0.558333 0.035937 0.175926
-1 0.399479 0.553241 0.037500 0.230556
0 0.145313 0.554630 0.028125 0.148148
