0 0.633594 0.518056 0.072396 0.310185
0 0.912240 0.494444 0.047396 0.242593
0 0.730469 0.505556 0.067187 0.311111
0 0.793229 0.523148 0.078125 0.342593
0 0.693750 0.522222 0.071875 0.320370
0 1.001042 0.482407 0.032292 0.172222
0 0.897656 0.581481 0.050521 0.192593
0 0.859375 0.514352 0.052083 0.273148
-1 0.085417 0.590278 0.043750 0.204630
-1 0.046875 0.577778 0.043750 0.233333
-1 0.526302 0.519444 0.060937 0.255556
-1 0.499479 0.530556 0.042708 0.246296
-1 0.448698 0.542593 0.050521 0.237037
-1 0.409375 0.549537 0.042708 0.223148
0 0.145313 0.554630 0.028125 0.148148
