0 0.573698 0.533333 0.098437 0.442593
0 0.617448 0.512500 0.032813 0.180556
0 0.261719 0.556019 0.131771 0.584259
0 0.921875 0.504167 0.039583 0.206481
0 0.949740 0.505093 0.033854 0.178704
0 0.878646 0.511111 0.065625 0.262963
0 0.815365 0.510648 0.059896 0.250926
0 0.998437 0.506944 0.061458 0.330556
-1 0.085417 0.590278 0.043750 0.204630
-1 0.042448 0.577778 0.040104 0.233333
-1 0.435156 0.528704 0.026562 0.087037
-1 0.405208 0.551389 0.042708 0.186111
-1 0.466406 0.537037 0.034896 0.157407
0 0.145313 0.554630 0.028125 0.148148
