0 0.632292 0.518519 0.072917 0.311111
0 0.914323 0.494444 0.047396 0.240741
0 0.733073 0.505093 0.067187 0.310185
0 0.791406 0.523611 0.077604 0.341667
0 0.696354 0.522222 0.071875 0.318519
0 1.002083 0.481481 0.033333 0.174074
0 0.897917 0.581019 0.048958 0.193519
0 0.861979 0.514352 0.055208 0.273148
-1 0.085417 0.590278 0.043750 0.204630
-1 0.046875 0.577778 0.043750 0.233333
-1 0.529948 0.519444 0.060937 0.255556
-1 0.494792 0.530556 0.045833 0.248148
-1 0.450781 0.541667 0.050521 0.237037
-1 0.414063 0.550463 0.042708 0.223148
0 0.145313 0.554630 0.028125 0.148148
