0 0.613542 0.526389 0.085417 0.375000
0 0.004948 0.581481 0.178646 0.727778
0 0.889844 0.506481 0.052604 0.224074
0 0.965885 0.489352 0.043229 0.223148
0 0.823437 0.517130 0.067708 0.291667
0 0.771094 0.516204 0.066146 0.267593
0 0.919531 0.582870 0.055729 0.199074
0 0.938542 0.512963 0.061458 0.303704
0 0.847656 0.498148 0.064062 0.279630
-1 0.490365 0.533796 0.025521 0.112037
-1 0.382292 0.539815 0.043750 0.255556
-1 0.457031 0.548148 0.038021 0.187037
-1 0.533073 0.538426 0.032813 0.213889
-1 0.510156 0.539815 0.042188 0.209259
-1 0.430208 0.544907 0.034375 0.143519
0 0.145313 0.554630 0.028125 0.148148
