0 0.615365 0.520833 0.083854 0.363889
0 0.953125 0.487963 0.039583 0.227778
0 0.811979 0.518519 0.068750 0.300000
0 0.759635 0.517130 0.067187 0.273148
0 0.900000 0.584722 0.046875 0.191667
0 0.924219 0.512963 0.054688 0.298148
-1 0.085417 0.590278 0.043750 0.204630
0 0.837240 0.498611 0.065104 0.284259
-1 0.044792 0.577778 0.041667 0.233333
-1 0.393750 0.539815 0.058333 0.255556
-1 0.466927 0.548148 0.035937 0.187037
-1 0.528125 0.539352 0.044792 0.213889
-1 0.497917 0.541667 0.041667 0.209259
-1 0.449479 0.525926 0.016667 0.075926
0 0.145313 0.554630 0.028125 0.148148
