0 0.613021 0.525000 0.083333 0.383333
0 0.039844 0.573148 0.119271 0.703704
0 0.894792 0.505093 0.052083 0.225000
0 0.832031 0.515741 0.067187 0.287037
0 0.777344 0.515741 0.065104 0.264815
0 0.931510 0.582407 0.060937 0.203704
0 0.949740 0.513426 0.069271 0.306481
0 0.853906 0.497685 0.064062 0.278704
-1 0.488802 0.534722 0.025521 0.112037
-1 0.396615 0.589815 0.024479 0.111111
-1 0.451042 0.549074 0.039583 0.187037
-1 0.516406 0.540741 0.042188 0.209259
-1 0.435417 0.542593 0.034375 0.144444
0 0.145313 0.554630 0.028125 0.148148
