0 0.569531 0.534722 0.101563 0.445370
0 0.619792 0.512037 0.032292 0.179630
0 0.275260 0.557407 0.148438 0.566667
0 0.924479 0.503704 0.038542 0.205556
0 0.952344 0.505093 0.032813 0.176852
0 0.883594 0.509722 0.065104 0.262037
0 0.819271 0.510648 0.059375 0.249074
0 1.004688 0.506944 0.061458 0.334259
-1 0.085417 0.590278 0.043750 0.204630
-1 0.042188 0.577778 0.039583 0.233333
-1 0.437240 0.528704 0.026562 0.087037
-1 0.400260 0.551389 0.040104 0.186111
-1 0.470052 0.536574 0.034896 0.158333
0 0.145313 0.554630 0.028125 0.148148
