0 0.621615 0.525926 0.082812 0.353704
0 0.877604 0.506481 0.053125 0.242593
0 0.947396 0.488889 0.040625 0.229630
0 0.806771 0.520370 0.069792 0.307407
0 0.750000 0.518056 0.067708 0.280556
0 0.895052 0.583333 0.047396 0.187037
0 0.916927 0.512500 0.056771 0.293519
-1 0.085417 0.590278 0.043750 0.204630
0 0.828906 0.499074 0.065104 0.287037
-1 0.045052 0.577778 0.042188 0.233333
-1 0.409635 0.538889 0.060937 0.255556
-1 0.513542 0.538426 0.044792 0.213889
-1 0.484896 0.543519 0.041667 0.209259
-1 0.444271 0.525463 0.016667 0.076852
0 0.145313 0.554630 0.028125 0.148148
