0 0.640104 0.518519 0.071875 0.307407
0 0.907813 0.494907 0.057292 0.249074
0 0.722656 0.504630 0.067187 0.316667
0 0.794531 0.520370 0.084896 0.350000
0 0.684115 0.522222 0.073438 0.327778
0 1.000521 0.483796 0.033333 0.171296
0 0.896875 0.582407 0.056250 0.190741
0 0.854948 0.520370 0.050521 0.262963
-1 0.085417 0.590278 0.043750 0.204630
-1 0.047135 0.577778 0.044271 0.233333
-1 0.518229 0.528704 0.042708 0.246296
-1 0.435937 0.540741 0.050000 0.237037
-1 0.389583 0.546759 0.042708 0.223148
0 0.145313 0.554630 0.028125 0.148148
