0 0.846615 0.503704 0.040104 0.177778
0 0.342969 0.538426 0.094271 0.471296
0 0.180990 0.560185 0.204687 0.670370
0 0.798958 0.510648 0.054167 0.280556
0 0.687240 0.507870 0.043229 0.176852
0 0.968229 0.488426 0.041667 0.193519
0 0.992708 0.494907 0.034375 0.180556
0 0.765625 0.507407 0.046875 0.225926
-1 0.085417 0.590278 0.043750 0.204630
-1 0.887500 0.489815 0.029167 0.107407
-1 0.041406 0.580093 0.044271 0.234259
-1 0.496354 0.541204 0.031250 0.113889
-1 0.445833 0.547222 0.035417 0.124074
-1 0.471615 0.534259 0.013021 0.064815
-1 0.533333 0.522685 0.018750 0.093519
-1 0.421875 0.541667 0.016667 0.092593
