0 0.804948 0.509259 0.054688 0.177778
0 0.241667 0.546296 0.127083 0.537037
0 0.733333 0.508333 0.067708 0.305556
0 0.620573 0.514352 0.041146 0.171296
0 0.948698 0.488426 0.042188 0.199074
0 0.976823 0.497685 0.039063 0.191667
0 0.854948 0.502778 0.054688 0.248148
0 0.897656 0.497222 0.063021 0.253704
-1 0.085417 0.590278 0.043750 0.204630
-1 0.040885 0.579167 0.044271 0.234259
-1 0.530469 0.532407 0.064062 0.251852
-1 0.452865 0.541204 0.026562 0.121296
-1 0.492188 0.530556 0.012500 0.064815
0 0.145313 0.554630 0.028125 0.148148
