0 0.327604 0.540278 0.094792 0.482407
0 0.132813 0.553241 0.153125 0.693519
0 0.789844 0.511574 0.055729 0.286111
0 0.675781 0.510185 0.041146 0.175926
0 0.965625 0.489352 0.041667 0.193519
0 0.995312 0.493056 0.036458 0.189815
0 0.823698 0.505093 0.053646 0.236111
-1 0.887500 0.489815 0.029167 0.107407
-1 0.041406 0.580093 0.044271 0.234259
-1 0.489583 0.543056 0.031250 0.113889
-1 0.439323 0.547222 0.035937 0.124074
-1 0.475000 0.533796 0.012500 0.063889
-1 0.538802 0.521759 0.018229 0.089815
-1 0.414583 0.543519 0.016667 0.092593
