0 0.319531 0.562037 0.148438 0.694444
0 0.720313 0.508333 0.032292 0.179630
0 -0.018750 0.569444 0.109375 0.624074
0 0.584896 0.521759 0.075000 0.365741
0 0.901823 0.494444 0.050521 0.220370
0 0.969792 0.498611 0.056250 0.219444
0 0.921615 0.498611 0.047396 0.215741
0 0.639062 0.514815 0.033333 0.159259
-1 0.085417 0.590278 0.043750 0.204630
-1 0.040365 0.577778 0.042188 0.233333
-1 0.431250 0.532870 0.031250 0.115741
-1 0.494010 0.530093 0.023438 0.082407
-1 0.535677 0.531481 0.029687 0.157407
0 0.145313 0.554630 0.028125 0.148148
