0 0.297656 0.562500 0.151562 0.713889
0 0.726563 0.508333 0.032292 0.179630
0 0.019531 0.565278 0.145313 0.623148
0 0.593750 0.525000 0.082292 0.357407
0 0.906510 0.493981 0.049479 0.217593
0 0.970052 0.501389 0.058854 0.219444
0 0.927604 0.498148 0.046875 0.214815
0 0.992188 0.492130 0.047917 0.267593
0 0.645833 0.514352 0.033333 0.160185
-1 0.085417 0.590278 0.043750 0.204630
-1 0.885677 0.489815 0.025521 0.107407
-1 0.497135 0.529630 0.023438 0.083333
-1 0.413802 0.531944 0.080729 0.295370
-1 0.525781 0.529167 0.013021 0.058333
0 0.145313 0.554630 0.028125 0.148148
