0 0.842708 0.506944 0.039583 0.178704
0 0.332031 0.541204 0.095312 0.480556
0 0.147917 0.554630 0.172917 0.687037
0 0.792188 0.511574 0.055208 0.284259
0 0.679427 0.508333 0.039063 0.175926
0 0.967708 0.489352 0.041667 0.193519
0 0.992708 0.494907 0.036458 0.186111
0 0.820313 0.505556 0.053125 0.235185
-1 0.887500 0.489815 0.029167 0.107407
-1 0.041406 0.580093 0.044271 0.234259
-1 0.491406 0.542593 0.031771 0.114815
-1 0.440885 0.547222 0.035937 0.124074
-1 0.474479 0.533796 0.012500 0.063889
-1 0.537500 0.522222 0.018750 0.090741
-1 0.416406 0.543056 0.017188 0.091667
