0 0.290365 0.562037 0.152604 0.720370
0 0.729948 0.507870 0.038021 0.178704
0 0.032552 0.564352 0.156771 0.623148
0 0.598698 0.522685 0.078646 0.356481
0 0.908333 0.494444 0.048958 0.216667
0 0.970313 0.502778 0.059375 0.220370
0 0.929688 0.497685 0.046875 0.213889
0 0.989062 0.493056 0.047917 0.267593
0 0.647917 0.514352 0.033333 0.160185
-1 0.885677 0.489815 0.025521 0.107407
-1 0.498177 0.529167 0.023438 0.082407
-1 0.417448 0.531481 0.077604 0.292593
-1 0.525000 0.527778 0.013542 0.057407
0 0.145313 0.554630 0.028125 0.148148
