0 0.305208 0.562963 0.150000 0.707407
0 0.724479 0.508333 0.032292 0.179630
0 0.006771 0.566667 0.133333 0.624074
0 0.590625 0.523611 0.080208 0.360185
0 0.905208 0.494444 0.050000 0.218519
0 0.970052 0.500463 0.057812 0.219444
0 0.925521 0.498148 0.046875 0.214815
0 0.995573 0.491204 0.048438 0.267593
0 0.643750 0.514815 0.033333 0.159259
-1 0.085417 0.590278 0.043750 0.204630
-1 0.496094 0.529630 0.023438 0.083333
-1 0.410156 0.532407 0.083854 0.298148
-1 0.526302 0.530093 0.013021 0.058333
0 0.145313 0.554630 0.028125 0.148148
