0 0.809375 0.506944 0.047917 0.176852
0 0.267448 0.546296 0.141146 0.524074
0 0.747135 0.507870 0.068229 0.300926
0 0.631771 0.512500 0.045833 0.171296
0 0.951562 0.491204 0.040625 0.197222
0 0.979687 0.493519 0.039583 0.187037
0 0.842187 0.503241 0.069792 0.241667
0 0.879948 0.500463 0.056771 0.249074
-1 0.085417 0.590278 0.043750 0.204630
-1 0.040885 0.579167 0.044271 0.234259
-1 0.544792 0.533333 0.066667 0.251852
-1 0.460677 0.542593 0.027604 0.118519
-1 0.488542 0.531944 0.012500 0.063889
0 0.145313 0.554630 0.028125 0.148148
