0 0.865885 0.504167 0.035937 0.178704
0 0.393750 0.529167 0.101042 0.458333
0 0.307552 0.550926 0.160938 0.607407
0 0.824740 0.505093 0.051562 0.269444
0 0.973958 0.488426 0.041667 0.189815
0 0.727604 0.511111 0.043750 0.211111
0 0.762500 0.510185 0.055208 0.222222
-1 0.085417 0.590278 0.043750 0.204630
-1 0.887500 0.489815 0.029167 0.107407
-1 0.041927 0.581019 0.044271 0.234259
-1 0.516406 0.537037 0.031771 0.112963
-1 0.464323 0.546296 0.033854 0.122222
-1 0.532552 0.526389 0.016146 0.087963
0 0.145313 0.554630 0.028125 0.148148
