0 0.872917 0.500926 0.034375 0.179630
0 0.404948 0.530556 0.079687 0.448148
0 0.359115 0.537037 0.114063 0.579630
0 0.837760 0.502315 0.049479 0.263889
0 0.976042 0.487500 0.038542 0.182407
0 0.712240 0.512963 0.052604 0.211111
0 0.744271 0.508333 0.046875 0.216667
0 1.001823 0.491667 0.060937 0.285185
-1 0.085417 0.590278 0.043750 0.204630
-1 0.887500 0.489815 0.029167 0.107407
-1 0.041927 0.581019 0.044271 0.234259
-1 0.526563 0.534722 0.031250 0.112037
-1 0.473177 0.544907 0.032813 0.121296
-1 0.514062 0.526389 0.018750 0.097222
-1 0.450521 0.531481 0.015625 0.074074
0 0.145313 0.554630 0.028125 0.148148
