0 0.856771 0.505093 0.038542 0.178704
0 0.352865 0.533796 0.092188 0.462037
0 0.204948 0.556019 0.180729 0.654630
0 0.805729 0.509259 0.053125 0.277778
0 0.695052 0.508333 0.047396 0.177778
0 0.967448 0.487500 0.040104 0.193519
0 0.995833 0.492593 0.034375 0.181481
0 0.756771 0.509722 0.048958 0.223148
-1 0.085417 0.590278 0.043750 0.204630
-1 0.887500 0.489815 0.029167 0.107407
-1 0.041406 0.580093 0.044271 0.234259
-1 0.501302 0.540278 0.031771 0.113889
-1 0.450781 0.547222 0.034896 0.124074
-1 0.468490 0.534259 0.013021 0.064815
-1 0.529167 0.523611 0.018750 0.097222
-1 0.426563 0.539815 0.016667 0.090741
