0 0.858854 0.503704 0.037500 0.179630
0 0.370052 0.531481 0.092188 0.457407
0 0.268229 0.541667 0.110417 0.629630
0 0.816667 0.506944 0.052083 0.273148
0 0.706771 0.512500 0.043750 0.178704
0 0.971354 0.489352 0.039583 0.189815
0 0.741406 0.512037 0.048438 0.216667
0 0.783073 0.507407 0.049479 0.225926
-1 0.085417 0.590278 0.043750 0.204630
-1 0.887500 0.489815 0.029167 0.107407
-1 0.041406 0.580093 0.044271 0.234259
-1 0.509635 0.538889 0.031771 0.112963
-1 0.458333 0.546759 0.034375 0.123148
-1 0.523958 0.524537 0.018750 0.097222
-1 0.537240 0.525463 0.016146 0.087963
-1 0.434115 0.535185 0.016146 0.083333
0 0.145313 0.554630 0.028125 0.148148
