0 0.870052 0.501389 0.034896 0.178704
0 0.397917 0.531481 0.081250 0.451852
0 0.328125 0.547222 0.131250 0.590741
0 0.833333 0.503241 0.050000 0.265741
0 0.975260 0.487037 0.039063 0.185185
0 0.716667 0.511574 0.046875 0.210185
0 0.747656 0.506019 0.047396 0.217593
0 1.008333 0.491667 0.056250 0.283333
-1 0.085417 0.590278 0.043750 0.204630
-1 0.887500 0.489815 0.029167 0.107407
-1 0.041927 0.581019 0.044271 0.234259
-1 0.522917 0.535648 0.031250 0.112037
-1 0.470052 0.545370 0.032813 0.122222
-1 0.446875 0.530556 0.015625 0.074074
0 0.145313 0.554630 0.028125 0.148148
