0 0.864583 0.506019 0.036458 0.178704
0 0.380469 0.531019 0.095312 0.458333
0 0.288021 0.546296 0.135417 0.618519
0 0.820833 0.506019 0.052083 0.271296
0 0.713542 0.510185 0.039583 0.179630
0 0.972396 0.491204 0.042708 0.189815
0 0.734635 0.511574 0.046354 0.213889
0 0.776563 0.507870 0.048958 0.225000
-1 0.085417 0.590278 0.043750 0.204630
-1 0.887500 0.489815 0.029167 0.107407
-1 0.041927 0.581019 0.044271 0.234259
-1 0.513021 0.537963 0.031250 0.112963
-1 0.461198 0.546759 0.033854 0.123148
-1 0.534635 0.525463 0.016146 0.087963
-1 0.437240 0.533333 0.016146 0.079630
0 0.145313 0.554630 0.028125 0.148148
