0 0.858594 0.504630 0.038021 0.179630
0 0.359375 0.530556 0.090625 0.455556
0 0.231510 0.547685 0.139063 0.645370
0 0.810156 0.508333 0.052604 0.275926
0 0.698177 0.512037 0.047396 0.177778
0 0.969271 0.487500 0.037500 0.189815
0 0.997656 0.491204 0.033854 0.180556
0 0.751042 0.511111 0.050000 0.220370
-1 0.085417 0.590278 0.043750 0.204630
-1 0.887500 0.489815 0.029167 0.107407
-1 0.041406 0.580093 0.044271 0.234259
-1 0.504687 0.539815 0.031250 0.112963
-1 0.453906 0.547222 0.034896 0.124074
-1 0.527083 0.523611 0.018750 0.097222
-1 0.429688 0.537963 0.016667 0.087037
0 0.145313 0.554630 0.028125 0.148148
