0 0.860156 0.506019 0.038021 0.178704
0 0.355990 0.531944 0.091146 0.458333
0 0.218490 0.551852 0.159896 0.650000
0 0.807812 0.508796 0.053125 0.276852
0 0.696615 0.510185 0.047396 0.177778
0 0.968490 0.487500 0.039063 0.191667
0 0.996615 0.491667 0.033854 0.181481
0 0.753906 0.510648 0.049479 0.221296
-1 0.085417 0.590278 0.043750 0.204630
-1 0.887500 0.489815 0.029167 0.107407
-1 0.041406 0.580093 0.044271 0.234259
-1 0.503125 0.540278 0.031250 0.113889
-1 0.452344 0.547222 0.034896 0.124074
-1 0.467448 0.534259 0.013021 0.064815
-1 0.528125 0.523611 0.018750 0.097222
-1 0.428125 0.538889 0.016667 0.088889
