0 0.861719 0.504630 0.036979 0.179630
0 0.373958 0.531944 0.092708 0.458333
0 0.278125 0.544444 0.122917 0.624074
0 0.818750 0.506481 0.052083 0.272222
0 0.710156 0.511111 0.041146 0.179630
0 0.971615 0.490278 0.041146 0.189815
0 0.737760 0.511574 0.047396 0.215741
0 0.779948 0.507870 0.049479 0.225000
-1 0.085417 0.590278 0.043750 0.204630
-1 0.887500 0.489815 0.029167 0.107407
-1 0.041406 0.580093 0.044271 0.234259
-1 0.511458 0.537963 0.031250 0.112963
-1 0.459896 0.546759 0.034375 0.123148
-1 0.522917 0.524537 0.018750 0.097222
-1 0.535677 0.525463 0.016146 0.087963
-1 0.435677 0.534259 0.016146 0.081481
0 0.145313 0.554630 0.028125 0.148148
