0 0.432552 0.545833 0.115104 0.621296
0 0.080208 0.664352 0.241667 1.163889
0 0.346875 0.461574 0.031250 0.145370
0 0.789063 0.421296 0.023958 0.125926
0 0.573177 0.503241 0.094271 0.423148
0 0.929427 0.425463 0.018229 0.091667
0 0.918229 0.429167 0.017708 0.087963
0 0.236198 0.496296 0.050521 0.300000
0 0.499219 0.466204 0.049479 0.302778
0 0.652604 0.437037 0.022917 0.109259
0 0.664063 0.441204 0.017708 0.102778
-1 0.982812 0.882407 0.051042 0.216667
-1 0.921094 0.907870 0.050521 0.225000
-1 0.836719 0.908796 0.029687 0.143519
0 0.711458 0.737037 0.013542 0.048148
0 0.368490 0.448611 0.019271 0.099074
