0 0.506250 0.428704 0.096875 0.587037
0 0.004167 0.517593 0.203125 1.109259
0 0.208333 0.406944 0.066667 0.325000
0 0.289323 0.403704 0.055729 0.322222
0 0.363281 0.369907 0.021354 0.117593
0 0.386198 0.357870 0.026562 0.121296
-1 0.892708 0.595833 0.033333 0.212037
-1 0.950781 0.595370 0.086979 0.207407
0 0.722917 0.362963 0.023958 0.125926
0 0.552865 0.413889 0.059896 0.390741
0 0.969271 0.370833 0.020833 0.104630
0 0.938021 0.373148 0.019792 0.098148
0 0.863542 0.355556 0.013542 0.075926
0 0.851302 0.365278 0.018229 0.084259
0 0.416146 0.361574 0.022917 0.110185
0 0.685156 0.367593 0.020313 0.101852
0 0.445313 0.366667 0.026042 0.111111
