0 0.490365 0.621759 0.122396 0.626852
0 0.075781 0.699074 0.139063 0.707407
0 0.287760 0.647222 0.122396 0.664815
0 0.406250 0.520833 0.027083 0.132407
0 0.821875 0.482407 0.023958 0.125926
0 0.620833 0.574537 0.097917 0.417593
0 0.969792 0.481944 0.018750 0.099074
0 0.956510 0.482870 0.020313 0.087963
0 0.553906 0.532407 0.048438 0.294444
0 0.711979 0.494907 0.021875 0.106481
-1 0.981510 0.931481 0.051562 0.205556
-1 0.929427 0.947685 0.035937 0.195370
-1 0.841927 0.953241 0.029687 0.143519
0 0.761979 0.797685 0.013542 0.047222
