0 0.494271 0.584259 0.112500 0.618519
0 0.026042 0.695833 0.131250 0.802778
0 0.259115 0.659259 0.138021 0.781481
0 0.403646 0.507407 0.028125 0.135185
0 0.437760 0.493981 0.028646 0.152778
0 0.827604 0.470370 0.023958 0.125926
0 0.620052 0.550000 0.091146 0.418519
0 0.975521 0.473148 0.018750 0.098148
0 0.957812 0.475463 0.019792 0.087963
0 0.548698 0.516204 0.048438 0.297222
0 0.705729 0.482407 0.021875 0.107407
-1 0.995052 0.921759 0.051562 0.208333
-1 0.934896 0.943981 0.044792 0.215741
-1 0.855469 0.940278 0.029687 0.143519
0 0.759635 0.787963 0.013021 0.048148
