0 0.491927 0.609259 0.119271 0.624074
0 0.061719 0.698148 0.136979 0.735185
0 0.286458 0.650000 0.127083 0.700000
0 0.406771 0.516204 0.027083 0.132407
0 0.436719 0.504630 0.027604 0.151852
0 0.823958 0.478704 0.023958 0.125926
0 0.624479 0.567130 0.097917 0.419444
0 0.972396 0.477315 0.018750 0.099074
0 0.958594 0.480093 0.020313 0.087963
0 0.553906 0.528241 0.048438 0.295370
-1 0.986198 0.928704 0.051562 0.205556
-1 0.933073 0.945370 0.038021 0.200000
-1 0.846094 0.950463 0.029687 0.143519
0 0.762500 0.793519 0.013542 0.048148
