0 0.511458 0.475463 0.116667 0.619444
0 0.236719 0.462963 0.075521 0.372222
0 0.318750 0.459722 0.069792 0.376852
0 0.402604 0.402315 0.020833 0.125000
0 0.426563 0.394444 0.026042 0.133333
0 0.776563 0.381481 0.023958 0.125926
0 0.592448 0.450463 0.076563 0.395370
0 0.925781 0.375926 0.016146 0.088889
0 0.912500 0.379167 0.016667 0.084259
0 0.451823 0.393519 0.016146 0.103704
0 0.720313 0.388889 0.020833 0.103704
-1 0.883073 0.765278 0.028646 0.141667
-1 0.838281 0.796759 0.036979 0.171296
0 0.729948 0.687963 0.014063 0.048148
