0 0.538542 0.556481 0.114583 0.635185
0 0.231771 0.542130 0.080208 0.428704
0 0.341146 0.537963 0.071875 0.429630
0 0.432812 0.466204 0.020833 0.125000
0 0.458073 0.458796 0.028646 0.137963
0 0.821875 0.445370 0.023958 0.125926
0 0.627083 0.507870 0.084375 0.402778
0 0.973177 0.446296 0.015104 0.096296
0 0.959375 0.451852 0.021875 0.087037
0 0.482031 0.454630 0.021354 0.103704
0 0.746094 0.450463 0.021354 0.104630
-1 0.944010 0.861574 0.045312 0.171296
-1 0.892708 0.887500 0.036458 0.186111
0 0.768750 0.757870 0.013542 0.047222
