0 0.516927 0.629167 0.105729 0.628704
0 0.162240 0.642593 0.114063 0.514815
0 0.302344 0.616204 0.084896 0.500926
0 0.409115 0.528241 0.027604 0.128704
0 0.436719 0.519907 0.028646 0.145370
0 0.806250 0.503704 0.023958 0.125926
0 0.604427 0.583796 0.083854 0.410185
0 0.953646 0.501389 0.014583 0.099074
0 0.939323 0.504630 0.021354 0.088889
0 0.459635 0.514352 0.021354 0.106481
0 0.719531 0.509722 0.021354 0.104630
-1 0.951302 0.933796 0.059896 0.200926
-1 0.896354 0.960648 0.035417 0.206481
0 0.750521 0.814815 0.013542 0.048148
