0 0.458854 0.559722 0.113542 0.617593
0 0.169271 0.644444 0.169792 0.944444
0 0.373958 0.481944 0.031250 0.145370
0 0.404948 0.470370 0.038021 0.164815
0 0.804688 0.446296 0.023958 0.125926
0 0.593229 0.535185 0.086458 0.431481
0 0.946875 0.450926 0.018750 0.098148
0 0.265104 0.516667 0.045833 0.287037
0 0.522396 0.487037 0.048958 0.300000
0 0.677344 0.456481 0.022396 0.107407
-1 0.986979 0.910185 0.051042 0.216667
-1 0.928385 0.932407 0.044271 0.225926
-1 0.840885 0.931019 0.029687 0.143519
0 0.731250 0.759722 0.013542 0.047222
