0 0.482031 0.577315 0.109896 0.615741
0 0.223437 0.666667 0.146875 0.874074
0 0.394271 0.493981 0.031250 0.145370
0 0.431510 0.489352 0.033854 0.160185
0 0.820313 0.461111 0.023958 0.125926
0 0.610156 0.548148 0.086979 0.424074
0 0.965104 0.466667 0.018750 0.098148
0 0.289063 0.523611 0.042708 0.278704
0 0.538021 0.503241 0.048958 0.299074
0 0.696354 0.473148 0.021875 0.107407
-1 0.991667 0.918981 0.051042 0.213889
-1 0.933333 0.940741 0.044792 0.222222
-1 0.857031 0.935648 0.029687 0.143519
0 0.750260 0.776389 0.013021 0.049074
