0 0.495573 0.584722 0.114063 0.619444
0 0.033333 0.696296 0.132292 0.788889
0 0.264583 0.657407 0.135417 0.764815
0 0.405729 0.510648 0.027083 0.132407
0 0.439323 0.495370 0.027604 0.151852
0 0.828646 0.472222 0.023958 0.125926
0 0.621354 0.549537 0.092708 0.419444
0 0.975000 0.474074 0.018750 0.098148
0 0.958333 0.476389 0.019792 0.087963
0 0.550781 0.518981 0.048438 0.297222
0 0.707292 0.484259 0.021875 0.107407
-1 0.995573 0.922222 0.051562 0.207407
-1 0.935417 0.944444 0.044792 0.214815
-1 0.855469 0.942130 0.029687 0.143519
0 0.760156 0.788889 0.013021 0.048148
