0 0.513802 0.477778 0.117188 0.620370
0 0.238021 0.468981 0.075000 0.376852
0 0.323958 0.462963 0.069792 0.379630
0 0.407292 0.406944 0.020833 0.125000
0 0.431250 0.398611 0.026042 0.134259
0 0.784375 0.383333 0.023958 0.125926
0 0.597917 0.455093 0.082292 0.397222
0 0.930469 0.381019 0.016146 0.091667
0 0.916927 0.383333 0.017188 0.085185
0 0.456250 0.398148 0.016667 0.103704
0 0.723958 0.391667 0.020833 0.103704
-1 0.890365 0.770833 0.029687 0.145370
-1 0.842448 0.800463 0.036979 0.171296
0 0.735156 0.691667 0.014063 0.048148
