0 0.440104 0.548148 0.115625 0.620370
0 0.115365 0.671296 0.208854 1.107407
0 0.356250 0.467130 0.031250 0.145370
0 0.792188 0.427778 0.023958 0.125926
0 0.578646 0.509259 0.091667 0.425926
0 0.934115 0.430556 0.018229 0.088889
0 0.921875 0.434722 0.017708 0.087963
0 0.245833 0.501389 0.048958 0.295370
0 0.502604 0.469907 0.050000 0.300926
0 0.658073 0.442130 0.022396 0.108333
0 0.671354 0.445370 0.017708 0.101852
-1 0.981771 0.890741 0.051042 0.216667
-1 0.921094 0.916204 0.047396 0.225000
-1 0.838281 0.917130 0.029687 0.143519
0 0.716146 0.743056 0.013542 0.047222
