0 0.501823 0.431944 0.100521 0.591667
0 -0.012240 0.519444 0.192188 1.116667
0 0.204687 0.412963 0.069792 0.329630
0 0.285938 0.406481 0.057292 0.327778
0 0.361719 0.371759 0.021354 0.117593
0 0.383594 0.357870 0.026562 0.121296
-1 0.896354 0.595833 0.033333 0.212037
-1 0.953906 0.595370 0.088021 0.207407
0 0.723437 0.364815 0.023958 0.125926
0 0.551302 0.414815 0.059896 0.390741
0 0.968229 0.374537 0.020833 0.104630
0 0.938542 0.376852 0.019792 0.098148
0 0.863021 0.355556 0.013542 0.075926
0 0.848958 0.368981 0.018750 0.087963
0 0.415365 0.362500 0.023438 0.110185
0 0.681771 0.369444 0.019792 0.101852
0 0.444271 0.366667 0.026042 0.111111
