0 0.492448 0.584259 0.109896 0.616667
0 0.248177 0.662963 0.142187 0.814815
0 0.400000 0.501852 0.029167 0.138889
0 0.435156 0.492130 0.030729 0.156481
0 0.825521 0.467593 0.023958 0.125926
0 0.617448 0.551852 0.088021 0.418519
0 0.973958 0.472222 0.018750 0.098148
0 0.957552 0.473611 0.019271 0.087963
0 0.544531 0.511111 0.048438 0.298148
0 0.702604 0.479630 0.021875 0.107407
-1 0.993750 0.920833 0.051042 0.210185
-1 0.934375 0.942593 0.044792 0.218519
-1 0.855990 0.938426 0.029687 0.143519
0 0.756510 0.784722 0.013021 0.049074
