0 0.511979 0.428704 0.114583 0.583333
0 0.062760 0.516667 0.224479 1.070370
0 0.232813 0.400463 0.060417 0.306481
0 0.305469 0.398611 0.053646 0.300926
0 0.371615 0.369907 0.021354 0.117593
0 0.395052 0.358796 0.026562 0.121296
-1 0.886979 0.594907 0.033333 0.212037
-1 0.940104 0.595370 0.071875 0.207407
0 0.726042 0.357407 0.023958 0.125926
0 0.561979 0.411574 0.060417 0.375000
0 0.975000 0.357870 0.020833 0.104630
0 0.942708 0.360185 0.019792 0.098148
0 0.867708 0.350463 0.014583 0.073148
0 0.857031 0.353704 0.014063 0.074074
0 0.422396 0.360648 0.021875 0.110185
0 0.695313 0.356944 0.019792 0.100926
0 0.451823 0.360648 0.025521 0.110185
