0 0.493750 0.596759 0.116667 0.621296
0 0.047396 0.697222 0.134375 0.761111
0 0.275521 0.653241 0.131250 0.732407
0 0.406250 0.513426 0.027083 0.132407
0 0.437760 0.500000 0.027604 0.151852
0 0.826042 0.475000 0.023958 0.125926
0 0.622656 0.557870 0.095312 0.419444
0 0.973437 0.475463 0.018750 0.099074
0 0.958333 0.478241 0.019792 0.087963
0 0.553385 0.524074 0.048438 0.296296
0 0.710938 0.487500 0.021875 0.106481
-1 0.992969 0.925000 0.051562 0.205556
-1 0.934896 0.944907 0.042708 0.208333
-1 0.850781 0.945833 0.029687 0.143519
0 0.761458 0.789815 0.013542 0.048148
