0 0.442708 0.548611 0.115625 0.619444
0 0.125521 0.668056 0.197917 1.075000
0 0.359375 0.468981 0.031250 0.145370
0 0.793750 0.432407 0.023958 0.125926
0 0.580990 0.515741 0.090104 0.427778
0 0.936458 0.434722 0.018750 0.091667
0 0.925000 0.438426 0.017708 0.087963
0 0.249740 0.504167 0.048438 0.293519
0 0.504167 0.471296 0.050000 0.300000
0 0.660677 0.444907 0.022396 0.108333
0 0.673958 0.447222 0.017708 0.101852
-1 0.982292 0.894444 0.051042 0.216667
-1 0.921875 0.919907 0.045833 0.225000
-1 0.838802 0.919907 0.029687 0.143519
0 0.718229 0.745833 0.013542 0.047222
