0 0.512500 0.428241 0.118750 0.586111
0 0.072917 0.522685 0.212500 1.054630
0 0.237240 0.401389 0.060937 0.302778
0 0.308073 0.398611 0.053646 0.297222
0 0.373177 0.370833 0.021354 0.117593
0 0.396615 0.358796 0.026562 0.121296
-1 0.886458 0.594907 0.033333 0.212037
-1 0.938802 0.595370 0.069271 0.207407
0 0.726563 0.356481 0.023958 0.125926
0 0.563021 0.411574 0.060417 0.371296
0 0.975521 0.356019 0.020833 0.104630
0 0.943229 0.360185 0.019792 0.098148
0 0.868750 0.349074 0.014583 0.072222
0 0.857292 0.352315 0.013542 0.073148
0 0.423177 0.360648 0.021354 0.110185
0 0.696094 0.355093 0.019271 0.100926
0 0.452865 0.359722 0.025521 0.110185
