0 0.463542 0.563426 0.112500 0.617593
0 0.180208 0.649537 0.164583 0.932407
0 0.377604 0.485648 0.031250 0.145370
0 0.410156 0.473611 0.036979 0.163889
0 0.807812 0.449074 0.023958 0.125926
0 0.596875 0.538889 0.086458 0.431481
0 0.950521 0.453704 0.018750 0.098148
0 0.269531 0.517593 0.045312 0.285185
0 0.527083 0.490741 0.048958 0.300000
0 0.681510 0.459259 0.022396 0.107407
0 0.692708 0.462963 0.017708 0.101852
-1 0.988542 0.913889 0.051042 0.216667
-1 0.930469 0.935185 0.044271 0.225926
-1 0.845052 0.931944 0.029687 0.143519
0 0.734896 0.763426 0.013542 0.047222
