0 0.495312 0.437500 0.106250 0.597222
0 0.201042 0.422685 0.071875 0.337963
0 0.280990 0.410185 0.059896 0.335185
0 0.358333 0.375926 0.020833 0.120370
0 0.381771 0.363426 0.026042 0.123148
-1 0.902083 0.598148 0.034375 0.214815
-1 0.957031 0.596296 0.089063 0.209259
0 0.723437 0.367593 0.023958 0.125926
0 0.550781 0.416667 0.059896 0.390741
0 0.862500 0.355556 0.013542 0.075926
0 0.848437 0.367593 0.017708 0.083333
0 0.415365 0.364352 0.023438 0.110185
0 0.680469 0.371296 0.020313 0.101852
0 0.443229 0.366667 0.026042 0.111111
