0 0.525260 0.606481 0.105729 0.631481
0 0.188802 0.604167 0.106771 0.487963
0 0.317448 0.587037 0.079687 0.483333
0 0.419531 0.508333 0.025521 0.127778
0 0.445573 0.500000 0.028646 0.140741
0 0.814583 0.488889 0.023958 0.125926
0 0.615365 0.566204 0.083854 0.410185
0 0.963542 0.487500 0.018750 0.099074
0 0.946094 0.491667 0.021354 0.088889
0 0.470312 0.494907 0.020833 0.102778
0 0.729948 0.491667 0.021354 0.105556
-1 0.947917 0.923148 0.052083 0.194444
-1 0.894010 0.942130 0.035937 0.195370
0 0.756771 0.800000 0.013542 0.048148
