0 0.454427 0.556481 0.114063 0.618519
0 0.158073 0.650926 0.175521 0.977778
0 0.370312 0.478241 0.031250 0.145370
0 0.801562 0.443519 0.023958 0.125926
0 0.589063 0.531481 0.086458 0.431481
0 0.943750 0.448148 0.018750 0.098148
0 0.934635 0.447685 0.018229 0.087963
0 0.261198 0.512963 0.046354 0.288889
0 0.517969 0.483333 0.049479 0.300000
0 0.673177 0.453241 0.022396 0.108333
-1 0.985417 0.906481 0.051042 0.216667
-1 0.926823 0.929630 0.044271 0.225926
-1 0.840365 0.928241 0.029687 0.143519
0 0.727604 0.756019 0.013542 0.047222
