0 0.425000 0.543981 0.114583 0.623148
0 0.042969 0.648148 0.275521 1.201852
0 0.345313 0.460648 0.031250 0.145370
0 0.786979 0.420370 0.023958 0.125926
0 0.573698 0.503704 0.096354 0.424074
0 0.926042 0.425000 0.018750 0.098148
0 0.917187 0.426389 0.017708 0.087963
0 0.229167 0.499074 0.052083 0.305556
0 0.495833 0.467593 0.048958 0.303704
0 0.650781 0.435185 0.023438 0.109259
-1 0.990104 0.883333 0.051042 0.216667
-1 0.927865 0.906944 0.050521 0.225000
-1 0.841667 0.907407 0.029167 0.138889
0 0.710156 0.735648 0.013021 0.047222
