0 0.450260 0.366204 0.090104 0.439815
0 0.538281 0.359259 0.083854 0.485185
0 0.044010 0.512500 0.427604 1.473148
0 0.320833 0.383333 0.114583 0.507407
0 0.373958 0.365741 0.068750 0.364815
0 0.646354 0.356019 0.057292 0.341667
0 0.738021 0.314352 0.018750 0.110185
0 0.602604 0.320370 0.021875 0.116667
0 0.713021 0.313426 0.013542 0.084259
0 0.695573 0.310648 0.016146 0.078704
0 0.853906 0.302778 0.017188 0.094444
0 0.961719 0.303704 0.021354 0.114815
0 0.945833 0.308796 0.017708 0.086111
0 0.763281 0.306019 0.013021 0.058333
-1 0.981771 0.616204 0.018750 0.102778
