0 0.419010 0.371296 0.091146 0.442593
0 0.492448 0.361111 0.096354 0.483333
0 0.240365 0.379167 0.154688 0.604630
0 0.310677 0.380093 0.076563 0.419444
0 0.613281 0.375000 0.064062 0.362963
0 0.702083 0.328241 0.018750 0.110185
0 0.349479 0.324074 0.034375 0.179630
0 0.567448 0.329167 0.022396 0.115741
0 0.677344 0.328704 0.015104 0.096296
0 0.661719 0.319907 0.013021 0.080556
0 0.813281 0.329167 0.017188 0.095370
0 0.935417 0.330556 0.020833 0.114815
0 0.902604 0.331944 0.017708 0.086111
0 0.916927 0.324074 0.019271 0.092593
0 0.726302 0.321759 0.013021 0.058333
-1 0.941927 0.649074 0.022396 0.107407
0 0.973177 0.334722 0.018229 0.106481
