0 0.439583 0.367593 0.090625 0.440741
0 0.525521 0.355093 0.087500 0.484259
0 0.299219 0.384722 0.133854 0.539815
0 0.357292 0.363426 0.072917 0.373148
0 0.637760 0.362500 0.059896 0.350926
0 0.733333 0.318056 0.018750 0.110185
0 0.596354 0.320370 0.021875 0.116667
0 0.697917 0.318981 0.014583 0.089815
0 0.684896 0.312963 0.015625 0.079630
0 0.845573 0.309722 0.017188 0.095370
0 0.962240 0.308796 0.024479 0.113889
0 0.939063 0.313426 0.017708 0.086111
0 0.758594 0.310648 0.013021 0.058333
-1 0.972396 0.627315 0.020833 0.104630
