0 0.458854 0.362963 0.090625 0.437037
0 0.549479 0.362037 0.080208 0.483333
0 0.167969 0.553704 0.352604 1.385185
0 0.344531 0.368981 0.088021 0.463889
0 0.394531 0.367593 0.064062 0.342593
0 0.641667 0.356481 0.053125 0.333333
0 0.741667 0.310648 0.018750 0.110185
0 0.603906 0.320833 0.022396 0.115741
0 0.717187 0.309722 0.013542 0.084259
0 0.699219 0.308333 0.017188 0.079630
0 0.857552 0.304167 0.017188 0.095370
0 0.957552 0.303704 0.019271 0.114815
0 0.979427 0.300000 0.019271 0.092593
0 0.766927 0.303241 0.013021 0.058333
-1 0.977604 0.606019 0.020833 0.102778
