0 0.458333 0.364815 0.089583 0.438889
0 0.546875 0.366667 0.080208 0.485185
0 0.110417 0.528241 0.406250 1.441667
0 0.336719 0.374537 0.098437 0.475000
0 0.389323 0.370833 0.067187 0.350926
0 0.643490 0.356481 0.054688 0.337037
0 0.740625 0.312500 0.018750 0.110185
0 0.603906 0.320370 0.022396 0.116667
0 0.715625 0.311574 0.013542 0.084259
0 0.699740 0.309722 0.016146 0.078704
0 0.856510 0.301389 0.017188 0.095370
0 0.959635 0.301852 0.019271 0.114815
0 0.948958 0.309722 0.017708 0.086111
0 0.975260 0.300926 0.019271 0.092593
0 0.767969 0.303241 0.013021 0.058333
-1 0.981771 0.608796 0.018750 0.102778
