0 0.434375 0.368056 0.090625 0.441667
0 0.516146 0.355093 0.089583 0.484259
0 0.279687 0.382407 0.139583 0.562963
0 0.344792 0.367593 0.072917 0.383333
0 0.633854 0.369907 0.061458 0.354630
0 0.722396 0.320833 0.018750 0.110185
0 0.588281 0.320833 0.022396 0.115741
0 0.690625 0.322222 0.014583 0.092593
0 0.676562 0.314815 0.014583 0.079630
0 0.840885 0.314352 0.017188 0.095370
0 0.952865 0.316204 0.022396 0.113889
0 0.927604 0.314352 0.017708 0.086111
0 0.746615 0.310648 0.013021 0.058333
-1 0.966406 0.633796 0.022396 0.106481
