0 0.414323 0.372222 0.091146 0.442593
0 0.490104 0.362963 0.094792 0.483333
0 0.230469 0.379167 0.158854 0.613889
0 0.301823 0.381481 0.078646 0.429630
0 0.610156 0.377778 0.065104 0.364815
0 0.698438 0.331019 0.018750 0.110185
0 0.342708 0.328704 0.034375 0.179630
0 0.563281 0.331944 0.022396 0.115741
0 0.675260 0.330556 0.015104 0.096296
0 0.659115 0.323148 0.013021 0.081481
0 0.809115 0.331019 0.017188 0.095370
0 0.931250 0.332870 0.022917 0.113889
0 0.898438 0.334722 0.017708 0.086111
0 0.911719 0.328704 0.019271 0.092593
0 0.722135 0.324537 0.013021 0.058333
-1 0.938281 0.652315 0.022396 0.108333
0 0.967448 0.338426 0.018229 0.106481
-1 0.962240 0.637037 0.020313 0.087037
