0 0.436979 0.368056 0.090625 0.441667
0 0.522135 0.354167 0.088021 0.484259
0 0.289323 0.383333 0.136979 0.551852
0 0.353385 0.363426 0.073438 0.375000
0 0.635677 0.366204 0.060937 0.352778
0 0.727604 0.318981 0.018750 0.110185
0 0.594792 0.320370 0.021875 0.116667
0 0.694271 0.320370 0.014583 0.090741
0 0.680729 0.313889 0.014583 0.079630
0 0.842969 0.311574 0.017188 0.095370
0 0.957552 0.312500 0.023438 0.113889
0 0.933333 0.313426 0.017708 0.086111
0 0.752344 0.310648 0.013021 0.058333
-1 0.969271 0.630556 0.021875 0.105556
