0 0.442188 0.367593 0.090625 0.440741
0 0.529167 0.356019 0.086458 0.484259
0 -0.018750 0.508333 0.401042 1.481481
0 0.304427 0.384259 0.128646 0.531481
0 0.361458 0.364352 0.071875 0.371296
0 0.640104 0.359259 0.059375 0.348148
0 0.734375 0.317130 0.018750 0.110185
0 0.597917 0.320370 0.021875 0.116667
0 0.701823 0.317593 0.014063 0.088889
0 0.688802 0.312037 0.016146 0.079630
0 0.848177 0.307407 0.017188 0.094444
0 0.961979 0.306944 0.023958 0.113889
0 0.941146 0.311574 0.017708 0.086111
0 0.759635 0.308796 0.013021 0.058333
-1 0.975260 0.624074 0.020313 0.103704
