0 0.459375 0.362037 0.090625 0.437037
0 0.549740 0.359259 0.080729 0.483333
0 0.187240 0.562963 0.334896 1.366667
0 0.347396 0.367593 0.084375 0.461111
0 0.395573 0.364815 0.063021 0.340741
0 0.640885 0.356944 0.052604 0.332407
0 0.741146 0.309722 0.018750 0.110185
0 0.718229 0.309722 0.013542 0.084259
0 0.698958 0.307407 0.017708 0.079630
0 0.857031 0.303241 0.017188 0.095370
0 0.954427 0.302778 0.019271 0.114815
0 0.979427 0.298148 0.019271 0.088889
0 0.766406 0.303241 0.013021 0.058333
-1 0.975781 0.605556 0.022396 0.101852
