0 0.458594 0.364352 0.090104 0.437963
0 0.549219 0.368519 0.079687 0.485185
0 0.129427 0.536574 0.388021 1.423148
0 0.339062 0.372685 0.094792 0.471296
0 0.392969 0.373148 0.067187 0.346296
0 0.642969 0.356481 0.054688 0.335185
0 0.740625 0.311574 0.018750 0.110185
0 0.603906 0.320370 0.022396 0.116667
0 0.716146 0.310648 0.013542 0.084259
0 0.699479 0.309259 0.016667 0.079630
0 0.856510 0.302315 0.017188 0.095370
0 0.959115 0.302778 0.019271 0.114815
0 0.950000 0.310648 0.017708 0.086111
0 0.976823 0.300926 0.019271 0.092593
0 0.767448 0.303241 0.013021 0.058333
-1 0.981771 0.607870 0.018750 0.102778
