0 0.392969 0.376852 0.091146 0.442593
0 0.479427 0.372685 0.089063 0.484259
0 0.196875 0.400463 0.166667 0.691667
0 0.273958 0.393056 0.081250 0.467593
0 0.601823 0.386111 0.067187 0.370370
0 0.688542 0.341204 0.018750 0.110185
0 0.330729 0.333796 0.034375 0.186111
0 0.308073 0.373611 0.041146 0.287963
0 0.552865 0.339815 0.024479 0.114815
0 0.664844 0.339815 0.015104 0.096296
0 0.645312 0.337963 0.014583 0.085185
0 0.796615 0.341204 0.017188 0.097222
0 0.924219 0.345370 0.026562 0.112963
0 0.885937 0.347685 0.017708 0.086111
0 0.897917 0.344444 0.015625 0.085185
0 0.710938 0.333796 0.011458 0.056481
-1 0.931771 0.665741 0.021875 0.111111
0 0.955990 0.343981 0.018229 0.106481
-1 0.954948 0.649074 0.020313 0.087037
