0 0.800260 0.568519 0.025521 0.118519
0 0.873958 0.546759 0.021875 0.084259
0 1.005208 0.689352 0.039583 0.162037
0 0.846354 0.528704 0.017708 0.083333
0 0.226042 0.565278 0.019792 0.104630
0 0.251563 0.568056 0.020833 0.104630
0 0.322917 0.539352 0.015625 0.076852
0 0.307292 0.541204 0.013542 0.076852
0 0.345052 0.529167 0.016146 0.076852
0 0.831510 0.495370 0.010937 0.042593
0 0.715365 0.498611 0.009896 0.050926
0 0.823177 0.501852 0.008854 0.050000
0 0.554688 0.475463 0.006250 0.026852
0 0.300521 0.525463 0.009375 0.073148
0 0.641406 0.477315 0.007813 0.036111
0 0.874479 0.494444 0.011458 0.050000
0 0.416406 0.494907 0.008854 0.047222
0 0.434635 0.500000 0.009896 0.050000
0 0.401302 0.493056 0.010937 0.045370
0 0.839844 0.497685 0.011979 0.045370
0 0.726042 0.488889 0.008333 0.040741
-1 0.268490 0.535185 0.021354 0.092593
-1 0.284375 0.538426 0.017708 0.065741
0 0.779427 0.494444 0.009896 0.048148
