0 0.874479 0.611574 0.030208 0.156481
0 0.938021 0.558333 0.020833 0.092593
0 0.900260 0.537037 0.019271 0.092593
0 0.169792 0.573611 0.026042 0.123148
0 0.196615 0.575926 0.025521 0.118519
0 0.276562 0.554630 0.020833 0.092593
0 0.261198 0.556481 0.016146 0.090741
0 0.309115 0.537500 0.017188 0.087963
0 0.298698 0.548611 0.018229 0.099074
0 0.729948 0.506019 0.011979 0.056481
0 0.818490 0.505093 0.010937 0.049074
0 0.529948 0.470833 0.007813 0.030556
0 0.390365 0.487037 0.007813 0.038889
0 0.639062 0.476389 0.008333 0.037963
0 0.400521 0.493981 0.010417 0.049074
0 0.416406 0.500463 0.009896 0.050926
0 0.378646 0.493519 0.010417 0.053704
0 0.661458 0.488426 0.011458 0.043519
0 0.673177 0.491204 0.008854 0.045370
0 0.716667 0.493981 0.012500 0.045370
-1 0.219792 0.548611 0.017708 0.078704
0 0.246094 0.554630 0.015104 0.068519
0 0.838542 0.503241 0.012500 0.045370
