0 0.733854 0.531481 0.017708 0.092593
0 0.792708 0.520833 0.018750 0.075000
0 0.826042 0.586111 0.028125 0.112963
0 0.878125 0.588889 0.031250 0.114815
0 0.771615 0.509259 0.016146 0.074074
0 0.037760 0.734259 0.023438 0.098148
0 0.085417 0.612963 0.023958 0.142593
0 0.132552 0.621759 0.023438 0.145370
0 0.269792 0.549537 0.017708 0.086111
0 0.288281 0.556019 0.016146 0.087963
0 0.345052 0.522222 0.013021 0.064815
0 0.336458 0.523611 0.011458 0.060185
0 0.360156 0.512500 0.010937 0.054630
0 0.565104 0.470370 0.006250 0.024074
0 0.328385 0.516204 0.007813 0.065741
0 0.625521 0.469907 0.007292 0.032407
0 0.672135 0.476389 0.010937 0.043519
0 0.418229 0.488426 0.008333 0.041667
0 0.438021 0.493519 0.008333 0.038889
0 0.408333 0.490278 0.008333 0.043519
0 0.766667 0.481019 0.011458 0.039815
-1 0.310677 0.525926 0.016146 0.075926
