0 0.848958 0.581019 0.028125 0.137963
0 0.920312 0.549537 0.019792 0.089815
0 0.888802 0.535185 0.020313 0.088889
0 0.197135 0.569444 0.022396 0.109259
0 0.223437 0.570370 0.023958 0.109259
0 0.301302 0.545833 0.016146 0.086111
0 0.286458 0.548611 0.016667 0.082407
0 0.331250 0.542130 0.016667 0.082407
0 0.317969 0.543056 0.016146 0.091667
0 0.732031 0.500000 0.011979 0.055556
0 0.827083 0.500926 0.010417 0.050000
0 0.544271 0.472222 0.008333 0.029630
0 0.645833 0.475463 0.008333 0.037963
0 0.873698 0.498611 0.016146 0.052778
0 0.412240 0.493056 0.008854 0.047222
0 0.430208 0.497685 0.009375 0.049074
0 0.394531 0.490741 0.010937 0.048148
0 0.666667 0.481944 0.011458 0.043519
0 0.677604 0.483333 0.009375 0.046296
0 0.727083 0.492130 0.011458 0.047222
-1 0.255208 0.543056 0.018750 0.069444
0 0.273698 0.540278 0.015104 0.069444
0 0.779948 0.489815 0.009896 0.048148
