0 0.893750 0.636111 0.039583 0.174074
0 0.897135 0.542593 0.019271 0.092593
0 0.120833 0.588889 0.026042 0.124074
0 0.150000 0.590278 0.023958 0.123148
0 0.230469 0.572685 0.020313 0.102778
0 0.212760 0.573148 0.018229 0.098148
0 0.271875 0.554167 0.019792 0.093519
0 0.259115 0.565741 0.020313 0.109259
0 0.812240 0.506481 0.013021 0.046296
0 0.720313 0.515278 0.013542 0.060185
0 0.797396 0.506944 0.011458 0.049074
0 0.501042 0.476852 0.005208 0.029630
0 0.362760 0.495833 0.008854 0.037963
0 0.619271 0.481019 0.009375 0.039815
0 0.376823 0.502315 0.009896 0.052778
0 0.390625 0.506944 0.010417 0.052778
0 0.352344 0.500926 0.009896 0.057407
0 0.644792 0.492130 0.011458 0.043519
0 0.652344 0.492593 0.009896 0.044444
0 0.695052 0.499537 0.010937 0.047222
0 0.734115 0.500463 0.009896 0.049074
-1 0.165104 0.568056 0.018750 0.078704
0 0.196354 0.571296 0.015625 0.083333
0 0.838802 0.503241 0.011979 0.056481
