0 0.750521 0.543519 0.019792 0.094444
0 0.815365 0.536111 0.020313 0.075926
0 0.874740 0.611574 0.028646 0.134259
0 0.923958 0.613426 0.031250 0.132407
0 0.790885 0.518519 0.016146 0.075926
0 0.010677 0.636111 0.033854 0.164815
0 0.066146 0.640741 0.031250 0.157407
0 0.255469 0.551389 0.018229 0.087963
0 0.278906 0.556481 0.020313 0.087037
0 0.338802 0.526389 0.014063 0.067593
0 0.327344 0.525463 0.011979 0.065741
0 0.357812 0.513889 0.014583 0.062963
0 0.697656 0.491204 0.009896 0.045370
0 0.811979 0.487037 0.007292 0.037037
0 0.561979 0.470370 0.008333 0.027778
0 0.320573 0.517130 0.006771 0.065741
0 0.630469 0.473611 0.007813 0.034259
0 0.679167 0.480093 0.007292 0.041667
0 0.417187 0.489352 0.009375 0.041667
0 0.435937 0.496759 0.008333 0.041667
0 0.405990 0.493056 0.008854 0.043519
0 0.771875 0.485648 0.009375 0.037963
-1 0.297917 0.523611 0.017708 0.082407
