0 0.860156 0.595833 0.028646 0.143519
0 0.928646 0.553704 0.022917 0.090741
0 0.896354 0.536574 0.019792 0.091667
0 0.188802 0.574537 0.023438 0.117593
0 0.213542 0.578241 0.023958 0.115741
0 0.293490 0.553241 0.019271 0.089815
0 0.277865 0.556019 0.016146 0.082407
0 0.323437 0.538426 0.016667 0.084259
0 0.311979 0.549537 0.018750 0.095370
0 0.731771 0.506481 0.011458 0.053704
0 0.825000 0.504167 0.011458 0.049074
0 0.540625 0.474537 0.007292 0.028704
0 0.400260 0.491204 0.007813 0.043519
0 0.644792 0.478241 0.008333 0.037963
0 0.872656 0.501389 0.014063 0.052778
0 0.408594 0.495370 0.009896 0.050000
0 0.426042 0.500000 0.009375 0.050000
0 0.389583 0.497222 0.010417 0.051852
0 0.837240 0.502315 0.009896 0.054630
0 0.665625 0.486111 0.011458 0.042593
0 0.677083 0.488426 0.009375 0.047222
0 0.726302 0.495370 0.013021 0.050000
-1 0.242708 0.551852 0.018750 0.072222
0 0.263281 0.548148 0.015104 0.070370
0 0.777865 0.496296 0.009896 0.048148
