0 0.844010 0.577778 0.027604 0.137037
0 0.914323 0.549537 0.022396 0.089815
0 0.884635 0.534722 0.020313 0.087963
0 0.201302 0.565741 0.022396 0.109259
0 0.228125 0.568519 0.023958 0.109259
0 0.302865 0.543981 0.017188 0.084259
0 0.289844 0.544907 0.017188 0.082407
0 0.333073 0.529167 0.016146 0.082407
0 0.318750 0.539815 0.015625 0.085185
0 0.729427 0.500463 0.011979 0.054630
0 0.825781 0.501389 0.010937 0.052778
0 0.545312 0.471759 0.007292 0.028704
0 0.645312 0.474537 0.008333 0.037963
0 0.874740 0.498611 0.015104 0.050926
0 0.412760 0.491667 0.008854 0.048148
0 0.430208 0.501389 0.009375 0.049074
0 0.395313 0.489815 0.011458 0.046296
0 0.665885 0.481019 0.010937 0.045370
0 0.677604 0.484259 0.009375 0.044444
-1 0.258333 0.543519 0.018750 0.068519
0 0.277865 0.537500 0.015104 0.069444
0 0.780469 0.493519 0.009896 0.048148
