0 0.851042 0.584259 0.028125 0.138889
0 0.923438 0.550000 0.018750 0.090741
0 0.890885 0.535648 0.020313 0.089815
0 0.194792 0.577778 0.021875 0.112963
0 0.222917 0.576852 0.023958 0.109259
0 0.298698 0.550463 0.016146 0.086111
0 0.284375 0.554630 0.016667 0.081481
0 0.330208 0.541667 0.016667 0.083333
0 0.315365 0.547685 0.016146 0.091667
0 0.731771 0.496759 0.011458 0.054630
0 0.827344 0.500000 0.010937 0.050000
0 0.543750 0.472685 0.008333 0.026852
0 0.644792 0.474537 0.008333 0.037963
0 0.873698 0.493056 0.016146 0.052778
0 0.410156 0.495833 0.008854 0.047222
0 0.428646 0.500463 0.009375 0.049074
0 0.392969 0.494444 0.010937 0.050000
0 0.667188 0.483796 0.011458 0.043519
0 0.678385 0.483333 0.010937 0.044444
0 0.725781 0.487963 0.011979 0.048148
-1 0.252083 0.548148 0.018750 0.070370
0 0.272135 0.546296 0.015104 0.070370
0 0.779427 0.487037 0.009896 0.048148
