0 0.745313 0.541667 0.018750 0.092593
0 0.809896 0.535648 0.021875 0.075000
0 0.861719 0.609722 0.028646 0.130556
0 0.911458 0.610648 0.031250 0.134259
0 0.785417 0.521759 0.014583 0.075000
0 0.029427 0.624537 0.030729 0.167593
0 0.084115 0.632407 0.031771 0.151852
0 0.258854 0.551389 0.017708 0.086111
0 0.279948 0.556481 0.018229 0.087037
0 0.340885 0.521296 0.014063 0.066667
0 0.328906 0.522685 0.011979 0.060185
0 0.357552 0.514815 0.014063 0.062963
0 0.820313 0.491667 0.011458 0.037037
0 0.810677 0.488426 0.005729 0.034259
0 0.562760 0.470833 0.007813 0.028704
0 0.323177 0.515278 0.008854 0.065741
0 0.628906 0.474537 0.007813 0.034259
0 0.677604 0.481019 0.009375 0.041667
0 0.418490 0.487500 0.009896 0.041667
0 0.436458 0.496296 0.008333 0.040741
0 0.406510 0.491204 0.008854 0.043519
0 0.770833 0.487963 0.011458 0.040741
-1 0.301823 0.519444 0.017188 0.081481
