0 0.903125 0.650926 0.041667 0.181481
0 0.891927 0.552315 0.020313 0.093519
0 0.101042 0.598148 0.028125 0.127778
0 0.127083 0.606019 0.028125 0.126852
0 0.209896 0.587500 0.021875 0.102778
0 0.190365 0.588426 0.018229 0.100926
0 0.252344 0.564352 0.016146 0.097222
0 0.240885 0.581481 0.021354 0.114815
0 0.801042 0.513889 0.010417 0.051852
0 0.713021 0.520833 0.014583 0.062037
0 0.487760 0.485648 0.006771 0.026852
0 0.348698 0.505093 0.008854 0.043519
0 0.610677 0.487037 0.007813 0.040741
0 0.364844 0.508333 0.009896 0.053704
0 0.377604 0.515278 0.010417 0.054630
0 0.337240 0.510185 0.009896 0.053704
0 0.635677 0.497685 0.011979 0.043519
0 0.642448 0.499074 0.009896 0.044444
0 0.683333 0.505093 0.011458 0.047222
0 0.723698 0.506481 0.010937 0.050000
0 0.171094 0.579630 0.016146 0.087037
0 0.827083 0.508333 0.014583 0.057407
0 0.806250 0.510185 0.010417 0.050000
