0 0.872135 0.608796 0.029687 0.154630
0 0.899740 0.537037 0.019271 0.092593
0 0.172656 0.572685 0.025521 0.121296
0 0.198698 0.575463 0.025521 0.117593
0 0.279427 0.554630 0.021354 0.092593
0 0.264323 0.556019 0.016146 0.089815
0 0.311719 0.536574 0.017188 0.087963
0 0.300781 0.548611 0.018229 0.099074
0 0.831250 0.506019 0.010417 0.045370
0 0.730469 0.505556 0.011979 0.055556
0 0.820052 0.506019 0.010937 0.049074
0 0.532031 0.473148 0.008854 0.033333
0 0.390885 0.488889 0.007813 0.038889
0 0.639583 0.477778 0.007292 0.038889
0 0.401562 0.494444 0.010417 0.050000
0 0.417708 0.500463 0.009375 0.050926
0 0.380208 0.493981 0.010417 0.052778
0 0.661979 0.488426 0.011458 0.043519
0 0.673698 0.490741 0.008854 0.046296
0 0.718229 0.493519 0.012500 0.046296
-1 0.222917 0.549074 0.017708 0.077778
0 0.248177 0.553241 0.015104 0.069444
