0 0.743750 0.541204 0.018750 0.091667
0 0.807552 0.532870 0.022396 0.075000
0 0.857031 0.606481 0.028646 0.129630
0 0.908594 0.607407 0.031771 0.131481
0 0.783854 0.518056 0.014583 0.075000
0 0.036719 0.624074 0.028646 0.159259
0 0.089063 0.631019 0.032292 0.145370
0 0.259375 0.551389 0.017708 0.086111
0 0.280469 0.556481 0.017188 0.087037
0 0.340885 0.523148 0.014063 0.066667
0 0.329427 0.521759 0.011979 0.058333
0 0.357552 0.515278 0.014063 0.063889
0 0.810677 0.485648 0.005729 0.034259
0 0.563802 0.469907 0.007813 0.028704
0 0.323958 0.515741 0.007292 0.066667
0 0.628906 0.474537 0.007813 0.034259
0 0.677083 0.481481 0.009375 0.042593
0 0.417969 0.488889 0.009896 0.040741
0 0.436979 0.496296 0.008333 0.040741
0 0.407031 0.491204 0.008854 0.043519
0 0.770052 0.487037 0.011979 0.040741
-1 0.303385 0.517593 0.017188 0.081481
