0 0.802604 0.570833 0.026042 0.119444
0 0.876302 0.547222 0.021354 0.085185
0 0.848437 0.530556 0.017708 0.083333
0 0.225000 0.566204 0.019792 0.104630
0 0.250260 0.569444 0.021354 0.103704
0 0.322396 0.540741 0.015625 0.077778
0 0.306510 0.541204 0.014063 0.078704
0 0.344531 0.530093 0.016146 0.076852
0 0.833073 0.496296 0.010937 0.042593
0 0.716406 0.500926 0.009896 0.051852
0 0.823437 0.501852 0.009375 0.050000
0 0.554427 0.475926 0.006771 0.025926
0 0.300000 0.526389 0.009375 0.073148
0 0.641146 0.478241 0.007292 0.037963
0 0.875000 0.495370 0.011458 0.050000
0 0.416406 0.495833 0.008854 0.047222
0 0.434635 0.500926 0.009896 0.050000
0 0.401042 0.493981 0.011458 0.045370
0 0.840365 0.498611 0.011979 0.045370
0 0.726563 0.491204 0.008333 0.041667
-1 0.267448 0.535648 0.021354 0.093519
-1 0.283333 0.539352 0.017708 0.065741
0 0.780469 0.491667 0.009896 0.048148
