0 0.786719 0.555556 0.024479 0.112963
0 0.861719 0.541667 0.019271 0.081481
0 0.969271 0.658796 0.041667 0.158333
0 0.830729 0.519444 0.016667 0.079630
0 0.232813 0.562500 0.018750 0.104630
0 0.258073 0.560648 0.020313 0.104630
0 0.325781 0.537963 0.014063 0.074074
0 0.311719 0.538426 0.013021 0.069444
0 0.348177 0.523611 0.015104 0.073148
0 0.710938 0.493056 0.010417 0.049074
0 0.821094 0.493981 0.010937 0.050926
0 0.556510 0.471296 0.006771 0.024074
0 0.306510 0.518519 0.010937 0.070370
0 0.639062 0.473611 0.008333 0.034259
0 0.416146 0.491667 0.009375 0.046296
0 0.435417 0.496296 0.009375 0.048148
0 0.402344 0.492130 0.010937 0.045370
0 0.836719 0.491204 0.011979 0.045370
-1 0.275260 0.529167 0.020313 0.091667
-1 0.290625 0.536574 0.017708 0.063889
0 0.777865 0.488426 0.010937 0.047222
