0 0.853646 0.588426 0.028125 0.139815
0 0.924479 0.550926 0.019792 0.090741
0 0.892969 0.536111 0.020313 0.090741
0 0.195833 0.581944 0.022917 0.112037
0 0.222917 0.584259 0.023958 0.109259
0 0.298958 0.556481 0.016667 0.088889
0 0.283333 0.560648 0.016667 0.082407
0 0.329167 0.541667 0.016667 0.083333
0 0.316406 0.550926 0.019271 0.090741
0 0.834375 0.498148 0.011458 0.046296
0 0.732031 0.494444 0.010937 0.053704
0 0.826562 0.494444 0.011458 0.050000
0 0.542448 0.472685 0.007813 0.026852
0 0.401302 0.493981 0.008854 0.041667
0 0.645312 0.472685 0.008333 0.037963
0 0.873958 0.487963 0.015625 0.053704
0 0.410938 0.499537 0.009375 0.047222
0 0.428646 0.504167 0.009375 0.049074
0 0.392969 0.499537 0.010937 0.050926
0 0.667708 0.485648 0.011458 0.043519
0 0.678125 0.484259 0.010417 0.044444
0 0.725521 0.488426 0.012500 0.047222
-1 0.249219 0.554167 0.018229 0.071296
0 0.271094 0.552778 0.015104 0.070370
0 0.778906 0.484259 0.009896 0.048148
