0 0.858333 0.593981 0.028125 0.141667
0 0.927344 0.552778 0.022396 0.090741
0 0.895833 0.536574 0.019792 0.091667
0 0.191146 0.577315 0.022917 0.117593
0 0.215625 0.580556 0.023958 0.116667
0 0.295573 0.554630 0.018229 0.090741
0 0.280208 0.556481 0.016667 0.081481
0 0.325521 0.539352 0.016667 0.084259
0 0.313021 0.551389 0.018750 0.093519
0 0.731771 0.500000 0.011458 0.053704
0 0.824740 0.497685 0.010937 0.049074
0 0.540365 0.473148 0.006771 0.027778
0 0.400260 0.490741 0.008854 0.044444
0 0.644792 0.475463 0.008333 0.037963
0 0.871094 0.493056 0.015104 0.054630
0 0.409896 0.494907 0.009375 0.050926
0 0.427083 0.499074 0.009375 0.050000
0 0.390885 0.499074 0.010937 0.051852
0 0.836458 0.495833 0.008333 0.054630
0 0.666667 0.486111 0.011458 0.042593
0 0.678385 0.487500 0.009896 0.045370
0 0.725260 0.490278 0.013021 0.047222
-1 0.246354 0.552778 0.018750 0.072222
0 0.265365 0.550926 0.015104 0.070370
0 0.778906 0.488426 0.011979 0.047222
