0 0.901562 0.648611 0.041667 0.180556
0 0.892969 0.550926 0.020313 0.094444
0 0.104427 0.596759 0.027604 0.126852
0 0.130729 0.602778 0.027083 0.125926
0 0.213281 0.585185 0.021354 0.101852
0 0.194531 0.587963 0.018229 0.100000
0 0.255990 0.562037 0.016146 0.098148
0 0.243750 0.578241 0.020833 0.113889
0 0.804948 0.511574 0.013021 0.047222
0 0.714063 0.520370 0.014583 0.061111
0 0.788802 0.512500 0.011979 0.049074
0 0.489583 0.484259 0.007292 0.025926
0 0.352344 0.503241 0.008854 0.037963
0 0.612760 0.487037 0.007813 0.040741
0 0.366927 0.507407 0.009896 0.053704
0 0.379688 0.514352 0.010417 0.054630
0 0.339323 0.508796 0.009896 0.054630
0 0.791667 0.507870 0.012500 0.054630
0 0.637240 0.496759 0.011979 0.043519
0 0.644010 0.498148 0.009896 0.044444
0 0.685937 0.503241 0.011458 0.047222
0 0.725781 0.506481 0.010937 0.050000
-1 0.142708 0.581481 0.018750 0.079630
0 0.175521 0.579167 0.015625 0.086111
0 0.829427 0.507870 0.015104 0.058333
