0 0.795573 0.562963 0.025521 0.116667
0 0.869010 0.544444 0.021354 0.083333
0 0.992448 0.672685 0.041146 0.167593
0 0.841406 0.525000 0.017188 0.083333
0 0.228385 0.563426 0.019271 0.104630
0 0.253385 0.566204 0.020313 0.104630
0 0.324219 0.537963 0.015104 0.075926
0 0.308594 0.540278 0.013021 0.073148
0 0.346094 0.527778 0.016146 0.075926
0 0.830469 0.495370 0.010937 0.042593
0 0.714063 0.494444 0.010417 0.050000
0 0.821094 0.497222 0.007813 0.046296
0 0.555729 0.474074 0.006250 0.027778
0 0.302344 0.525463 0.009896 0.075000
0 0.639844 0.475926 0.007813 0.035185
0 0.873177 0.492130 0.010937 0.049074
0 0.416406 0.493056 0.008854 0.047222
0 0.434635 0.497685 0.009896 0.049074
0 0.401823 0.491204 0.010937 0.045370
-1 0.271354 0.531481 0.020833 0.092593
-1 0.286458 0.537963 0.017708 0.064815
0 0.778646 0.490278 0.009375 0.043519
