0 0.734896 0.537037 0.017708 0.092593
0 0.794271 0.527778 0.019792 0.074074
0 0.830469 0.594907 0.028646 0.115741
0 0.882031 0.599074 0.031771 0.122222
0 0.773177 0.514352 0.016146 0.075000
0 0.030729 0.741204 0.025000 0.099074
0 0.082292 0.624074 0.023958 0.142593
0 0.127344 0.630093 0.023438 0.145370
0 0.266667 0.556944 0.017708 0.086111
0 0.287760 0.557870 0.016146 0.087963
0 0.345052 0.529167 0.013021 0.065741
0 0.335938 0.528704 0.011458 0.061111
0 0.359896 0.520370 0.011458 0.059259
0 0.565365 0.477315 0.006771 0.025000
0 0.327865 0.522685 0.007813 0.065741
0 0.625000 0.479167 0.007292 0.032407
0 0.672656 0.480093 0.009896 0.041667
0 0.418229 0.495833 0.008333 0.041667
0 0.436979 0.500463 0.008333 0.039815
0 0.408594 0.498148 0.008854 0.044444
0 0.766667 0.487963 0.011458 0.038889
-1 0.309635 0.525926 0.016146 0.075926
