0 0.759896 0.550926 0.020833 0.101852
0 0.828385 0.539815 0.020313 0.075926
0 0.898177 0.626852 0.031771 0.146296
0 0.953125 0.626389 0.038542 0.145370
0 0.802865 0.523148 0.016146 0.075926
0 0.028385 0.668519 0.030729 0.168519
0 0.248177 0.560185 0.018229 0.092593
0 0.272396 0.566667 0.019792 0.090741
0 0.334375 0.534722 0.013542 0.071296
0 0.322656 0.538426 0.011979 0.067593
0 0.355469 0.520833 0.016146 0.060185
0 0.822135 0.498148 0.009896 0.046296
0 0.701042 0.494444 0.010417 0.046296
0 0.813281 0.492593 0.006771 0.038889
0 0.559635 0.475000 0.008854 0.027778
0 0.316406 0.527315 0.008854 0.069444
0 0.632552 0.478241 0.007813 0.034259
0 0.682813 0.487500 0.007292 0.041667
0 0.416667 0.494444 0.008333 0.042593
0 0.435937 0.502315 0.008333 0.043519
0 0.404687 0.496759 0.009375 0.041667
-1 0.293229 0.532870 0.018750 0.086111
