0 0.752083 0.543981 0.019792 0.095370
0 0.817187 0.536111 0.019792 0.075926
0 0.878646 0.613426 0.029167 0.134259
0 0.928385 0.614815 0.031771 0.131481
0 0.792969 0.518519 0.016146 0.075926
0 0.003906 0.639815 0.033854 0.164815
0 0.058333 0.643519 0.031250 0.157407
0 0.254427 0.551852 0.018229 0.088889
0 0.277083 0.557407 0.019792 0.090741
0 0.337760 0.526852 0.014063 0.068519
0 0.326823 0.526852 0.011979 0.066667
0 0.356771 0.516667 0.014583 0.062963
0 0.819531 0.490741 0.009896 0.044444
0 0.698177 0.491204 0.009896 0.045370
0 0.811458 0.481481 0.006250 0.029630
0 0.561979 0.470833 0.008333 0.028704
0 0.319792 0.519907 0.007292 0.071296
0 0.630990 0.473611 0.007813 0.034259
0 0.679688 0.481019 0.007292 0.041667
0 0.416927 0.490278 0.008854 0.041667
0 0.435937 0.496759 0.008333 0.041667
0 0.405990 0.493519 0.008854 0.042593
0 0.772396 0.484259 0.009375 0.038889
-1 0.296875 0.525463 0.017708 0.082407
