0 0.807292 0.576389 0.026042 0.121296
0 0.881250 0.549074 0.021875 0.085185
0 0.853125 0.534259 0.017708 0.083333
0 0.222917 0.568056 0.019792 0.104630
0 0.247917 0.572222 0.022917 0.103704
0 0.321615 0.543056 0.016146 0.078704
0 0.305469 0.544444 0.014063 0.079630
0 0.343229 0.532407 0.015625 0.079630
0 0.326302 0.536574 0.014063 0.078704
0 0.829427 0.500463 0.010937 0.045370
0 0.717969 0.502315 0.009896 0.052778
0 0.824479 0.505556 0.009375 0.050000
0 0.553125 0.476852 0.007292 0.025926
0 0.298177 0.530556 0.008854 0.075926
0 0.642188 0.480556 0.008333 0.037037
0 0.876823 0.498148 0.011979 0.051852
0 0.416406 0.497685 0.008854 0.047222
0 0.434635 0.502778 0.009896 0.050000
0 0.400260 0.495833 0.010937 0.045370
0 0.841927 0.499537 0.011979 0.045370
0 0.727604 0.493981 0.009375 0.041667
-1 0.265365 0.536111 0.021354 0.094444
-1 0.280208 0.540278 0.017708 0.065741
0 0.779427 0.495370 0.009896 0.048148
