0 0.747135 0.542130 0.019271 0.093519
0 0.811719 0.535648 0.021354 0.075000
0 0.865885 0.610185 0.028646 0.131481
0 0.915625 0.611111 0.031250 0.133333
0 0.785417 0.518981 0.014583 0.075000
0 0.022135 0.630556 0.033854 0.164815
0 0.078385 0.636111 0.031771 0.151852
0 0.258333 0.552315 0.017708 0.086111
0 0.279687 0.556481 0.018750 0.087037
0 0.340365 0.525463 0.014063 0.067593
0 0.328385 0.523611 0.011979 0.062037
0 0.357552 0.514352 0.014063 0.063889
0 0.810937 0.486574 0.005208 0.034259
0 0.562760 0.470370 0.007813 0.027778
0 0.322135 0.518056 0.008854 0.065741
0 0.629427 0.474537 0.007813 0.034259
0 0.678125 0.480556 0.008333 0.042593
0 0.417969 0.487500 0.009896 0.041667
0 0.436458 0.496296 0.008333 0.040741
0 0.406510 0.492130 0.008854 0.043519
0 0.771094 0.486111 0.010937 0.040741
-1 0.300781 0.520370 0.017188 0.081481
