0 0.758333 0.549537 0.020833 0.100926
0 0.826042 0.538889 0.019792 0.075926
0 0.894010 0.621296 0.031771 0.144444
0 0.948177 0.624537 0.036979 0.141667
0 0.800781 0.521296 0.016146 0.075926
0 0.035677 0.666667 0.030729 0.168519
0 0.249479 0.557870 0.018750 0.091667
0 0.272917 0.563889 0.019792 0.090741
0 0.334896 0.532870 0.013542 0.071296
0 0.323177 0.536574 0.011979 0.067593
0 0.355729 0.519907 0.015625 0.060185
0 0.822135 0.491667 0.009896 0.046296
0 0.700521 0.493056 0.010417 0.045370
0 0.813021 0.486111 0.009375 0.038889
0 0.560677 0.472685 0.009896 0.026852
0 0.316406 0.524537 0.008854 0.069444
0 0.631510 0.474537 0.007813 0.034259
0 0.682292 0.486574 0.007292 0.041667
0 0.416667 0.492593 0.008333 0.042593
0 0.405208 0.495833 0.009375 0.041667
-1 0.294531 0.529630 0.018229 0.085185
