0 0.886979 0.622685 0.036458 0.167593
0 0.900260 0.539815 0.019271 0.092593
0 0.138281 0.578704 0.024479 0.120370
0 0.166667 0.582870 0.025000 0.119444
0 0.247656 0.561111 0.020313 0.100000
0 0.232552 0.563426 0.017188 0.095370
0 0.286198 0.544444 0.019271 0.092593
0 0.274479 0.554167 0.019792 0.104630
0 0.818750 0.501852 0.012500 0.048148
0 0.724219 0.509259 0.013021 0.059259
0 0.805990 0.502315 0.010937 0.049074
0 0.511719 0.471759 0.006771 0.028704
0 0.373177 0.490278 0.008854 0.037963
0 0.627344 0.476852 0.008854 0.037037
0 0.386458 0.496296 0.010417 0.051852
0 0.401042 0.502315 0.010417 0.052778
0 0.362760 0.493981 0.009896 0.058333
0 0.651563 0.489352 0.011458 0.043519
0 0.660677 0.490741 0.009896 0.044444
0 0.703385 0.495370 0.011979 0.046296
0 0.731510 0.500000 0.011979 0.050000
-1 0.186458 0.556944 0.018750 0.078704
0 0.215104 0.560185 0.015625 0.079630
0 0.848958 0.499537 0.011458 0.054630
0 0.825260 0.500926 0.011979 0.048148
