0 0.809896 0.579630 0.026042 0.122222
0 0.883854 0.550463 0.021875 0.086111
0 0.855729 0.536574 0.017708 0.084259
0 0.221615 0.568981 0.020313 0.104630
0 0.245052 0.574537 0.020313 0.104630
0 0.320313 0.544444 0.016667 0.079630
0 0.305208 0.547222 0.013542 0.077778
0 0.342708 0.533796 0.015625 0.080556
0 0.326302 0.536574 0.014063 0.078704
0 0.830729 0.500926 0.011458 0.044444
0 0.719010 0.502778 0.009896 0.053704
0 0.825260 0.508333 0.009896 0.050000
0 0.552604 0.480556 0.007292 0.024074
0 0.296354 0.531019 0.008333 0.080556
0 0.642708 0.483333 0.008333 0.037037
0 0.876563 0.498148 0.012500 0.051852
0 0.416406 0.498611 0.008854 0.047222
0 0.434635 0.503704 0.009896 0.050000
0 0.400260 0.496759 0.010937 0.045370
0 0.842448 0.499537 0.011979 0.045370
0 0.728125 0.494907 0.009375 0.041667
-1 0.263802 0.536111 0.021354 0.094444
-1 0.278646 0.540278 0.017708 0.065741
0 0.779427 0.498148 0.009896 0.048148
