0 0.891146 0.631019 0.038542 0.171296
0 0.898698 0.540741 0.019271 0.092593
0 0.127604 0.586111 0.025000 0.122222
0 0.156771 0.586574 0.023958 0.121296
0 0.237760 0.567593 0.020313 0.101852
0 0.220573 0.568519 0.018229 0.096296
0 0.278125 0.548148 0.019792 0.092593
0 0.265365 0.561111 0.020313 0.107407
0 0.815365 0.504630 0.013021 0.046296
0 0.721354 0.511574 0.013542 0.060185
0 0.800521 0.505093 0.011458 0.049074
0 0.505469 0.474074 0.005729 0.029630
0 0.367969 0.493056 0.008854 0.037963
0 0.622396 0.479167 0.009375 0.039815
0 0.380729 0.500000 0.010417 0.051852
0 0.394792 0.505093 0.010417 0.052778
0 0.356510 0.499074 0.009896 0.057407
0 0.647917 0.490278 0.011458 0.043519
0 0.655990 0.490741 0.009896 0.044444
0 0.698438 0.497685 0.011458 0.047222
0 0.737240 0.498611 0.009896 0.049074
0 0.727344 0.499537 0.011979 0.050926
-1 0.173958 0.562500 0.018750 0.078704
0 0.203646 0.566667 0.015625 0.081481
0 0.843229 0.500463 0.011458 0.054630
