0 0.791146 0.558333 0.025000 0.114815
0 0.864323 0.543056 0.021354 0.082407
0 0.978906 0.668056 0.041146 0.167593
0 0.836198 0.522222 0.017188 0.081481
0 0.230469 0.561574 0.019271 0.104630
0 0.254948 0.564352 0.020313 0.104630
0 0.309896 0.539352 0.012500 0.069444
0 0.346875 0.524074 0.015625 0.075926
0 0.327083 0.533796 0.014583 0.078704
0 0.712500 0.492593 0.010417 0.050000
0 0.820833 0.493519 0.008333 0.044444
0 0.556250 0.471296 0.006250 0.025926
0 0.305208 0.519907 0.010417 0.073148
0 0.639062 0.472222 0.008333 0.037037
0 0.416667 0.492130 0.009375 0.047222
0 0.435677 0.495833 0.009896 0.049074
0 0.402604 0.489815 0.011458 0.044444
-1 0.273698 0.527778 0.020313 0.092593
-1 0.288542 0.537500 0.017708 0.063889
0 0.777604 0.486111 0.010417 0.048148
