0 0.906250 0.655556 0.041667 0.185185
0 0.890365 0.555556 0.020313 0.094444
0 0.092969 0.600926 0.028646 0.129630
0 0.119792 0.607407 0.029167 0.127778
0 0.202604 0.588426 0.021875 0.104630
0 0.182552 0.593981 0.019271 0.100926
0 0.245833 0.567130 0.016667 0.097222
0 0.232552 0.583796 0.021354 0.115741
0 0.797656 0.515278 0.010937 0.050926
0 0.710677 0.522222 0.014063 0.062963
0 0.783333 0.513426 0.011458 0.050926
0 0.482812 0.488889 0.006250 0.027778
0 0.345573 0.506019 0.008854 0.043519
0 0.607031 0.487963 0.007813 0.040741
0 0.360677 0.509722 0.009896 0.054630
0 0.373437 0.518519 0.010417 0.055556
0 0.332552 0.512963 0.009896 0.051852
0 0.632813 0.500926 0.011458 0.044444
0 0.640885 0.502778 0.009896 0.044444
0 0.678906 0.506019 0.011979 0.047222
0 0.719792 0.508333 0.011458 0.050000
0 0.162240 0.581944 0.016146 0.087963
0 0.823437 0.510185 0.013542 0.057407
0 0.802865 0.512037 0.010937 0.050000
