0 0.793229 0.560648 0.025000 0.115741
0 0.866406 0.543519 0.021354 0.083333
0 0.987760 0.672685 0.041146 0.167593
0 0.838802 0.523611 0.017188 0.082407
0 0.229427 0.562500 0.019271 0.104630
0 0.254427 0.565278 0.020313 0.104630
0 0.309115 0.539352 0.013021 0.071296
0 0.346875 0.525000 0.015625 0.075926
0 0.828125 0.493519 0.010417 0.042593
0 0.713542 0.492593 0.010417 0.050000
0 0.821615 0.494444 0.008854 0.044444
0 0.555729 0.472222 0.006250 0.027778
0 0.304167 0.521759 0.010417 0.073148
0 0.639583 0.473148 0.008333 0.037037
0 0.416406 0.492130 0.008854 0.047222
0 0.435156 0.496759 0.009896 0.049074
0 0.402083 0.490278 0.011458 0.045370
-1 0.273177 0.527778 0.020313 0.092593
-1 0.287500 0.537963 0.017708 0.064815
0 0.778385 0.487963 0.009896 0.048148
