0 0.884115 0.618981 0.034896 0.165741
0 0.901302 0.538889 0.019271 0.092593
0 0.145573 0.575000 0.024479 0.120370
0 0.173437 0.580556 0.026042 0.118519
0 0.255208 0.558333 0.021875 0.098148
0 0.238802 0.561111 0.017188 0.094444
0 0.291667 0.540278 0.018750 0.091667
0 0.279948 0.552778 0.019271 0.103704
0 0.821875 0.502315 0.012500 0.047222
0 0.725521 0.507870 0.012500 0.058333
0 0.808594 0.502315 0.010937 0.049074
0 0.516406 0.470833 0.006771 0.028704
0 0.377865 0.487963 0.007813 0.038889
0 0.629948 0.475926 0.008854 0.037037
0 0.390104 0.493981 0.010417 0.050926
0 0.404687 0.500926 0.010417 0.051852
0 0.366406 0.493056 0.009896 0.056481
0 0.653646 0.489352 0.011458 0.043519
0 0.663802 0.491667 0.009896 0.044444
0 0.706510 0.493519 0.011979 0.046296
0 0.735156 0.499537 0.011979 0.049074
-1 0.193750 0.555093 0.018750 0.078704
0 0.221875 0.556944 0.015625 0.078704
0 0.828125 0.500000 0.012500 0.050000
