0 0.907813 0.657870 0.041667 0.187963
0 0.889583 0.556944 0.020833 0.095370
0 0.088281 0.601389 0.028646 0.130556
0 0.115885 0.607870 0.029687 0.128704
0 0.198437 0.588889 0.021875 0.105556
0 0.177865 0.594444 0.019271 0.101852
0 0.242448 0.567130 0.017188 0.099074
0 0.228385 0.584722 0.021354 0.115741
0 0.795833 0.515741 0.011458 0.050000
0 0.709635 0.523148 0.014063 0.062963
0 0.781510 0.513889 0.010937 0.051852
0 0.480990 0.487963 0.005729 0.027778
0 0.342448 0.504167 0.008854 0.043519
0 0.605990 0.488889 0.007813 0.040741
0 0.358594 0.510648 0.009896 0.054630
0 0.370833 0.517593 0.010417 0.055556
0 0.330469 0.511574 0.009896 0.054630
0 0.630990 0.500926 0.010937 0.044444
0 0.638802 0.501852 0.009896 0.044444
0 0.676823 0.507870 0.011979 0.047222
0 0.157812 0.582870 0.015625 0.087963
0 0.821354 0.510648 0.012500 0.056481
0 0.801302 0.512963 0.010937 0.050000
0 0.726042 0.508333 0.009375 0.051852
