0 0.778385 0.560185 0.023438 0.111111
0 0.854948 0.543056 0.017188 0.080556
0 0.947396 0.650000 0.037500 0.157407
0 1.004167 0.654630 0.038542 0.151852
0 0.821354 0.524537 0.015625 0.076852
0 0.237500 0.568056 0.018750 0.100926
0 0.261719 0.570370 0.018229 0.105556
0 0.327865 0.547222 0.014063 0.072222
0 0.313542 0.546759 0.012500 0.069444
0 0.350260 0.531019 0.014063 0.065741
0 0.707812 0.494907 0.011458 0.043519
0 0.558333 0.481481 0.007292 0.025926
0 0.309115 0.529167 0.009896 0.071296
0 0.321875 0.525000 0.009375 0.061111
0 0.636198 0.480093 0.007813 0.034259
0 0.416146 0.500926 0.008333 0.044444
0 0.435156 0.505556 0.008854 0.046296
0 0.402604 0.503704 0.010417 0.046296
0 0.835156 0.498611 0.010937 0.045370
-1 0.280990 0.541667 0.019271 0.090741
0 0.775781 0.490278 0.011979 0.047222
