0 0.879948 0.615741 0.032813 0.161111
0 0.936719 0.559259 0.023438 0.092593
0 0.902344 0.537963 0.019271 0.092593
0 0.156510 0.571759 0.024479 0.119444
0 0.182292 0.579167 0.026042 0.119444
0 0.265104 0.557407 0.021875 0.096296
0 0.248438 0.558796 0.016667 0.093519
0 0.300000 0.537500 0.017708 0.089815
0 0.288021 0.550926 0.018750 0.101852
0 0.826042 0.503241 0.012500 0.045370
0 0.728385 0.507407 0.011979 0.057407
0 0.812760 0.504167 0.010937 0.049074
0 0.521875 0.469444 0.006250 0.029630
0 0.383073 0.487963 0.007813 0.038889
0 0.634635 0.476852 0.008854 0.037037
0 0.396354 0.493056 0.010417 0.050926
0 0.410156 0.500000 0.009896 0.051852
0 0.371615 0.492130 0.009896 0.054630
0 0.657292 0.489352 0.011458 0.043519
0 0.668490 0.492130 0.009896 0.045370
0 0.710938 0.493981 0.012500 0.045370
0 0.740365 0.499537 0.011979 0.047222
-1 0.204948 0.552315 0.018229 0.078704
0 0.231771 0.552778 0.015625 0.075926
0 0.832812 0.500926 0.013542 0.048148
