0 0.762760 0.556019 0.021354 0.104630
0 0.833073 0.541667 0.020313 0.075926
0 0.906771 0.637963 0.032292 0.150000
0 0.961979 0.633333 0.039583 0.150000
0 0.806510 0.526852 0.016146 0.075926
0 0.017188 0.682407 0.034375 0.185185
0 0.245833 0.563426 0.018750 0.093519
0 0.270833 0.572222 0.019792 0.090741
0 0.332813 0.539352 0.013542 0.071296
0 0.320052 0.540741 0.011979 0.068519
0 0.354427 0.523148 0.016146 0.059259
0 0.823437 0.499537 0.012500 0.043519
0 0.702083 0.498148 0.010417 0.046296
0 0.814583 0.496296 0.007292 0.038889
0 0.560677 0.478704 0.006771 0.029630
0 0.314323 0.529167 0.008854 0.069444
0 0.633594 0.481019 0.007813 0.034259
0 0.684375 0.490278 0.007292 0.041667
0 0.416667 0.498611 0.008333 0.041667
0 0.404167 0.498611 0.009375 0.041667
0 0.830729 0.496759 0.011458 0.045370
-1 0.290625 0.539815 0.018750 0.087037
