0 0.753906 0.545370 0.020313 0.096296
0 0.819531 0.536574 0.019271 0.076852
0 0.883073 0.615741 0.029687 0.135185
0 0.933073 0.618519 0.032813 0.131481
0 0.795052 0.518981 0.016146 0.075000
0 0.052083 0.643519 0.031250 0.157407
0 0.252865 0.553241 0.018229 0.089815
0 0.276042 0.558333 0.019792 0.090741
0 0.337240 0.528241 0.014063 0.069444
0 0.325781 0.529630 0.011979 0.066667
0 0.356250 0.519907 0.014583 0.062037
0 0.820313 0.491667 0.009375 0.046296
0 0.698698 0.492130 0.009896 0.045370
0 0.812500 0.487037 0.006250 0.035185
0 0.561979 0.470370 0.009375 0.027778
0 0.319792 0.519444 0.007292 0.070370
0 0.630990 0.474537 0.007813 0.034259
0 0.680208 0.481944 0.007292 0.041667
0 0.416667 0.491204 0.008333 0.041667
0 0.435937 0.497222 0.008333 0.042593
0 0.405729 0.494444 0.009375 0.042593
-1 0.297135 0.524074 0.018229 0.083333
