0 0.784896 0.554630 0.023958 0.112963
0 0.860156 0.540741 0.018229 0.081481
0 0.963542 0.656019 0.040625 0.158333
0 0.828385 0.518056 0.016146 0.078704
0 0.233854 0.563889 0.018750 0.103704
0 0.258073 0.566204 0.020313 0.104630
0 0.326302 0.540278 0.014063 0.073148
0 0.311979 0.540278 0.012500 0.069444
0 0.348698 0.523611 0.015104 0.071296
0 0.709896 0.493056 0.010417 0.047222
0 0.816927 0.491667 0.007813 0.053704
0 0.556771 0.473611 0.007292 0.025000
0 0.306510 0.524074 0.010937 0.070370
0 0.636979 0.472685 0.008333 0.034259
0 0.415885 0.493519 0.008854 0.046296
0 0.435156 0.498148 0.008854 0.048148
0 0.402344 0.493981 0.010937 0.045370
0 0.836198 0.490278 0.011979 0.045370
-1 0.276042 0.529630 0.019792 0.090741
-1 0.291667 0.536574 0.017708 0.063889
0 0.776302 0.485648 0.010937 0.047222
