0 0.833594 0.579630 0.027604 0.133333
0 0.904427 0.550000 0.023438 0.088889
0 0.876823 0.533796 0.020313 0.084259
0 0.207031 0.569907 0.021354 0.106481
0 0.233333 0.573148 0.023958 0.112963
0 0.308073 0.547222 0.017188 0.083333
0 0.295312 0.551852 0.015625 0.079630
0 0.336979 0.533796 0.016667 0.080556
0 0.321354 0.541204 0.013542 0.082407
0 0.725781 0.501389 0.010937 0.056481
0 0.549479 0.474537 0.007292 0.028704
0 0.644792 0.478704 0.008333 0.037037
0 0.875000 0.499074 0.016667 0.051852
0 0.413802 0.497685 0.008854 0.047222
0 0.431771 0.500926 0.009375 0.050000
0 0.397135 0.493981 0.010937 0.045370
0 0.665885 0.484722 0.010937 0.049074
0 0.677344 0.490741 0.009896 0.046296
-1 0.247135 0.534259 0.022396 0.103704
-1 0.265104 0.544444 0.018750 0.066667
0 0.283594 0.543981 0.015104 0.067593
0 0.779948 0.494444 0.009896 0.048148
