0 0.822917 0.581481 0.027083 0.129630
0 0.895573 0.550926 0.022396 0.087037
0 0.867708 0.534722 0.018750 0.084259
0 0.215104 0.571759 0.020833 0.104630
0 0.239062 0.575000 0.023958 0.109259
0 0.314063 0.548148 0.016667 0.081481
0 0.299479 0.553241 0.015625 0.078704
0 0.339844 0.536574 0.016146 0.078704
0 0.323698 0.541204 0.014063 0.078704
0 0.722917 0.503704 0.010417 0.055556
0 0.551823 0.478241 0.006771 0.026852
0 0.644271 0.481481 0.008333 0.037037
0 0.876563 0.502315 0.016667 0.050926
0 0.414844 0.500463 0.008854 0.047222
0 0.433594 0.503241 0.009896 0.049074
0 0.398177 0.495833 0.010937 0.045370
0 0.728385 0.493981 0.010937 0.041667
-1 0.255990 0.536111 0.021354 0.098148
-1 0.271354 0.543056 0.018750 0.065741
0 0.290885 0.544444 0.015104 0.066667
0 0.779427 0.497222 0.009896 0.048148
