0 0.726563 0.518981 0.016667 0.086111
0 0.783073 0.508333 0.019271 0.062963
0 0.815365 0.568519 0.028646 0.109259
0 0.861979 0.564352 0.030208 0.117593
0 0.764583 0.499074 0.017708 0.072222
0 0.067448 0.717130 0.025521 0.089815
0 0.104688 0.612037 0.023958 0.142593
0 0.146354 0.616667 0.023958 0.137037
0 0.269792 0.552315 0.017708 0.086111
0 0.290885 0.551389 0.016146 0.087963
0 0.345833 0.524074 0.013542 0.068519
0 0.337240 0.524074 0.010937 0.059259
0 0.358594 0.512037 0.009896 0.053704
0 0.562760 0.466667 0.007813 0.025926
0 0.330208 0.518056 0.010417 0.065741
0 0.621094 0.465278 0.007813 0.032407
0 0.667969 0.469907 0.010937 0.043519
0 0.416667 0.490741 0.008333 0.042593
0 0.434896 0.492593 0.008333 0.038889
0 0.407031 0.491667 0.007813 0.040741
0 0.762500 0.468981 0.008333 0.036111
-1 0.989583 0.559722 0.020833 0.106481
-1 0.314583 0.523148 0.015625 0.074074
