0 0.900000 0.646759 0.041667 0.178704
0 0.893750 0.549074 0.019792 0.094444
0 0.107812 0.595370 0.027083 0.125926
0 0.134635 0.600463 0.026562 0.125000
0 0.216927 0.583333 0.021354 0.101852
0 0.198177 0.584722 0.018229 0.099074
0 0.258594 0.560185 0.017188 0.096296
0 0.246875 0.575926 0.020833 0.112963
0 0.805990 0.510185 0.013021 0.046296
0 0.715104 0.519444 0.014583 0.061111
0 0.790365 0.510648 0.011979 0.049074
0 0.491667 0.482407 0.007292 0.025926
0 0.354427 0.502315 0.008854 0.037963
0 0.613802 0.485185 0.007813 0.040741
0 0.369010 0.506481 0.009896 0.053704
0 0.381771 0.512500 0.010417 0.054630
0 0.341927 0.507407 0.009896 0.055556
0 0.793750 0.506944 0.012500 0.054630
0 0.638802 0.495833 0.011979 0.043519
0 0.645573 0.497222 0.009896 0.044444
0 0.688542 0.502315 0.011458 0.047222
0 0.727604 0.506481 0.010417 0.050000
-1 0.147396 0.578704 0.018750 0.079630
0 0.179948 0.577778 0.016146 0.085185
0 0.830729 0.508796 0.013542 0.060185
