0 0.875781 0.612037 0.030729 0.157407
0 0.937760 0.559259 0.021354 0.092593
0 0.900781 0.537037 0.019271 0.092593
0 0.166406 0.573148 0.025521 0.122222
0 0.191927 0.577315 0.025521 0.119444
0 0.273958 0.554167 0.020833 0.093519
0 0.258594 0.556944 0.016146 0.091667
0 0.306771 0.538426 0.017708 0.087963
0 0.296615 0.549074 0.018229 0.100000
0 0.729427 0.506019 0.011979 0.056481
0 0.816927 0.505093 0.010937 0.049074
0 0.527865 0.470370 0.006771 0.029630
0 0.388281 0.487963 0.007813 0.038889
0 0.637760 0.477778 0.008854 0.037037
0 0.399479 0.493519 0.010417 0.050000
0 0.414844 0.500000 0.009896 0.051852
0 0.376823 0.493056 0.009896 0.052778
0 0.660937 0.489352 0.011458 0.043519
0 0.672396 0.492130 0.009375 0.045370
0 0.715104 0.493981 0.012500 0.045370
0 0.745573 0.499074 0.011979 0.044444
-1 0.215885 0.549537 0.018229 0.078704
0 0.242448 0.553241 0.015104 0.071296
0 0.837240 0.502778 0.013021 0.046296
