0 0.767969 0.565741 0.022396 0.107407
0 0.839062 0.548148 0.018750 0.077778
0 0.920312 0.648611 0.033333 0.150926
0 0.977865 0.651852 0.040104 0.155556
0 0.810937 0.536574 0.016667 0.075000
0 0.243750 0.575926 0.018750 0.096296
0 0.267708 0.576852 0.019792 0.090741
0 0.331250 0.545833 0.013542 0.071296
0 0.318229 0.546759 0.012500 0.069444
0 0.352865 0.535185 0.016146 0.059259
0 0.823177 0.506481 0.009896 0.046296
0 0.704167 0.505556 0.011458 0.044444
0 0.815104 0.503241 0.007292 0.045370
0 0.558333 0.485648 0.007292 0.026852
0 0.312500 0.537500 0.008333 0.073148
0 0.634115 0.488426 0.007813 0.034259
0 0.685937 0.496759 0.007292 0.041667
0 0.416406 0.504630 0.008854 0.042593
0 0.403125 0.505556 0.009375 0.042593
0 0.833333 0.503241 0.011458 0.045370
-1 0.286198 0.550463 0.019271 0.087963
