0 0.976823 0.765741 0.060937 0.277778
0 0.902604 0.571759 0.032292 0.104630
0 0.833333 0.561111 0.022917 0.107407
0 0.004687 0.645833 0.030208 0.143519
0 0.091667 0.596759 0.022917 0.121296
0 0.036719 0.640741 0.030729 0.153704
0 0.710938 0.520370 0.013542 0.050000
0 0.662240 0.532870 0.016146 0.073148
0 0.383854 0.488889 0.007292 0.031481
0 0.033073 0.583796 0.023438 0.110185
0 0.239062 0.518519 0.009375 0.053704
0 0.534375 0.489352 0.008333 0.037963
0 0.733854 0.512963 0.012500 0.064815
0 0.270052 0.520370 0.009896 0.059259
0 0.275781 0.526852 0.010937 0.061111
0 0.228125 0.523148 0.011458 0.062963
0 0.252344 0.514352 0.010937 0.056481
0 0.564063 0.504630 0.010417 0.046296
0 0.574219 0.507870 0.013021 0.049074
0 0.640885 0.507407 0.010937 0.051852
0 0.630729 0.509722 0.011458 0.054630
0 0.740365 0.516204 0.009896 0.063889
0 0.725260 0.513889 0.009896 0.057407
0 0.592969 0.506944 0.009896 0.043519
0 0.650521 0.507407 0.012500 0.048148
