0 0.944271 0.714352 0.054167 0.237963
0 0.919010 0.573611 0.028646 0.102778
0 0.858854 0.560648 0.021875 0.104630
0 0.008854 0.625463 0.031250 0.147222
0 0.086198 0.616667 0.025521 0.124074
0 0.057552 0.618519 0.025521 0.116667
0 0.153906 0.579167 0.021354 0.108333
0 0.121354 0.617130 0.026042 0.143519
0 0.746875 0.518519 0.013542 0.050000
0 0.681250 0.526852 0.015625 0.068519
0 0.737500 0.517130 0.010417 0.054630
0 0.422396 0.485648 0.009375 0.030556
0 0.097917 0.563426 0.023958 0.095370
0 0.280990 0.513426 0.008854 0.043519
0 0.563281 0.488426 0.009896 0.039815
0 0.770312 0.510648 0.012500 0.062037
0 0.304948 0.513889 0.009896 0.059259
0 0.312760 0.521296 0.010937 0.059259
0 0.268490 0.514815 0.009896 0.057407
0 0.292187 0.507407 0.010417 0.055556
0 0.724479 0.507870 0.012500 0.058333
0 0.590885 0.502778 0.009896 0.044444
0 0.597917 0.503704 0.011458 0.048148
0 0.670573 0.507407 0.011979 0.048148
0 0.661719 0.509722 0.010937 0.050926
0 0.042969 0.612500 0.016146 0.102778
0 0.754687 0.514815 0.009375 0.053704
