0 1.006510 0.786111 0.069271 0.294444
0 0.894010 0.574074 0.028646 0.111111
0 0.817708 0.562500 0.021875 0.110185
0 0.057031 0.600926 0.023438 0.125926
0 0.692708 0.518056 0.013542 0.050926
0 0.654427 0.532407 0.016146 0.074074
0 0.697917 0.515278 0.010417 0.052778
0 -0.003385 0.583333 0.024479 0.098148
0 0.218750 0.517593 0.009375 0.053704
0 0.520833 0.487037 0.009375 0.042593
0 0.716146 0.513889 0.015625 0.064815
0 0.250260 0.521759 0.009896 0.058333
0 0.254167 0.529630 0.011458 0.062963
0 0.207552 0.521296 0.011979 0.062963
0 0.229427 0.515278 0.011979 0.058333
0 0.551042 0.504630 0.009375 0.050000
0 0.560937 0.506481 0.011458 0.048148
0 0.623698 0.505556 0.010937 0.053704
0 0.614062 0.509722 0.011458 0.054630
0 0.725521 0.516667 0.010417 0.064815
0 0.669531 0.507407 0.009896 0.057407
0 0.678385 0.507870 0.013021 0.058333
0 0.709896 0.513889 0.010417 0.059259
0 0.577083 0.505093 0.009375 0.045370
0 0.632031 0.507870 0.011979 0.049074
