0 0.873177 0.570370 0.024479 0.112963
0 0.784115 0.561574 0.023438 0.112037
0 0.219010 0.531481 0.011979 0.062963
0 0.636458 0.533333 0.016667 0.075926
0 0.176563 0.527778 0.009375 0.055556
0 0.494531 0.488426 0.009896 0.043519
0 0.682813 0.515278 0.011458 0.062037
0 0.216146 0.537963 0.011458 0.061111
0 0.166667 0.531944 0.012500 0.065741
0 0.189583 0.524537 0.012500 0.063889
0 0.525260 0.507407 0.008854 0.055556
0 0.534635 0.508333 0.010937 0.055556
0 0.596354 0.503241 0.011458 0.056481
0 0.584896 0.508796 0.011458 0.056481
0 0.691146 0.516204 0.015625 0.065741
0 0.648698 0.506019 0.014063 0.058333
0 0.545573 0.507407 0.011979 0.046296
