0 0.931771 0.697685 0.050000 0.219444
0 0.925781 0.570833 0.027604 0.093519
0 0.868750 0.560185 0.018750 0.103704
0 0.015104 0.611574 0.028125 0.137963
0 0.045052 0.616204 0.031771 0.137963
0 0.123698 0.604630 0.024479 0.120370
0 0.097917 0.606944 0.022917 0.112037
0 0.182812 0.570833 0.020833 0.100926
0 0.156510 0.599074 0.023438 0.129630
0 0.763802 0.520833 0.011979 0.050926
0 0.690104 0.529167 0.014583 0.065741
0 0.751302 0.519907 0.009896 0.052778
0 0.441146 0.487037 0.006250 0.027778
0 0.126823 0.549537 0.015104 0.084259
0 0.301823 0.504167 0.008854 0.043519
0 0.576823 0.487500 0.009896 0.039815
0 0.786979 0.514815 0.016667 0.062963
0 0.322135 0.512037 0.009896 0.059259
0 0.331771 0.518056 0.010417 0.058333
0 0.289323 0.511111 0.009896 0.057407
0 0.311979 0.504630 0.010417 0.055556
0 0.743490 0.512037 0.011979 0.057407
0 0.604427 0.502778 0.009896 0.044444
0 0.610938 0.505556 0.009375 0.046296
0 0.678906 0.512037 0.010937 0.050000
0 0.082031 0.601852 0.016146 0.098148
0 0.769010 0.514815 0.010937 0.053704
