0 0.986458 0.772222 0.061458 0.287037
0 0.898438 0.573148 0.032292 0.105556
0 0.827344 0.561574 0.022396 0.108333
0 0.078906 0.599074 0.023438 0.122222
0 0.017969 0.643981 0.032813 0.156481
0 0.704688 0.519444 0.013542 0.050000
0 0.658333 0.530556 0.015625 0.075926
0 0.375521 0.487963 0.006250 0.029630
0 0.018490 0.576852 0.024479 0.098148
0 0.232292 0.517593 0.009375 0.053704
0 0.528646 0.487963 0.008333 0.038889
0 0.728385 0.513426 0.016146 0.065741
0 0.262500 0.520833 0.010417 0.058333
0 0.267708 0.528241 0.011458 0.062037
0 0.219792 0.522222 0.011458 0.062963
0 0.243750 0.514352 0.011458 0.056481
0 0.559115 0.505093 0.009896 0.047222
0 0.567448 0.506019 0.013021 0.047222
0 0.634375 0.506481 0.011458 0.051852
0 0.624479 0.509722 0.011458 0.054630
0 0.734896 0.516204 0.010417 0.063889
0 0.679948 0.510648 0.009896 0.058333
0 0.689844 0.508796 0.013021 0.058333
0 0.719271 0.513426 0.010417 0.058333
0 0.586719 0.506481 0.009896 0.044444
0 0.643490 0.507407 0.011979 0.048148
