0 0.852344 0.574074 0.031771 0.120370
0 0.713281 0.563426 0.025521 0.115741
0 0.124479 0.555556 0.014583 0.066667
0 0.615885 0.550926 0.021354 0.096296
0 0.238542 0.502778 0.008333 0.035185
0 0.444010 0.496296 0.009896 0.044444
0 0.121354 0.563426 0.012500 0.067593
0 0.063802 0.561111 0.013021 0.070370
0 0.080990 0.551852 0.014063 0.074074
0 0.479167 0.516204 0.015625 0.060185
0 0.531250 0.512963 0.013542 0.055556
0 0.519792 0.514352 0.011458 0.060185
0 0.508333 0.512500 0.008333 0.052778
0 0.560677 0.511574 0.015104 0.062037
0 0.572656 0.509722 0.015104 0.058333
