0 0.879167 0.574537 0.023958 0.112037
0 0.791927 0.562963 0.024479 0.109259
0 0.007031 0.611574 0.023438 0.130556
0 0.641146 0.533796 0.016667 0.075000
0 0.187240 0.521759 0.009896 0.052778
0 0.501302 0.487500 0.009896 0.043519
0 0.690625 0.515741 0.012500 0.062963
0 0.222656 0.528241 0.009896 0.060185
0 0.226042 0.535185 0.011458 0.062963
0 0.176563 0.528241 0.012500 0.063889
0 0.200000 0.520833 0.012500 0.063889
0 0.531510 0.506019 0.008854 0.054630
0 0.540625 0.508796 0.011458 0.052778
0 0.602604 0.503704 0.011458 0.055556
0 0.592187 0.508796 0.011458 0.056481
0 0.699740 0.517130 0.015104 0.065741
0 0.655729 0.506481 0.013542 0.059259
0 0.553906 0.506481 0.009896 0.046296
0 0.607292 0.507870 0.011458 0.049074
