0 0.755729 0.559722 0.020833 0.110185
0 0.187500 0.538889 0.013542 0.066667
0 0.626302 0.537037 0.018229 0.085185
0 0.140885 0.537037 0.009896 0.057407
0 0.475260 0.490278 0.009896 0.043519
0 0.185156 0.545370 0.011979 0.061111
0 0.133854 0.538426 0.012500 0.067593
0 0.155208 0.533796 0.012500 0.062037
0 0.507031 0.508333 0.010937 0.053704
0 0.571354 0.506481 0.015625 0.051852
0 0.560417 0.510185 0.011458 0.057407
0 0.658073 0.514815 0.014063 0.068519
0 0.606771 0.504167 0.009375 0.062037
0 0.524219 0.507870 0.011979 0.047222
