0 0.851563 0.567593 0.025000 0.114815
0 0.744792 0.557870 0.022917 0.113889
0 0.176042 0.537963 0.014583 0.064815
0 0.623698 0.539352 0.018229 0.086111
0 0.126562 0.536111 0.009375 0.059259
0 0.468490 0.488426 0.009896 0.043519
0 0.172656 0.547222 0.011979 0.061111
0 0.120313 0.540278 0.012500 0.067593
0 0.141406 0.534259 0.013021 0.062963
0 0.501302 0.508333 0.010937 0.053704
0 0.562760 0.507870 0.011979 0.056481
0 0.552604 0.510185 0.011458 0.057407
0 0.651823 0.515278 0.015104 0.065741
0 0.598958 0.504630 0.009375 0.057407
0 0.511719 0.504167 0.013021 0.056481
