0 0.916406 0.672685 0.043229 0.197222
0 0.882813 0.557870 0.017708 0.100926
0 0.059375 0.604630 0.028125 0.135185
0 0.093750 0.613426 0.033333 0.132407
0 0.175000 0.592130 0.022917 0.110185
0 0.151562 0.598148 0.020833 0.103704
0 0.221875 0.566204 0.017708 0.099074
0 0.204427 0.592593 0.022396 0.120370
0 0.785677 0.518981 0.013021 0.049074
0 0.703385 0.526389 0.013021 0.063889
0 0.770573 0.518981 0.010937 0.054630
0 0.466406 0.485185 0.006771 0.029630
0 0.328385 0.505093 0.008854 0.043519
0 0.594531 0.490741 0.008854 0.038889
0 0.345052 0.512037 0.009896 0.057407
0 0.356771 0.517130 0.010417 0.056481
0 0.316406 0.511111 0.009896 0.057407
0 0.338021 0.504167 0.010417 0.054630
0 0.775781 0.509722 0.010937 0.054630
0 0.621094 0.500926 0.009896 0.044444
0 0.629167 0.501389 0.010417 0.045370
0 0.664323 0.507870 0.010937 0.047222
0 0.697917 0.515278 0.013542 0.050926
0 0.131250 0.588889 0.015625 0.092593
0 0.810156 0.512500 0.010937 0.056481
0 0.789844 0.514815 0.011979 0.051852
0 0.713802 0.503704 0.010937 0.048148
