0 0.919271 0.677778 0.044792 0.201852
0 0.879948 0.558333 0.018229 0.101852
0 0.052083 0.603704 0.028125 0.137037
0 0.084635 0.612037 0.034896 0.133333
0 0.165625 0.593519 0.023958 0.111111
0 0.141146 0.597685 0.020833 0.104630
0 0.214583 0.566204 0.018750 0.099074
0 0.195833 0.593056 0.022917 0.121296
0 0.782292 0.518519 0.013542 0.050000
0 0.701562 0.526389 0.013542 0.063889
0 0.767448 0.516667 0.009896 0.053704
0 0.461458 0.484259 0.007292 0.031481
0 0.323177 0.505093 0.008854 0.043519
0 0.591146 0.488426 0.008333 0.041667
0 0.340885 0.512037 0.009896 0.057407
0 0.352083 0.516667 0.010417 0.057407
0 0.311198 0.510185 0.009896 0.057407
0 0.333073 0.503704 0.009896 0.055556
0 0.764062 0.512500 0.011458 0.056481
0 0.771094 0.509259 0.010937 0.055556
0 0.617969 0.501389 0.009896 0.043519
0 0.626042 0.501389 0.010417 0.045370
0 0.660156 0.503241 0.010937 0.041667
0 0.694271 0.515278 0.013542 0.050926
0 0.122656 0.591204 0.016146 0.093519
0 0.805729 0.512500 0.011458 0.056481
0 0.709635 0.503704 0.010937 0.048148
