0 0.928385 0.693056 0.048438 0.213889
0 0.927604 0.572685 0.026042 0.097222
0 0.871354 0.559722 0.018750 0.102778
0 0.025000 0.608796 0.028125 0.137963
0 0.054948 0.613426 0.032813 0.136111
0 0.134115 0.601852 0.024479 0.118519
0 0.109635 0.604167 0.021354 0.110185
0 0.190885 0.569444 0.020313 0.100000
0 0.166406 0.595833 0.023438 0.126852
0 0.768750 0.520833 0.012500 0.050926
0 0.692708 0.528704 0.014583 0.064815
0 0.754948 0.518056 0.009896 0.052778
0 0.446615 0.484259 0.006771 0.029630
0 0.135417 0.550926 0.014583 0.085185
0 0.308073 0.505093 0.008854 0.043519
0 0.580469 0.487963 0.008854 0.040741
0 0.791146 0.514352 0.016667 0.062037
0 0.326823 0.512037 0.009896 0.059259
0 0.336979 0.517130 0.010417 0.058333
0 0.295573 0.510185 0.009896 0.057407
0 0.317708 0.503704 0.010417 0.055556
0 0.748698 0.512037 0.011979 0.057407
0 0.607552 0.502315 0.009896 0.043519
0 0.615104 0.505556 0.010417 0.044444
0 0.682552 0.512500 0.011979 0.050926
0 0.091927 0.598611 0.016146 0.097222
0 0.772917 0.514815 0.011458 0.053704
0 0.696875 0.502778 0.011458 0.048148
