0 0.884635 0.578704 0.023438 0.112963
0 0.799219 0.565741 0.026562 0.105556
0 0.023438 0.609259 0.023958 0.129630
0 0.646094 0.534722 0.016146 0.073148
0 0.683854 0.519907 0.010417 0.052778
0 0.197396 0.521759 0.010417 0.054630
0 0.508073 0.490278 0.009896 0.043519
0 0.698698 0.516204 0.013021 0.063889
0 0.232552 0.525926 0.009896 0.059259
0 0.235937 0.532870 0.011458 0.063889
0 0.186719 0.525463 0.013021 0.062037
0 0.210417 0.518056 0.012500 0.063889
0 0.537760 0.505556 0.008854 0.053704
0 0.548438 0.508796 0.011458 0.050926
0 0.608854 0.504167 0.011458 0.054630
0 0.598437 0.508796 0.011458 0.056481
0 0.708073 0.516204 0.016146 0.065741
0 0.662500 0.506944 0.013542 0.058333
0 0.561198 0.505556 0.009896 0.046296
0 0.615365 0.507870 0.010937 0.049074
