0 0.852865 0.571296 0.025521 0.116667
0 0.732292 0.560648 0.026042 0.108333
0 0.621354 0.538426 0.019792 0.089815
0 0.112240 0.535648 0.008854 0.062037
0 0.461719 0.490278 0.009896 0.043519
0 0.159896 0.548148 0.012500 0.062963
0 0.104688 0.543056 0.012500 0.067593
0 0.125000 0.533333 0.014583 0.066667
0 0.494531 0.508333 0.010937 0.053704
0 0.552865 0.509259 0.011979 0.057407
0 0.544010 0.510648 0.010937 0.058333
0 0.641146 0.516667 0.015625 0.068519
0 0.588281 0.506019 0.014063 0.058333
0 0.598958 0.503241 0.015625 0.060185
0 0.504427 0.505093 0.011979 0.060185
