0 0.852604 0.572222 0.026042 0.118519
0 0.722656 0.562963 0.025521 0.112963
0 0.618490 0.546759 0.020313 0.093519
0 0.256771 0.499074 0.007292 0.035185
0 0.090365 0.547222 0.010937 0.061111
0 0.452083 0.493519 0.009375 0.042593
0 0.138281 0.547685 0.009896 0.069444
0 0.141667 0.554630 0.012500 0.064815
0 0.084896 0.551389 0.012500 0.067593
0 0.104167 0.540741 0.014583 0.070370
0 0.486979 0.511574 0.011458 0.054630
0 0.542448 0.510648 0.011979 0.056481
0 0.533073 0.512500 0.010937 0.058333
0 0.574219 0.509259 0.015104 0.062963
0 0.586198 0.506019 0.015104 0.058333
0 0.496875 0.508796 0.013542 0.060185
