0 0.917969 0.675463 0.044271 0.199074
0 0.881250 0.557870 0.017708 0.100926
0 0.055729 0.604167 0.028125 0.136111
0 0.089063 0.612500 0.034375 0.132407
0 0.171094 0.592593 0.023438 0.109259
0 0.146354 0.597685 0.020833 0.104630
0 0.217969 0.566204 0.018229 0.099074
0 0.200781 0.593981 0.022396 0.121296
0 0.783594 0.519444 0.013021 0.050000
0 0.702344 0.526389 0.013021 0.063889
0 0.770052 0.517593 0.009896 0.053704
0 0.463802 0.484722 0.006771 0.030556
0 0.325781 0.504167 0.008854 0.043519
0 0.592969 0.490741 0.008854 0.038889
0 0.342969 0.512037 0.009896 0.057407
0 0.354687 0.517130 0.010417 0.056481
0 0.313802 0.511111 0.009896 0.057407
0 0.335417 0.504167 0.010417 0.054630
0 0.766667 0.513426 0.011458 0.056481
0 0.619531 0.500926 0.009896 0.044444
0 0.627604 0.501389 0.010417 0.045370
0 0.662240 0.505556 0.010937 0.044444
0 0.696354 0.516204 0.013542 0.050926
0 0.126823 0.589815 0.016146 0.092593
0 0.808073 0.512500 0.010937 0.056481
0 0.787760 0.514815 0.011979 0.051852
0 0.711719 0.503704 0.010937 0.048148
