0 0.853906 0.569907 0.031771 0.119444
0 0.711979 0.562963 0.025000 0.116667
0 0.120313 0.557407 0.014583 0.066667
0 0.615365 0.551389 0.020313 0.100926
0 0.589323 0.528241 0.011979 0.063889
0 0.234896 0.503704 0.007292 0.035185
0 0.441927 0.497685 0.008854 0.045370
0 0.117188 0.565278 0.012500 0.067593
0 0.059115 0.562500 0.013021 0.071296
0 0.075781 0.554167 0.014063 0.075000
0 0.477344 0.518981 0.016146 0.060185
0 0.529427 0.513426 0.014063 0.056481
0 0.518229 0.515278 0.011458 0.060185
0 0.506510 0.512963 0.008854 0.051852
0 0.558073 0.512037 0.015104 0.061111
0 0.569531 0.510648 0.015104 0.058333
