0 0.940625 0.709259 0.053125 0.233333
0 0.921615 0.574074 0.029687 0.101852
0 0.861719 0.561574 0.019271 0.104630
0 0.019792 0.622685 0.031250 0.143519
0 0.097135 0.612963 0.025521 0.124074
0 0.069010 0.614352 0.025521 0.115741
0 0.161979 0.576852 0.020833 0.105556
0 0.131510 0.606481 0.024479 0.135185
0 0.750781 0.519444 0.013021 0.050000
0 0.683594 0.516204 0.016146 0.073148
0 0.741146 0.517593 0.010417 0.053704
0 0.427344 0.483796 0.007813 0.028704
0 0.105990 0.558333 0.021354 0.087037
0 0.287240 0.510648 0.008854 0.043519
0 0.566406 0.489352 0.009896 0.039815
0 0.776302 0.512963 0.013021 0.059259
0 0.309635 0.512963 0.009896 0.059259
0 0.318490 0.520370 0.010937 0.059259
0 0.274219 0.513889 0.009896 0.057407
0 0.297917 0.506481 0.010417 0.055556
0 0.595052 0.502778 0.009896 0.044444
0 0.602344 0.505556 0.010937 0.048148
0 0.666667 0.510648 0.010417 0.050926
0 0.054948 0.607870 0.016146 0.100926
0 0.759115 0.514815 0.009896 0.053704
