0 0.974219 0.760185 0.060937 0.274074
0 0.904167 0.571759 0.032292 0.104630
0 0.835156 0.561111 0.023438 0.107407
0 0.010937 0.644907 0.030208 0.143519
0 0.096354 0.596296 0.022917 0.120370
0 0.042708 0.639352 0.030208 0.152778
0 0.713021 0.521296 0.013542 0.050000
0 0.663802 0.531481 0.015104 0.074074
0 0.386719 0.489815 0.007813 0.031481
0 0.037500 0.587963 0.023958 0.114815
0 0.242708 0.519444 0.009375 0.053704
0 0.536458 0.490278 0.008333 0.037963
0 0.737240 0.512500 0.009896 0.065741
0 0.272396 0.520370 0.010417 0.059259
0 0.278385 0.526389 0.010937 0.062037
0 0.230729 0.521759 0.011458 0.062037
0 0.255208 0.514352 0.011458 0.056481
0 0.566146 0.504630 0.010417 0.046296
0 0.575260 0.508333 0.013021 0.048148
0 0.642969 0.507407 0.010937 0.051852
0 0.633333 0.509722 0.011458 0.054630
0 0.742448 0.516204 0.009896 0.063889
0 0.727083 0.513889 0.010417 0.057407
0 0.595052 0.506944 0.009896 0.043519
0 0.652604 0.507407 0.012500 0.048148
