0 0.759635 0.561574 0.022396 0.110185
0 0.192708 0.538889 0.013542 0.066667
0 0.626823 0.536574 0.018229 0.086111
0 0.147135 0.537963 0.009896 0.057407
0 0.478385 0.488426 0.009896 0.043519
0 0.190365 0.544907 0.011979 0.060185
0 0.139063 0.537500 0.012500 0.067593
0 0.160938 0.532870 0.012500 0.062037
0 0.510156 0.507870 0.010937 0.054630
0 0.518750 0.508333 0.009375 0.051852
0 0.574479 0.509259 0.016667 0.053704
0 0.563542 0.510185 0.011458 0.057407
0 0.666146 0.515278 0.012500 0.065741
0 0.611458 0.504630 0.009375 0.061111
0 0.527865 0.507407 0.011979 0.046296
