0 0.852604 0.571759 0.026042 0.117593
0 0.725000 0.563889 0.025000 0.112963
0 0.618490 0.548148 0.020313 0.090741
0 0.260677 0.496759 0.006771 0.034259
0 0.095573 0.544444 0.010937 0.061111
0 0.454167 0.492593 0.009375 0.044444
0 0.142448 0.545833 0.009896 0.069444
0 0.146354 0.552315 0.012500 0.063889
0 0.089583 0.549537 0.012500 0.067593
0 0.109375 0.537963 0.014583 0.070370
0 0.488542 0.510648 0.011458 0.054630
0 0.545312 0.510185 0.011458 0.057407
0 0.536198 0.512500 0.010937 0.058333
0 0.577865 0.508796 0.015104 0.062037
0 0.589323 0.505093 0.015104 0.058333
0 0.498177 0.506944 0.014063 0.060185
