0 0.772656 0.562963 0.023438 0.112963
0 0.207292 0.535648 0.011458 0.065741
0 0.630990 0.533333 0.018229 0.079630
0 0.161719 0.535185 0.009896 0.057407
0 0.486979 0.489815 0.010417 0.044444
0 0.672656 0.514815 0.010937 0.061111
0 0.200000 0.535185 0.010417 0.062963
0 0.203646 0.542593 0.011458 0.059259
0 0.153646 0.536574 0.012500 0.067593
0 0.176042 0.529167 0.012500 0.063889
0 0.518490 0.507407 0.009896 0.055556
0 0.527083 0.508333 0.010417 0.053704
0 0.589323 0.506019 0.016146 0.056481
0 0.575000 0.509259 0.011458 0.057407
0 0.679948 0.515278 0.015104 0.065741
0 0.621875 0.506944 0.009375 0.056481
0 0.537240 0.506944 0.011979 0.045370
