0 0.854948 0.568519 0.033854 0.120370
0 0.711198 0.562500 0.024479 0.117593
0 0.118750 0.558333 0.014583 0.066667
0 0.615885 0.553241 0.020313 0.100926
0 0.588281 0.529167 0.011979 0.063889
0 0.233333 0.504630 0.007292 0.035185
0 0.440885 0.497685 0.008854 0.045370
0 0.115104 0.566204 0.012500 0.067593
0 0.057031 0.563889 0.013021 0.072222
0 0.073177 0.555556 0.014063 0.075926
0 0.479167 0.517593 0.013542 0.059259
0 0.528385 0.513889 0.014063 0.055556
0 0.517708 0.515278 0.011458 0.060185
0 0.505990 0.513426 0.008854 0.050926
0 0.556510 0.512037 0.015104 0.061111
0 0.567969 0.510648 0.015104 0.058333
