0 0.852604 0.572222 0.026042 0.118519
0 0.721615 0.562963 0.025521 0.112963
0 0.142187 0.547685 0.014583 0.067593
0 0.618750 0.546759 0.020833 0.095370
0 0.254167 0.500000 0.007292 0.035185
0 0.450781 0.494444 0.009896 0.044444
0 0.139063 0.555556 0.012500 0.064815
0 0.082292 0.553241 0.012500 0.067593
0 0.101563 0.542130 0.014583 0.071296
0 0.486198 0.512037 0.011979 0.055556
0 0.541406 0.510648 0.011979 0.056481
0 0.531510 0.512500 0.010937 0.058333
0 0.572396 0.509722 0.015625 0.063889
0 0.584635 0.506019 0.015104 0.058333
0 0.496615 0.509722 0.013021 0.060185
