0 0.979948 0.767593 0.060937 0.281481
0 0.901302 0.571759 0.031771 0.104630
0 0.831250 0.561111 0.022917 0.107407
0 0.087500 0.597685 0.022917 0.121296
0 0.030469 0.642130 0.031771 0.154630
0 0.708854 0.520370 0.013542 0.050000
0 0.660677 0.531481 0.016146 0.074074
0 0.380990 0.488426 0.006771 0.030556
0 0.028385 0.585648 0.023438 0.110185
0 0.237500 0.518519 0.009375 0.053704
0 0.532292 0.489815 0.008333 0.038889
0 0.732031 0.512963 0.014063 0.064815
0 0.267448 0.520833 0.009896 0.058333
0 0.272917 0.527315 0.011458 0.062037
0 0.225000 0.522222 0.011458 0.062963
0 0.249479 0.514352 0.011458 0.056481
0 0.562500 0.505556 0.010417 0.046296
0 0.571615 0.506944 0.013021 0.049074
0 0.638802 0.507407 0.010937 0.051852
0 0.628646 0.509722 0.011458 0.054630
0 0.738542 0.516204 0.010417 0.063889
0 0.723177 0.513889 0.009896 0.057407
0 0.590885 0.507407 0.009896 0.044444
0 0.647917 0.507407 0.012500 0.048148
