0 0.852604 0.572222 0.026042 0.118519
0 0.723698 0.562963 0.025521 0.112963
0 0.618490 0.547222 0.020313 0.092593
0 0.258594 0.497685 0.006771 0.034259
0 0.092969 0.544444 0.010937 0.061111
0 0.453125 0.493519 0.009375 0.044444
0 0.140365 0.546759 0.009896 0.069444
0 0.143750 0.553704 0.012500 0.064815
0 0.087500 0.550463 0.012500 0.067593
0 0.106771 0.539815 0.014583 0.070370
0 0.487500 0.510648 0.011458 0.054630
0 0.544010 0.510185 0.011979 0.057407
0 0.534635 0.512500 0.010937 0.058333
0 0.576042 0.508796 0.015625 0.062037
0 0.587760 0.505093 0.015104 0.058333
0 0.497135 0.507870 0.014063 0.060185
