0 1.002083 0.783333 0.066667 0.294444
0 0.895052 0.572222 0.029687 0.111111
0 0.819531 0.562037 0.022396 0.109259
0 0.061458 0.600926 0.023958 0.125926
0 0.695313 0.518056 0.013542 0.050926
0 0.655469 0.530556 0.016146 0.074074
0 0.000781 0.578704 0.024479 0.098148
0 0.221875 0.514815 0.009375 0.053704
0 0.522917 0.485185 0.009375 0.042593
0 0.718750 0.513889 0.015625 0.064815
0 0.252604 0.521759 0.010417 0.058333
0 0.257031 0.529630 0.010937 0.062963
0 0.210156 0.521296 0.011979 0.062963
0 0.232292 0.514815 0.011458 0.057407
0 0.552604 0.504630 0.009375 0.050000
0 0.561979 0.505556 0.011458 0.046296
0 0.626042 0.506019 0.011458 0.052778
0 0.616146 0.509722 0.011458 0.054630
0 0.727083 0.516204 0.010417 0.063889
0 0.671615 0.507407 0.009896 0.057407
0 0.680729 0.507870 0.013542 0.058333
0 0.711979 0.513889 0.010417 0.059259
0 0.578906 0.505556 0.009896 0.044444
0 0.634375 0.507870 0.012500 0.049074
