0 0.964062 0.738426 0.061458 0.260185
0 0.908854 0.570833 0.032292 0.102778
0 0.843490 0.560185 0.024479 0.105556
0 0.034896 0.636111 0.028125 0.135185
0 0.005469 0.637963 0.027604 0.122222
0 0.115365 0.590278 0.022396 0.117593
0 0.068490 0.630093 0.027604 0.149074
0 0.722396 0.520833 0.013542 0.049074
0 0.669010 0.529630 0.015104 0.072222
0 0.396875 0.488426 0.008333 0.030556
0 0.055729 0.582870 0.021875 0.115741
0 0.253906 0.517130 0.007813 0.054630
0 0.545312 0.490278 0.008333 0.037963
0 0.282552 0.520370 0.009896 0.059259
0 0.289063 0.525000 0.011458 0.061111
0 0.242448 0.518056 0.009896 0.060185
0 0.265625 0.514815 0.010417 0.055556
0 0.573438 0.503241 0.010417 0.045370
0 0.582292 0.506481 0.011458 0.050000
0 0.651302 0.508333 0.010937 0.050000
0 0.641667 0.509259 0.011458 0.053704
0 0.735156 0.514815 0.009896 0.055556
0 0.604167 0.506481 0.009375 0.042593
0 0.659635 0.506019 0.013021 0.047222
