0 0.926562 0.690741 0.047917 0.211111
0 0.872917 0.559722 0.018750 0.102778
0 0.029687 0.606944 0.028125 0.137963
0 0.060417 0.612500 0.034375 0.136111
0 0.139583 0.600926 0.023958 0.116667
0 0.115625 0.603704 0.020833 0.109259
0 0.195052 0.568519 0.020313 0.100000
0 0.171615 0.594444 0.023438 0.125926
0 0.771354 0.520370 0.012500 0.050000
0 0.695052 0.527778 0.013021 0.064815
0 0.756771 0.517130 0.010417 0.052778
0 0.449219 0.483796 0.006771 0.030556
0 0.139323 0.549537 0.014063 0.086111
0 0.311198 0.504167 0.008854 0.043519
0 0.582552 0.487963 0.008854 0.040741
0 0.793229 0.514352 0.016667 0.062037
0 0.329427 0.512037 0.009896 0.059259
0 0.339583 0.516667 0.010417 0.057407
0 0.298698 0.509259 0.009896 0.057407
0 0.320313 0.503704 0.010417 0.055556
0 0.751302 0.512037 0.011979 0.057407
0 0.609635 0.502315 0.009896 0.043519
0 0.616667 0.506019 0.010417 0.043519
0 0.684635 0.512963 0.011979 0.050000
0 0.097135 0.597222 0.016146 0.096296
0 0.775000 0.514815 0.011458 0.053704
0 0.699479 0.502778 0.011458 0.048148
