0 0.891927 0.576852 0.026562 0.111111
0 0.814323 0.563426 0.022396 0.110185
0 0.048177 0.601389 0.023438 0.126852
0 0.687500 0.518056 0.013542 0.052778
0 0.652865 0.534259 0.016146 0.074074
0 0.695313 0.517130 0.010417 0.052778
0 0.214062 0.515741 0.009375 0.053704
0 0.517708 0.487037 0.009375 0.042593
0 0.710938 0.514815 0.014583 0.064815
0 0.248958 0.530556 0.011458 0.062963
0 0.202604 0.521296 0.012500 0.062963
0 0.224219 0.516204 0.011979 0.060185
0 0.547917 0.504167 0.009375 0.050926
0 0.557813 0.506481 0.012500 0.048148
0 0.619531 0.505556 0.010937 0.053704
0 0.609375 0.509259 0.011458 0.055556
0 0.720573 0.516204 0.011979 0.065741
0 0.665365 0.507407 0.009896 0.057407
0 0.673958 0.507407 0.013542 0.059259
0 0.572917 0.505093 0.009375 0.045370
0 0.627865 0.508796 0.011979 0.049074
