0 0.852604 0.572685 0.026042 0.119444
0 0.720313 0.562037 0.026042 0.112963
0 0.140104 0.548611 0.014583 0.067593
0 0.618750 0.547222 0.020833 0.096296
0 0.251563 0.500926 0.007292 0.035185
0 0.450000 0.493519 0.009375 0.042593
0 0.136979 0.556481 0.012500 0.064815
0 0.080208 0.554167 0.012500 0.067593
0 0.098958 0.543056 0.014583 0.071296
0 0.485937 0.512963 0.012500 0.055556
0 0.539844 0.511574 0.011979 0.056481
0 0.529948 0.512963 0.010937 0.059259
0 0.570833 0.510185 0.015625 0.064815
0 0.583073 0.506481 0.015104 0.057407
0 0.496354 0.510648 0.012500 0.060185
