0 0.877083 0.573148 0.023958 0.112963
0 0.789583 0.562037 0.023958 0.111111
0 0.004427 0.612500 0.023438 0.130556
0 0.639583 0.533796 0.016667 0.075000
0 0.182292 0.524537 0.011458 0.054630
0 0.499219 0.488426 0.009896 0.043519
0 0.688021 0.515278 0.012500 0.062037
0 0.222917 0.536574 0.011458 0.062037
0 0.173177 0.529630 0.013021 0.064815
0 0.196354 0.521759 0.012500 0.063889
0 0.529427 0.506481 0.008854 0.055556
0 0.539063 0.509259 0.011458 0.053704
0 0.590104 0.508796 0.011458 0.056481
0 0.696615 0.516204 0.015104 0.065741
0 0.653385 0.506481 0.014063 0.059259
0 0.551823 0.505556 0.009896 0.046296
0 0.603906 0.507870 0.011979 0.049074
