0 0.957292 0.730093 0.059375 0.252778
0 0.911458 0.572222 0.027083 0.103704
0 0.849219 0.559722 0.025521 0.104630
0 0.052865 0.628704 0.026562 0.127778
0 0.022917 0.630093 0.027083 0.121296
0 0.128906 0.586111 0.021354 0.114815
0 0.086979 0.622685 0.026042 0.143519
0 0.730729 0.519907 0.015625 0.050926
0 0.671615 0.529167 0.015104 0.073148
0 0.404427 0.488426 0.007813 0.028704
0 0.070313 0.580093 0.021875 0.115741
0 0.263021 0.515278 0.009375 0.050926
0 0.551562 0.488426 0.008333 0.039815
0 0.289844 0.517593 0.009896 0.059259
0 0.297135 0.523611 0.010937 0.060185
0 0.252604 0.517593 0.010417 0.059259
0 0.275000 0.512037 0.010417 0.055556
0 0.708333 0.510185 0.012500 0.057407
0 0.578906 0.502315 0.009896 0.045370
0 0.586458 0.504167 0.010417 0.049074
0 0.658073 0.509259 0.010937 0.050000
0 0.648177 0.509259 0.010937 0.051852
0 0.741406 0.514352 0.009896 0.054630
0 0.610938 0.506481 0.009375 0.042593
