0 1.011198 0.789352 0.071354 0.295370
0 0.892969 0.575463 0.027604 0.112037
0 0.815885 0.562500 0.022396 0.110185
0 0.052604 0.601389 0.023958 0.126852
0 0.690104 0.518519 0.013542 0.051852
0 0.653906 0.534259 0.016146 0.074074
0 0.696354 0.516204 0.010417 0.052778
0 0.217188 0.515741 0.009375 0.053704
0 0.519271 0.487963 0.009375 0.042593
0 0.713802 0.513889 0.015104 0.064815
0 0.251563 0.530556 0.011458 0.062963
0 0.204948 0.521296 0.011979 0.062963
0 0.226823 0.515741 0.011979 0.059259
0 0.549479 0.504167 0.009375 0.050926
0 0.559115 0.507407 0.011979 0.048148
0 0.621615 0.505556 0.010937 0.053704
0 0.611979 0.510185 0.011458 0.055556
0 0.722917 0.516204 0.011458 0.065741
0 0.667448 0.507407 0.009896 0.057407
0 0.676042 0.507870 0.013542 0.058333
0 0.575000 0.505093 0.009375 0.045370
0 0.629948 0.507870 0.011979 0.049074
