0 0.852344 0.570370 0.025521 0.116667
0 0.733594 0.560185 0.026562 0.107407
0 0.165365 0.538426 0.015104 0.063889
0 0.621354 0.538889 0.019792 0.088889
0 0.114844 0.536574 0.008854 0.062037
0 0.462760 0.490278 0.009896 0.043519
0 0.158333 0.538426 0.010417 0.065741
0 0.161979 0.548148 0.012500 0.062963
0 0.107292 0.543056 0.012500 0.067593
0 0.127865 0.533333 0.014063 0.066667
0 0.495573 0.508333 0.010937 0.053704
0 0.554427 0.508333 0.011979 0.057407
0 0.545312 0.510648 0.011458 0.058333
0 0.643229 0.519444 0.015625 0.068519
0 0.590104 0.506019 0.013542 0.058333
0 0.601042 0.503241 0.015625 0.060185
0 0.505990 0.506944 0.010937 0.056481
