0 0.869531 0.567593 0.024479 0.112963
0 0.778385 0.562500 0.023438 0.112037
0 0.213021 0.533333 0.011458 0.064815
0 0.633333 0.532870 0.016667 0.076852
0 0.168750 0.530556 0.009375 0.055556
0 0.490365 0.488426 0.009896 0.043519
0 0.677604 0.514815 0.011458 0.061111
0 0.206250 0.532870 0.010417 0.062037
0 0.209896 0.540278 0.011458 0.060185
0 0.159896 0.534259 0.012500 0.066667
0 0.182812 0.526389 0.012500 0.063889
0 0.521875 0.507407 0.009375 0.055556
0 0.530208 0.508333 0.010417 0.053704
0 0.592187 0.503241 0.011458 0.056481
0 0.579688 0.508796 0.011458 0.056481
0 0.685677 0.516204 0.015104 0.065741
0 0.628125 0.506944 0.009375 0.056481
0 0.644271 0.505556 0.014583 0.059259
0 0.541146 0.506944 0.011458 0.045370
