0 0.852604 0.571296 0.026042 0.116667
0 0.729948 0.561574 0.025521 0.110185
0 0.621354 0.542130 0.018750 0.087963
0 0.107552 0.537500 0.008854 0.062037
0 0.458594 0.490278 0.009896 0.043519
0 0.155729 0.548611 0.012500 0.063889
0 0.099479 0.544907 0.012500 0.067593
0 0.119792 0.533333 0.014583 0.068519
0 0.492448 0.509259 0.010937 0.053704
0 0.550781 0.509259 0.011979 0.057407
0 0.541406 0.511574 0.010937 0.058333
0 0.584635 0.506944 0.015104 0.058333
0 0.595313 0.503241 0.015625 0.060185
0 0.501823 0.507407 0.014063 0.059259
