0 0.882813 0.577315 0.023958 0.112037
0 0.796875 0.564815 0.026042 0.107407
0 0.018229 0.612037 0.023958 0.129630
0 0.644271 0.534259 0.016667 0.074074
0 0.680729 0.518981 0.010417 0.052778
0 0.194792 0.521759 0.010417 0.054630
0 0.505990 0.490278 0.009896 0.043519
0 0.695833 0.515741 0.012500 0.062963
0 0.232292 0.533333 0.011458 0.062963
0 0.183073 0.525926 0.013021 0.062963
0 0.206771 0.518981 0.012500 0.063889
0 0.535677 0.505556 0.008854 0.053704
0 0.546354 0.509722 0.011458 0.050926
0 0.606771 0.504167 0.011458 0.054630
0 0.596354 0.508796 0.011458 0.056481
0 0.705729 0.516204 0.016667 0.065741
0 0.660156 0.506481 0.014063 0.059259
0 0.558594 0.505556 0.009896 0.046296
0 0.612760 0.507870 0.010937 0.049074
