0 0.764062 0.562500 0.022917 0.110185
0 0.197917 0.538889 0.013542 0.066667
0 0.628906 0.533796 0.020313 0.084259
0 0.153385 0.535185 0.009896 0.057407
0 0.482031 0.489352 0.009896 0.043519
0 0.665625 0.512037 0.012500 0.064815
0 0.195573 0.543519 0.011979 0.059259
0 0.144792 0.536574 0.012500 0.067593
0 0.167187 0.531481 0.012500 0.062963
0 0.513542 0.507870 0.010417 0.054630
0 0.522135 0.509259 0.009896 0.053704
0 0.582031 0.506481 0.013021 0.055556
0 0.567187 0.509259 0.011458 0.057407
0 0.671875 0.515278 0.015625 0.065741
0 0.616667 0.505556 0.009375 0.061111
0 0.531510 0.507407 0.011979 0.046296
