0 0.912500 0.664815 0.041667 0.192593
0 0.886458 0.559722 0.019792 0.097222
0 0.073698 0.602778 0.028646 0.133333
0 0.104688 0.610648 0.031250 0.130556
0 0.186719 0.590741 0.022396 0.109259
0 0.164323 0.595833 0.020313 0.102778
0 0.231510 0.567593 0.017188 0.100000
0 0.216667 0.588889 0.021875 0.118519
0 0.791146 0.518056 0.012500 0.049074
0 0.705990 0.526389 0.011979 0.063889
0 0.776302 0.515278 0.010937 0.052778
0 0.473438 0.486574 0.006250 0.028704
0 0.335677 0.506019 0.008854 0.043519
0 0.600000 0.488426 0.007292 0.041667
0 0.351823 0.512500 0.009896 0.056481
0 0.364063 0.517130 0.010417 0.056481
0 0.323698 0.512037 0.009896 0.057407
0 0.345573 0.505093 0.009896 0.054630
0 0.782031 0.508333 0.010937 0.053704
0 0.626042 0.500926 0.010417 0.044444
0 0.634115 0.501852 0.009896 0.044444
0 0.671094 0.506944 0.011979 0.047222
0 0.711458 0.507870 0.011458 0.049074
0 0.703125 0.514352 0.012500 0.050926
0 0.144531 0.586111 0.016146 0.090741
0 0.815885 0.510185 0.010937 0.055556
0 0.796094 0.514815 0.011979 0.051852
0 0.719792 0.505556 0.010417 0.048148
