0 0.850260 0.570833 0.031771 0.119444
0 0.718229 0.562037 0.026042 0.112963
0 0.136198 0.550463 0.014063 0.067593
0 0.619010 0.549074 0.020313 0.096296
0 0.247917 0.500463 0.009375 0.034259
0 0.079427 0.550000 0.010937 0.061111
0 0.447656 0.494444 0.009896 0.044444
0 0.132292 0.558796 0.012500 0.065741
0 0.075521 0.556944 0.012500 0.067593
0 0.094010 0.546296 0.014063 0.072222
0 0.484375 0.514352 0.013542 0.056481
0 0.537240 0.511574 0.011979 0.056481
0 0.526823 0.512963 0.010937 0.059259
0 0.567708 0.510185 0.015625 0.064815
0 0.580469 0.507407 0.015104 0.057407
0 0.496094 0.512037 0.011979 0.059259
