0 0.886719 0.580093 0.023438 0.112037
0 0.801823 0.567130 0.027604 0.104630
0 0.028646 0.606944 0.023958 0.128704
0 0.647656 0.534722 0.016146 0.073148
0 0.685937 0.518981 0.010417 0.052778
0 0.200781 0.519444 0.008854 0.055556
0 0.509635 0.487963 0.010937 0.042593
0 0.235156 0.524537 0.009896 0.058333
0 0.238542 0.531944 0.011458 0.063889
0 0.189844 0.524537 0.013021 0.062037
0 0.213021 0.517593 0.012500 0.062963
0 0.539844 0.505093 0.008854 0.052778
0 0.550000 0.507870 0.011458 0.050926
0 0.610938 0.504167 0.011458 0.054630
0 0.601042 0.509259 0.011458 0.055556
0 0.710677 0.516204 0.015104 0.065741
0 0.664844 0.506944 0.014063 0.058333
0 0.563542 0.505093 0.009375 0.045370
0 0.617708 0.507870 0.011458 0.049074
