0 0.850260 0.569907 0.033854 0.119444
0 0.714583 0.564352 0.026042 0.113889
0 0.130208 0.553704 0.013542 0.068519
0 0.616927 0.549074 0.021354 0.096296
0 0.242188 0.501389 0.008333 0.034259
0 0.445573 0.495370 0.009896 0.044444
0 0.125521 0.561111 0.012500 0.066667
0 0.068229 0.558796 0.012500 0.069444
0 0.086198 0.549537 0.014063 0.073148
0 0.481250 0.515278 0.014583 0.058333
0 0.533333 0.512963 0.012500 0.055556
0 0.522135 0.513426 0.010937 0.060185
0 0.563542 0.511111 0.015625 0.062963
0 0.575781 0.508796 0.015104 0.058333
