0 0.983073 0.769907 0.060937 0.284259
0 0.900781 0.572222 0.031771 0.105556
0 0.829167 0.561574 0.022917 0.108333
0 0.083333 0.598148 0.022917 0.122222
0 0.024219 0.642593 0.031771 0.155556
0 0.706771 0.519444 0.013542 0.050000
0 0.659635 0.531019 0.016146 0.075000
0 0.378125 0.487963 0.006250 0.029630
0 0.023177 0.579630 0.024479 0.103704
0 0.234375 0.517593 0.009375 0.053704
0 0.530729 0.487963 0.008333 0.038889
0 0.730469 0.513889 0.016146 0.064815
0 0.265104 0.520833 0.010417 0.058333
0 0.270313 0.527315 0.011458 0.062037
0 0.222396 0.522222 0.011458 0.062963
0 0.246354 0.514352 0.011458 0.056481
0 0.560677 0.505093 0.009896 0.047222
0 0.569531 0.505093 0.010937 0.047222
0 0.636719 0.506944 0.010937 0.052778
0 0.626563 0.509722 0.011458 0.054630
0 0.736719 0.516204 0.009896 0.063889
0 0.683073 0.510185 0.009896 0.057407
0 0.721354 0.513426 0.010417 0.058333
0 0.588802 0.506481 0.009896 0.044444
0 0.645833 0.507407 0.012500 0.048148
