0 0.852865 0.571759 0.031771 0.119444
0 0.712500 0.562963 0.025000 0.116667
0 0.122396 0.556481 0.014583 0.066667
0 0.615625 0.550926 0.020833 0.098148
0 0.590885 0.528241 0.011979 0.063889
0 0.236719 0.503241 0.007813 0.034259
0 0.442708 0.497222 0.009375 0.042593
0 0.119271 0.564352 0.012500 0.067593
0 0.061458 0.561574 0.012500 0.071296
0 0.078385 0.553241 0.014063 0.075000
0 0.478385 0.517130 0.016146 0.060185
0 0.530208 0.512963 0.013542 0.055556
0 0.519271 0.514352 0.011458 0.060185
0 0.507292 0.512500 0.008333 0.052778
0 0.559375 0.511574 0.015625 0.062037
0 0.571094 0.509722 0.015104 0.058333
