0 0.875000 0.571296 0.023958 0.112963
0 0.787240 0.561574 0.023438 0.112037
0 0.638021 0.533333 0.016667 0.075926
0 0.179167 0.526852 0.009375 0.055556
0 0.496615 0.488426 0.009896 0.043519
0 0.685677 0.515278 0.011979 0.062037
0 0.216146 0.530556 0.010417 0.061111
0 0.219792 0.537500 0.011458 0.062037
0 0.170052 0.530556 0.013021 0.064815
0 0.193229 0.523611 0.012500 0.063889
0 0.527344 0.506481 0.008854 0.055556
0 0.536198 0.508796 0.010937 0.054630
0 0.598437 0.503241 0.011458 0.056481
0 0.587500 0.508796 0.011458 0.056481
0 0.694010 0.516204 0.015104 0.065741
0 0.651302 0.506481 0.014063 0.059259
0 0.549219 0.507870 0.009896 0.047222
