0 0.923177 0.685648 0.046354 0.206481
0 0.875781 0.558796 0.018229 0.102778
0 0.039063 0.605093 0.028125 0.137963
0 0.071354 0.611111 0.036458 0.135185
0 0.150000 0.597685 0.023958 0.113889
0 0.125521 0.601852 0.018750 0.107407
0 0.203125 0.567593 0.019792 0.100000
0 0.181771 0.592130 0.022917 0.123148
0 0.776302 0.520370 0.013021 0.050000
0 0.696875 0.527315 0.012500 0.065741
0 0.760938 0.516204 0.010417 0.052778
0 0.454687 0.483333 0.007292 0.031481
0 0.148177 0.547685 0.014063 0.086111
0 0.315885 0.504167 0.008854 0.043519
0 0.585938 0.488889 0.009375 0.040741
0 0.334115 0.511574 0.009896 0.058333
0 0.344792 0.516667 0.010417 0.057407
0 0.303906 0.509259 0.009896 0.057407
0 0.325521 0.503704 0.010417 0.055556
0 0.756250 0.512500 0.011458 0.056481
0 0.612760 0.501389 0.009896 0.043519
0 0.620833 0.505093 0.011458 0.045370
0 0.653125 0.507870 0.011458 0.049074
0 0.688542 0.513889 0.012500 0.050000
0 0.107031 0.594907 0.016146 0.095370
0 0.798958 0.512963 0.011458 0.057407
0 0.779427 0.514352 0.011979 0.052778
0 0.703646 0.502778 0.011458 0.048148
