0 0.889844 0.580093 0.024479 0.112037
0 0.808073 0.565278 0.026562 0.108333
0 0.039583 0.602315 0.023958 0.128704
0 0.682292 0.518519 0.013542 0.053704
0 0.651302 0.534722 0.016146 0.073148
0 0.690625 0.518056 0.010417 0.052778
0 0.207812 0.517593 0.009375 0.053704
0 0.514062 0.488889 0.009375 0.042593
0 0.705990 0.514815 0.014063 0.064815
0 0.243750 0.531481 0.011458 0.062963
0 0.196094 0.522685 0.013021 0.062037
0 0.218490 0.516667 0.011979 0.061111
0 0.544010 0.504630 0.008854 0.051852
0 0.554688 0.507407 0.011458 0.050000
0 0.615365 0.505093 0.010937 0.054630
0 0.605208 0.509259 0.011458 0.055556
0 0.715625 0.516204 0.013542 0.065741
0 0.669271 0.507407 0.013542 0.059259
0 0.568750 0.505093 0.009375 0.045370
0 0.622656 0.507870 0.011979 0.049074
