0 0.955208 0.727778 0.058333 0.250000
0 0.913021 0.572222 0.028125 0.103704
0 0.851302 0.559722 0.025521 0.104630
0 0.058854 0.626389 0.026042 0.125000
0 0.028646 0.627778 0.027083 0.120370
0 0.133073 0.584722 0.021354 0.113889
0 0.092448 0.620833 0.025521 0.143519
0 0.733594 0.519444 0.016146 0.051852
0 0.673177 0.528704 0.016146 0.070370
0 0.407552 0.487963 0.007813 0.029630
0 0.074740 0.579630 0.022396 0.112963
0 0.265625 0.515278 0.010417 0.049074
0 0.553125 0.488426 0.008333 0.039815
0 0.292448 0.517593 0.009896 0.059259
0 0.299740 0.523611 0.010937 0.060185
0 0.255208 0.516667 0.010417 0.059259
0 0.278125 0.511111 0.010417 0.055556
0 0.580990 0.502315 0.009896 0.045370
0 0.588542 0.503704 0.010417 0.050000
0 0.660156 0.508796 0.010937 0.049074
0 0.650260 0.509259 0.010937 0.051852
0 0.013542 0.624537 0.017708 0.106481
0 0.743750 0.514352 0.009375 0.054630
0 0.613542 0.506481 0.009375 0.042593
