0 0.961719 0.735185 0.060937 0.257407
0 0.910937 0.570833 0.030208 0.102778
0 0.845313 0.560185 0.025000 0.105556
0 0.040885 0.633333 0.027604 0.133333
0 0.011719 0.634259 0.027604 0.122222
0 0.120052 0.588889 0.022396 0.116667
0 0.075000 0.627778 0.027083 0.148148
0 0.725000 0.520833 0.013542 0.049074
0 0.669531 0.529167 0.015104 0.073148
0 0.399219 0.488889 0.007813 0.029630
0 0.060417 0.581019 0.021875 0.115741
0 0.257031 0.516204 0.007813 0.052778
0 0.547656 0.488889 0.008854 0.040741
0 0.284635 0.519444 0.009896 0.059259
0 0.291667 0.524537 0.011458 0.060185
0 0.245573 0.517593 0.009896 0.059259
0 0.269792 0.513889 0.010417 0.055556
0 0.575260 0.502778 0.009896 0.046296
0 0.584375 0.505556 0.011458 0.050000
0 0.653385 0.508333 0.010937 0.050000
0 0.644010 0.509722 0.010937 0.052778
0 0.753125 0.513889 0.011458 0.061111
0 0.737240 0.514352 0.009896 0.054630
0 0.606510 0.506481 0.009896 0.042593
0 0.661458 0.506019 0.012500 0.047222
