0 0.925000 0.688426 0.046875 0.208333
0 0.874219 0.558796 0.018229 0.102778
0 0.034375 0.606019 0.028125 0.137963
0 0.065625 0.611574 0.035417 0.136111
0 0.144792 0.599074 0.023958 0.114815
0 0.120313 0.602315 0.019792 0.108333
0 0.198958 0.568519 0.019792 0.100000
0 0.176563 0.593056 0.022917 0.125000
0 0.773698 0.520370 0.013021 0.050000
0 0.696875 0.527778 0.013542 0.064815
0 0.758854 0.516204 0.010417 0.052778
0 0.451823 0.483333 0.006771 0.031481
0 0.143490 0.548611 0.014063 0.086111
0 0.313802 0.503241 0.008854 0.043519
0 0.583854 0.488426 0.009375 0.037963
0 0.332031 0.512037 0.009896 0.059259
0 0.342708 0.516667 0.010417 0.057407
0 0.301823 0.509259 0.009896 0.057407
0 0.323437 0.503704 0.010417 0.055556
0 0.753906 0.512500 0.011979 0.056481
0 0.611198 0.501852 0.009896 0.044444
0 0.618229 0.504630 0.010417 0.044444
0 0.653125 0.507870 0.011458 0.049074
0 0.686458 0.513426 0.012500 0.050926
0 0.102344 0.596296 0.016146 0.096296
0 0.796615 0.512963 0.010937 0.057407
0 0.777344 0.514815 0.011979 0.053704
0 0.702083 0.502778 0.011458 0.048148
