0 0.753646 0.578704 0.023958 0.138889
0 0.069271 0.585185 0.018750 0.088889
0 0.692187 0.593056 0.032292 0.137963
0 0.451823 0.502315 0.009896 0.045370
0 0.623698 0.523148 0.013021 0.079630
0 0.063021 0.599074 0.014583 0.083333
0 0.000260 0.591204 0.011979 0.082407
0 0.570833 0.543056 0.016667 0.080556
0 0.205208 0.511111 0.008333 0.033333
0 0.585677 0.538426 0.017188 0.086111
0 0.600260 0.534722 0.021354 0.086111
0 0.545312 0.519444 0.015625 0.064815
0 0.563802 0.515278 0.011979 0.065741
0 0.478906 0.520833 0.013021 0.062037
