0 0.757031 0.578704 0.024479 0.138889
0 0.070313 0.585648 0.018750 0.089815
0 0.696875 0.594444 0.032292 0.137037
0 0.453906 0.501389 0.009896 0.045370
0 0.626042 0.523611 0.013542 0.080556
0 0.063281 0.599537 0.015104 0.084259
0 0.000260 0.597685 0.011979 0.076852
0 0.572135 0.543056 0.017188 0.080556
0 0.205729 0.511111 0.008333 0.033333
0 0.586979 0.537963 0.016667 0.087037
0 0.601042 0.533796 0.020833 0.086111
0 0.546615 0.519444 0.016146 0.064815
0 0.565104 0.514815 0.012500 0.066667
0 0.480469 0.520833 0.013021 0.062037
