0 0.866667 0.575463 0.034375 0.123148
0 0.707292 0.569444 0.026042 0.120370
0 0.100781 0.568519 0.015104 0.070370
0 0.620573 0.559722 0.022396 0.095370
0 0.027083 0.569907 0.009375 0.069444
0 0.434635 0.501389 0.007813 0.043519
0 0.094010 0.576389 0.013021 0.069444
0 0.033854 0.572222 0.013542 0.077778
0 0.046615 0.564815 0.015104 0.079630
0 0.520312 0.518519 0.014583 0.057407
0 0.510417 0.519907 0.011458 0.060185
0 0.587760 0.531944 0.011979 0.075000
0 0.498437 0.517130 0.011458 0.049074
0 0.544271 0.517593 0.015625 0.064815
0 0.557813 0.512037 0.013542 0.059259
0 0.465885 0.520370 0.011979 0.053704
