0 0.855469 0.567593 0.031771 0.120370
0 0.710417 0.562500 0.023958 0.119444
0 0.115104 0.560185 0.014583 0.066667
0 0.617708 0.552315 0.020833 0.100926
0 0.585417 0.530556 0.012500 0.064815
0 0.230208 0.503704 0.007292 0.035185
0 0.440365 0.498611 0.008854 0.045370
0 0.110937 0.568519 0.012500 0.068519
0 0.052344 0.565278 0.013021 0.073148
0 0.068229 0.557870 0.013542 0.076852
0 0.526302 0.514352 0.015104 0.056481
0 0.516146 0.516204 0.011458 0.060185
0 0.504687 0.513889 0.009375 0.050000
0 0.553906 0.512500 0.015104 0.060185
0 0.565625 0.511574 0.014583 0.058333
0 0.473958 0.515278 0.012500 0.050926
