0 0.933333 0.573148 0.035417 0.135185
0 0.722396 0.577315 0.027083 0.128704
0 0.074219 0.584259 0.016146 0.081481
0 0.644531 0.575463 0.028646 0.117593
0 0.435677 0.505093 0.008854 0.047222
0 0.066927 0.595370 0.014063 0.077778
0 0.007292 0.593519 0.012500 0.079630
0 0.518750 0.520370 0.012500 0.059259
0 0.509375 0.525000 0.011458 0.062963
0 0.562760 0.543056 0.017188 0.073148
0 0.202604 0.514815 0.007292 0.035185
0 0.575781 0.538889 0.017188 0.079630
0 0.593490 0.535648 0.019271 0.084259
0 0.533073 0.524537 0.016146 0.063889
0 0.552344 0.520370 0.011979 0.064815
0 0.463802 0.523148 0.010937 0.059259
