0 0.748177 0.576389 0.024479 0.136111
0 0.068750 0.584722 0.018750 0.086111
0 0.683594 0.592130 0.031771 0.132407
0 0.449219 0.501389 0.009896 0.045370
0 0.619271 0.522222 0.012500 0.077778
0 0.062500 0.596759 0.014583 0.082407
0 0.000260 0.591667 0.010937 0.083333
0 0.527344 0.517130 0.011979 0.063889
0 0.568229 0.542593 0.016667 0.079630
0 0.204167 0.511111 0.008333 0.033333
0 0.583073 0.537500 0.018229 0.086111
0 0.597656 0.535185 0.022396 0.087037
0 0.542448 0.519444 0.015104 0.064815
0 0.561198 0.515741 0.011979 0.066667
0 0.475260 0.520833 0.013021 0.062037
