0 0.925000 0.571296 0.034375 0.135185
0 0.720052 0.576389 0.026562 0.128704
0 0.076302 0.582407 0.016146 0.079630
0 0.641406 0.573611 0.027604 0.115741
0 0.434896 0.505093 0.008333 0.047222
0 0.069531 0.593981 0.014063 0.076852
0 0.005469 0.589352 0.016146 0.084259
0 0.518229 0.520370 0.012500 0.059259
0 0.508333 0.525000 0.011458 0.062963
0 0.561979 0.543519 0.017708 0.074074
0 0.576302 0.536574 0.016146 0.080556
0 0.592969 0.535185 0.018229 0.083333
0 0.533073 0.523611 0.014063 0.065741
0 0.552083 0.519907 0.012500 0.063889
0 0.463281 0.522685 0.010937 0.058333
