0 0.967708 0.568056 0.036458 0.141667
0 0.731771 0.573611 0.027083 0.132407
0 0.071094 0.583796 0.016146 0.080556
0 0.658073 0.578241 0.029687 0.125000
0 0.439844 0.505093 0.008854 0.043519
0 0.605208 0.521759 0.013542 0.076852
0 0.062240 0.595833 0.014063 0.080556
0 0.002344 0.593519 0.011979 0.083333
0 0.521615 0.517130 0.011979 0.060185
0 0.563542 0.543056 0.017708 0.075000
0 0.202083 0.511574 0.008333 0.034259
0 0.577865 0.538426 0.019271 0.084259
0 0.592448 0.535185 0.016146 0.087037
0 0.534896 0.520370 0.014583 0.064815
0 0.554427 0.517593 0.011979 0.064815
0 0.468490 0.519907 0.011979 0.056481
