0 0.956510 0.571296 0.038021 0.138889
0 0.728646 0.575000 0.027083 0.131481
0 0.071615 0.584722 0.016146 0.082407
0 0.652865 0.575926 0.029687 0.122222
0 0.438281 0.504167 0.008854 0.047222
0 0.601823 0.522685 0.014063 0.075000
0 0.063281 0.596296 0.014063 0.079630
0 0.003385 0.592593 0.011979 0.081481
0 0.520312 0.517593 0.011458 0.059259
0 0.563021 0.542593 0.018750 0.074074
0 0.202344 0.512500 0.007813 0.034259
0 0.577083 0.539352 0.018750 0.082407
0 0.593490 0.536574 0.018229 0.087963
0 0.533594 0.521296 0.015104 0.064815
0 0.553906 0.518519 0.011979 0.064815
0 0.467187 0.520833 0.011458 0.058333
