0 0.870833 0.575926 0.034375 0.124074
0 0.706771 0.570370 0.026042 0.120370
0 0.097135 0.570833 0.015104 0.071296
0 0.621094 0.558333 0.023438 0.094444
0 0.022917 0.573611 0.010417 0.071296
0 0.433594 0.504167 0.007813 0.043519
0 0.089844 0.578704 0.013021 0.070370
0 0.029687 0.574537 0.013542 0.078704
0 0.041406 0.567130 0.015104 0.080556
0 0.519271 0.519907 0.013542 0.058333
0 0.509375 0.521296 0.011458 0.061111
0 0.574219 0.536574 0.014063 0.065741
0 0.585938 0.532407 0.013542 0.070370
0 0.497396 0.518519 0.011458 0.050000
0 0.541927 0.518519 0.015104 0.064815
0 0.556250 0.515741 0.012500 0.064815
0 0.464844 0.520833 0.011979 0.054630
