0 0.878125 0.577315 0.034375 0.126852
0 0.706771 0.571759 0.026042 0.121296
0 0.092969 0.574074 0.015104 0.072222
0 0.621875 0.562037 0.022917 0.103704
0 0.014583 0.575463 0.010417 0.071296
0 0.433594 0.506019 0.007813 0.041667
0 0.085156 0.581944 0.013021 0.071296
0 0.024219 0.575926 0.014063 0.079630
0 0.035156 0.568519 0.015104 0.081481
0 0.517708 0.522685 0.012500 0.058333
0 0.507813 0.523148 0.011458 0.061111
0 0.571094 0.538426 0.015104 0.065741
0 0.583333 0.538889 0.013542 0.075926
0 0.538281 0.519444 0.014063 0.064815
0 0.554688 0.520370 0.012500 0.064815
0 0.463802 0.521296 0.011979 0.055556
