0 0.979948 0.566204 0.038021 0.145370
0 0.735156 0.572222 0.025521 0.129630
0 0.070833 0.583796 0.015625 0.082407
0 0.664323 0.583333 0.030729 0.129630
0 0.441927 0.502315 0.009896 0.045370
0 0.609115 0.521759 0.013021 0.076852
0 0.061979 0.594907 0.014583 0.080556
0 0.000000 0.592593 0.011458 0.081481
0 0.523177 0.516667 0.011979 0.061111
0 0.564323 0.543981 0.016146 0.076852
0 0.202083 0.511111 0.008333 0.033333
0 0.578646 0.537500 0.019792 0.086111
0 0.592708 0.534722 0.016667 0.087963
0 0.536198 0.519444 0.014063 0.064815
0 0.555469 0.517130 0.011979 0.065741
0 0.469531 0.518981 0.013021 0.054630
