0 0.974740 0.566667 0.035937 0.142593
0 0.733333 0.572685 0.026042 0.130556
0 0.070833 0.583333 0.015625 0.081481
0 0.661979 0.580556 0.030208 0.129630
0 0.441406 0.504167 0.009896 0.045370
0 0.607292 0.521759 0.013542 0.076852
0 0.062240 0.595370 0.014063 0.081481
0 0.000781 0.594907 0.011979 0.076852
0 0.522396 0.517130 0.011458 0.060185
0 0.563802 0.543519 0.017188 0.075926
0 0.202083 0.511111 0.008333 0.033333
0 0.578125 0.537963 0.019792 0.085185
0 0.591927 0.534722 0.015104 0.087963
0 0.535677 0.519444 0.014063 0.064815
0 0.554948 0.517130 0.011979 0.065741
0 0.468750 0.519444 0.012500 0.055556
