0 0.937240 0.575000 0.033854 0.138889
0 0.723437 0.578241 0.027083 0.128704
0 0.073177 0.585185 0.016146 0.083333
0 0.645312 0.575463 0.029167 0.119444
0 0.436198 0.506944 0.008854 0.047222
0 0.066406 0.595370 0.014063 0.077778
0 0.006250 0.594907 0.011458 0.080556
0 0.518750 0.520370 0.012500 0.059259
0 0.507813 0.525463 0.011458 0.063889
0 0.562500 0.543056 0.017708 0.073148
0 0.202604 0.514352 0.007292 0.034259
0 0.576042 0.541204 0.017708 0.078704
0 0.594010 0.536111 0.020313 0.085185
0 0.532813 0.523611 0.015625 0.063889
0 0.552344 0.519444 0.011979 0.064815
0 0.464323 0.522222 0.010937 0.059259
