0 0.909635 0.573611 0.035937 0.134259
0 0.715365 0.574537 0.026562 0.126852
0 0.080729 0.579167 0.015625 0.075000
0 0.635938 0.570833 0.026042 0.112037
0 0.433333 0.503241 0.008333 0.047222
0 0.073438 0.591204 0.013542 0.075000
0 0.008073 0.582870 0.015104 0.086111
0 0.013542 0.584722 0.016667 0.078704
0 0.517448 0.520370 0.013021 0.059259
0 0.507292 0.524074 0.011458 0.061111
0 0.562500 0.541667 0.016667 0.068519
0 0.577865 0.535185 0.015104 0.079630
0 0.591406 0.534259 0.015104 0.081481
0 0.534375 0.521296 0.016667 0.064815
0 0.552083 0.518981 0.012500 0.062037
0 0.462240 0.521759 0.010937 0.056481
