0 0.967708 0.595370 0.042708 0.187037
0 0.127344 0.610648 0.019271 0.104630
0 0.562500 0.496296 0.012500 0.040741
0 0.116667 0.613426 0.017708 0.100926
0 0.113802 0.630093 0.016146 0.099074
0 0.039844 0.623611 0.021354 0.102778
0 0.674219 0.567593 0.020313 0.105556
0 0.695313 0.552315 0.015625 0.119444
0 0.031510 0.624537 0.023438 0.108333
0 0.709635 0.554167 0.020313 0.104630
0 0.611979 0.520833 0.018750 0.069444
0 0.597656 0.514815 0.011979 0.051852
0 0.637500 0.521759 0.015625 0.071296
0 0.625260 0.523611 0.010937 0.071296
