0 0.985417 0.566204 0.036458 0.145370
0 0.737760 0.572685 0.025521 0.130556
0 0.070052 0.583333 0.016146 0.083333
0 0.669531 0.583796 0.030729 0.130556
0 0.442969 0.501389 0.009896 0.045370
0 0.611198 0.521759 0.013021 0.076852
0 0.061979 0.594444 0.014583 0.081481
0 0.000000 0.591667 0.011458 0.083333
0 0.523958 0.517130 0.011458 0.062037
0 0.564844 0.543519 0.016146 0.077778
0 0.202083 0.511111 0.008333 0.033333
0 0.578906 0.537037 0.020313 0.087037
0 0.593490 0.534722 0.018229 0.087963
0 0.536979 0.519444 0.013542 0.064815
0 0.555990 0.517130 0.011979 0.065741
0 0.471094 0.518519 0.014063 0.055556
