0 0.921615 0.571759 0.033854 0.136111
0 0.719010 0.575926 0.026562 0.127778
0 0.077344 0.581481 0.016146 0.077778
0 0.640104 0.573148 0.027083 0.114815
0 0.434375 0.506019 0.008333 0.047222
0 0.071615 0.592593 0.014063 0.075926
0 0.005469 0.589352 0.016146 0.084259
0 0.517969 0.520370 0.013021 0.059259
0 0.507813 0.524537 0.011458 0.062037
0 0.560937 0.543519 0.018750 0.074074
0 0.576562 0.536111 0.015625 0.079630
0 0.592448 0.535185 0.017188 0.083333
0 0.533073 0.523148 0.013021 0.066667
0 0.552083 0.519444 0.012500 0.062963
0 0.462760 0.522222 0.010937 0.057407
