0 0.903125 0.575463 0.036458 0.130556
0 0.713021 0.573148 0.026042 0.125926
0 0.082812 0.573611 0.015625 0.075000
0 0.633073 0.569444 0.025521 0.109259
0 0.433333 0.503241 0.008333 0.047222
0 0.075521 0.587963 0.013542 0.074074
0 0.010156 0.580093 0.015104 0.086111
0 0.019010 0.573611 0.014063 0.082407
0 0.517448 0.520370 0.013021 0.059259
0 0.507292 0.524074 0.011458 0.061111
0 0.563542 0.541204 0.014583 0.067593
0 0.578646 0.534722 0.014583 0.078704
0 0.592448 0.533333 0.015104 0.079630
0 0.534896 0.521759 0.015625 0.063889
0 0.552083 0.518519 0.012500 0.061111
0 0.461979 0.522222 0.011458 0.055556
