0 0.892969 0.579630 0.038021 0.127778
0 0.710677 0.574074 0.025521 0.124074
0 0.086458 0.571296 0.015625 0.074074
0 0.628385 0.566667 0.025521 0.103704
0 0.004167 0.577315 0.010417 0.071296
0 0.433333 0.503241 0.007292 0.045370
0 0.078646 0.583796 0.013542 0.073148
0 0.015625 0.580093 0.015625 0.082407
0 0.025260 0.571296 0.014063 0.081481
0 0.517448 0.521296 0.013021 0.059259
0 0.507292 0.524074 0.011458 0.061111
0 0.565625 0.540741 0.014583 0.066667
0 0.580208 0.534722 0.014583 0.080556
0 0.535677 0.522685 0.016146 0.063889
0 0.552344 0.518519 0.013021 0.061111
0 0.462760 0.522222 0.011979 0.057407
