0 0.880729 0.578704 0.038542 0.127778
0 0.707552 0.572222 0.025521 0.122222
0 0.091406 0.568519 0.015104 0.072222
0 0.622917 0.562963 0.023958 0.105556
0 0.013021 0.572685 0.010417 0.071296
0 0.433333 0.505093 0.007292 0.041667
0 0.083594 0.582870 0.013021 0.071296
0 0.022396 0.576389 0.014583 0.080556
0 0.033333 0.568981 0.014583 0.080556
0 0.517448 0.521759 0.013021 0.058333
0 0.507292 0.524074 0.011458 0.061111
0 0.569792 0.538889 0.015625 0.066667
0 0.583073 0.538426 0.014063 0.076852
0 0.537500 0.520370 0.013542 0.064815
0 0.554167 0.519907 0.012500 0.063889
0 0.463802 0.521296 0.011979 0.055556
