0 0.762500 0.581019 0.022917 0.141667
0 0.072135 0.587037 0.018229 0.090741
0 0.706250 0.597685 0.032292 0.136111
0 0.457813 0.502315 0.009375 0.047222
0 0.630729 0.522685 0.014583 0.078704
0 0.063802 0.601389 0.015104 0.084259
0 0.001302 0.595370 0.011979 0.090741
0 0.575000 0.543519 0.017708 0.081481
0 0.206771 0.512037 0.008333 0.033333
0 0.589844 0.537963 0.016146 0.088889
0 0.603646 0.532870 0.019792 0.084259
0 0.550260 0.519444 0.016146 0.064815
0 0.567708 0.514815 0.012500 0.066667
0 0.484115 0.520833 0.013021 0.062037
