0 0.928906 0.573148 0.035937 0.135185
0 0.721094 0.577315 0.026562 0.128704
0 0.075260 0.583333 0.016146 0.081481
0 0.642708 0.574074 0.028125 0.116667
0 0.434896 0.506019 0.008333 0.047222
0 0.067969 0.595370 0.014063 0.077778
0 0.003125 0.590741 0.015625 0.085185
0 0.518490 0.520370 0.013021 0.059259
0 0.508854 0.525000 0.011458 0.062963
0 0.563021 0.543519 0.016667 0.074074
0 0.203125 0.515741 0.007292 0.035185
0 0.576042 0.537500 0.016667 0.080556
0 0.593229 0.535648 0.018750 0.084259
0 0.533073 0.524074 0.015104 0.064815
0 0.552083 0.519907 0.012500 0.063889
0 0.463281 0.522685 0.010937 0.058333
