0 0.750521 0.578704 0.022917 0.138889
0 0.069531 0.585648 0.018229 0.087963
0 0.687240 0.594444 0.031771 0.133333
0 0.450781 0.501389 0.009896 0.045370
0 0.621354 0.522685 0.012500 0.078704
0 0.062760 0.597685 0.015104 0.082407
0 0.000000 0.594907 0.011458 0.082407
0 0.529687 0.514352 0.012500 0.065741
0 0.569271 0.542593 0.016667 0.079630
0 0.204687 0.511111 0.008333 0.033333
0 0.584375 0.537500 0.017708 0.086111
0 0.598958 0.534722 0.021875 0.086111
0 0.543750 0.519444 0.015625 0.064815
0 0.562500 0.515741 0.012500 0.066667
0 0.477865 0.520833 0.013021 0.062037
