0 0.859375 0.566667 0.031250 0.124074
0 0.708594 0.566667 0.024479 0.120370
0 0.109896 0.563889 0.014583 0.068519
0 0.618750 0.551852 0.022917 0.094444
0 0.581510 0.532870 0.011979 0.065741
0 0.040885 0.565741 0.013021 0.068519
0 0.438281 0.498611 0.008854 0.045370
0 0.104427 0.571296 0.013021 0.068519
0 0.045573 0.568056 0.013021 0.075000
0 0.060156 0.560185 0.014063 0.077778
0 0.523698 0.515278 0.016146 0.056481
0 0.513542 0.517130 0.011458 0.060185
0 0.502604 0.514815 0.010417 0.048148
0 0.550260 0.514352 0.015104 0.062037
0 0.562760 0.511574 0.014063 0.058333
0 0.470833 0.517593 0.012500 0.051852
