0 0.945313 0.575000 0.037500 0.138889
0 0.726042 0.579630 0.027083 0.129630
0 0.072396 0.586111 0.016667 0.083333
0 0.648958 0.575926 0.029167 0.122222
0 0.437240 0.505093 0.008854 0.047222
0 0.064844 0.595833 0.014063 0.078704
0 0.005990 0.593519 0.013021 0.083333
0 0.519271 0.520370 0.012500 0.059259
0 0.508333 0.525000 0.011458 0.064815
0 0.562500 0.543056 0.018750 0.073148
0 0.202344 0.513426 0.007813 0.034259
0 0.576302 0.540278 0.018229 0.080556
0 0.595052 0.536574 0.021354 0.086111
0 0.532813 0.522222 0.015625 0.064815
0 0.553385 0.518981 0.011979 0.065741
0 0.465885 0.521759 0.010937 0.058333
