0 0.858073 0.568519 0.031771 0.124074
0 0.708854 0.566204 0.023958 0.121296
0 0.111458 0.562500 0.014583 0.067593
0 0.617969 0.550926 0.021354 0.094444
0 0.582812 0.531944 0.012500 0.065741
0 0.227865 0.504167 0.007813 0.034259
0 0.043490 0.563426 0.011979 0.069444
0 0.438802 0.498611 0.008854 0.045370
0 0.106510 0.570370 0.013021 0.068519
0 0.047656 0.567130 0.013021 0.075000
0 0.062760 0.559259 0.014063 0.077778
0 0.524479 0.514352 0.015625 0.056481
0 0.514583 0.517130 0.011458 0.060185
0 0.503385 0.514352 0.009896 0.049074
0 0.551562 0.513889 0.015625 0.061111
0 0.563542 0.511574 0.014583 0.058333
0 0.471875 0.516667 0.012500 0.051852
