0 0.962240 0.568519 0.040104 0.138889
0 0.730469 0.575000 0.027604 0.133333
0 0.071094 0.584259 0.016146 0.081481
0 0.654167 0.576389 0.029167 0.121296
0 0.439583 0.504630 0.008333 0.044444
0 0.603646 0.522222 0.013542 0.075926
0 0.062760 0.596759 0.014063 0.080556
0 0.001563 0.593056 0.012500 0.082407
0 0.520833 0.517130 0.011458 0.060185
0 0.563281 0.543056 0.018229 0.075000
0 0.202083 0.512037 0.008333 0.033333
0 0.577604 0.538889 0.018750 0.083333
0 0.592969 0.536111 0.017188 0.087037
0 0.534375 0.520370 0.014583 0.064815
0 0.554427 0.518056 0.011979 0.065741
0 0.468229 0.520833 0.011458 0.058333
