0 0.759635 0.579630 0.023438 0.140741
0 0.071354 0.586111 0.018750 0.090741
0 0.701562 0.595833 0.032292 0.136111
0 0.455469 0.501389 0.009896 0.045370
0 0.628385 0.524537 0.014063 0.080556
0 0.063281 0.600463 0.015104 0.084259
0 0.000781 0.596759 0.013021 0.078704
0 0.573698 0.543519 0.017188 0.081481
0 0.206250 0.511111 0.008333 0.033333
0 0.588542 0.537963 0.016667 0.088889
0 0.602344 0.533333 0.020313 0.085185
0 0.548177 0.519907 0.016146 0.065741
0 0.566406 0.514815 0.011979 0.066667
0 0.482031 0.520833 0.013021 0.062037
