0 0.122135 0.644907 0.020313 0.134259
0 0.109115 0.661574 0.017188 0.126852
0 0.099219 0.667593 0.018229 0.124074
0 0.005469 0.663426 0.026562 0.130556
0 0.708594 0.484722 0.013021 0.052778
0 0.786198 0.514815 0.016146 0.085185
0 0.766146 0.514815 0.017708 0.074074
0 0.695573 0.493519 0.011979 0.051852
0 0.683854 0.483333 0.015625 0.051852
0 0.761719 0.627315 0.038021 0.152778
0 0.837500 0.605556 0.022917 0.151852
0 0.728385 0.597222 0.048438 0.148148
0 0.778646 0.520370 0.013542 0.079630
0 0.963542 0.541667 0.019792 0.120370
0 0.753906 0.595370 0.040104 0.157407
0 0.742188 0.519444 0.014583 0.061111
0 0.801562 0.543056 0.018750 0.086111
0 0.710938 0.520833 0.022917 0.071296
0 0.725521 0.526389 0.013542 0.060185
