0 0.093750 0.690278 0.021875 0.145370
0 0.076042 0.706019 0.017708 0.136111
0 0.063281 0.713426 0.019271 0.134259
0 0.718229 0.502315 0.012500 0.050926
0 0.804688 0.543981 0.016667 0.093519
0 0.782552 0.537500 0.018229 0.078704
0 0.696875 0.505093 0.015625 0.056481
0 0.771615 0.678704 0.033854 0.172222
0 0.846615 0.657407 0.046354 0.164815
0 0.717969 0.640741 0.035937 0.161111
0 0.998958 0.570833 0.023958 0.126852
0 0.750781 0.641667 0.055729 0.177778
0 0.746615 0.544444 0.018229 0.070370
0 0.767708 0.543519 0.020833 0.074074
0 0.835156 0.568519 0.022396 0.085185
0 0.718490 0.543056 0.023438 0.082407
