0 0.065104 0.705093 0.023958 0.156481
0 0.044010 0.724074 0.017188 0.146296
0 0.030990 0.733333 0.022396 0.150000
0 0.722135 0.518056 0.010937 0.052778
0 0.817969 0.556019 0.018229 0.093519
0 0.784896 0.556019 0.016667 0.080556
0 0.712500 0.514352 0.010417 0.050926
0 0.702344 0.514352 0.016146 0.056481
0 0.774479 0.718056 0.035417 0.187963
0 0.846094 0.692593 0.045312 0.175926
0 0.715365 0.656019 0.025521 0.178704
0 0.808594 0.562037 0.017188 0.090741
0 0.734896 0.666667 0.046875 0.190741
0 0.748177 0.563889 0.018229 0.077778
0 0.768490 0.557870 0.018229 0.073148
0 0.857552 0.598611 0.024479 0.115741
0 0.723698 0.565741 0.024479 0.090741
