0 0.141667 0.625463 0.018750 0.110185
0 0.599219 0.507870 0.013021 0.050926
0 0.131510 0.638426 0.017188 0.102778
0 0.124479 0.648148 0.016667 0.103704
0 0.045833 0.638426 0.022917 0.106481
0 0.709635 0.595370 0.026562 0.116667
0 0.751563 0.576389 0.023958 0.113889
0 0.846875 0.544907 0.017708 0.095370
0 0.727344 0.562500 0.024479 0.100926
0 0.036979 0.644907 0.026042 0.112037
0 0.688802 0.537037 0.015104 0.079630
0 0.650781 0.526852 0.019271 0.062963
0 0.675521 0.531019 0.012500 0.067593
0 0.665625 0.528704 0.012500 0.062963
