0 0.141927 0.646759 0.019271 0.126852
0 0.639583 0.514352 0.012500 0.052778
0 0.129427 0.662037 0.017188 0.120370
0 0.120833 0.668981 0.015625 0.115741
0 0.031771 0.663426 0.026042 0.119444
0 0.694010 0.506481 0.009896 0.053704
0 0.679948 0.506481 0.011979 0.053704
0 0.667188 0.502315 0.013542 0.052778
0 0.748177 0.627778 0.031771 0.133333
0 0.817448 0.610648 0.027604 0.136111
0 0.730469 0.608333 0.035937 0.137037
0 0.759635 0.537500 0.014063 0.075000
0 0.924740 0.551852 0.019271 0.094444
0 0.760417 0.605556 0.035417 0.148148
0 0.021875 0.662963 0.028125 0.129630
0 0.729948 0.540741 0.018229 0.077778
0 0.749219 0.535185 0.015104 0.064815
0 0.803646 0.601389 0.017708 0.134259
0 0.795573 0.555556 0.014063 0.077778
0 0.693750 0.535648 0.021875 0.069444
0 0.710417 0.539815 0.012500 0.059259
