0 0.723958 0.536111 0.011458 0.057407
0 0.831510 0.575463 0.021354 0.097222
0 0.785677 0.579630 0.013021 0.087037
0 0.796615 0.577778 0.019271 0.092593
0 0.714063 0.534722 0.010417 0.054630
0 0.779427 0.782870 0.044271 0.228704
0 0.837760 0.748148 0.063021 0.209259
0 0.699479 0.694444 0.030208 0.187037
0 0.820833 0.581944 0.017708 0.093519
0 0.723698 0.712037 0.041146 0.205556
0 0.748177 0.587500 0.017188 0.086111
0 0.768750 0.581019 0.021875 0.086111
0 0.899479 0.631481 0.025000 0.137037
0 0.728385 0.584259 0.025521 0.098148
