0 0.722135 0.532407 0.010937 0.057407
0 0.830729 0.576389 0.018750 0.100926
0 0.785677 0.576852 0.013021 0.087037
0 0.797917 0.578241 0.020833 0.093519
0 0.712500 0.531019 0.010417 0.054630
0 0.780208 0.788426 0.044792 0.234259
0 0.834896 0.748148 0.052083 0.212963
0 0.694531 0.688889 0.028646 0.183333
0 0.820573 0.578241 0.017188 0.093519
0 0.722917 0.711111 0.040625 0.209259
0 0.746354 0.587037 0.017708 0.087037
0 0.770052 0.580093 0.021354 0.086111
0 0.903125 0.630093 0.026042 0.141667
0 0.726823 0.581481 0.025521 0.098148
