0 0.678906 0.519444 0.009896 0.057407
0 0.794792 0.570833 0.021875 0.112037
0 0.748958 0.573611 0.013542 0.100926
0 0.762240 0.573611 0.023438 0.100926
0 0.665885 0.521759 0.013021 0.062037
0 0.728906 0.858333 0.053646 0.290741
0 0.610938 0.717130 0.027083 0.228704
0 0.783594 0.572685 0.017188 0.093519
0 0.636719 0.731481 0.030729 0.244444
0 0.693229 0.580556 0.022917 0.107407
0 0.723958 0.575926 0.027083 0.103704
0 0.919531 0.650000 0.046354 0.155556
0 0.752344 0.772222 0.040104 0.242593
0 0.686198 0.567593 0.025521 0.098148
