0 0.034375 0.733333 0.025000 0.166667
0 0.670573 0.538889 0.009896 0.050000
0 0.009375 0.754167 0.017708 0.154630
0 0.723958 0.530093 0.011458 0.056481
0 0.826823 0.573148 0.019271 0.090741
0 0.802083 0.575463 0.016667 0.087963
0 0.792708 0.577778 0.015625 0.087037
0 0.714844 0.531019 0.010937 0.052778
0 0.706510 0.526852 0.016146 0.055556
0 0.779427 0.766204 0.042188 0.202778
0 0.842448 0.731481 0.038021 0.198148
0 0.711198 0.689352 0.036979 0.187963
0 0.817448 0.581019 0.017188 0.093519
0 0.729427 0.699074 0.032813 0.201852
0 0.748958 0.583333 0.018750 0.083333
0 0.770573 0.581944 0.022396 0.082407
0 0.880990 0.630556 0.026562 0.127778
0 0.727865 0.580556 0.025521 0.096296
