0 0.047135 0.714352 0.024479 0.162037
0 0.671875 0.537500 0.010417 0.049074
0 0.025000 0.739352 0.017708 0.150926
0 0.010417 0.748611 0.025000 0.152778
0 0.723698 0.525463 0.010937 0.054630
0 0.822656 0.566204 0.019271 0.091667
0 0.789323 0.568056 0.016146 0.084259
0 0.714063 0.523148 0.011458 0.050000
0 0.703646 0.522222 0.015625 0.055556
0 0.776302 0.742130 0.042188 0.197222
0 0.845052 0.714815 0.041146 0.190741
0 0.711458 0.675000 0.028125 0.181481
0 0.813281 0.571759 0.017188 0.093519
0 0.734896 0.687500 0.051042 0.193519
0 0.748698 0.576852 0.019271 0.081481
0 0.767969 0.573148 0.019271 0.083333
0 0.872396 0.623611 0.025000 0.126852
0 0.726042 0.574537 0.025000 0.093519
