0 0.136719 0.653241 0.019271 0.128704
0 0.644792 0.510648 0.012500 0.052778
0 0.123698 0.662500 0.017188 0.123148
0 0.115104 0.670833 0.015625 0.117593
0 0.026302 0.666204 0.025521 0.121296
0 0.699740 0.497222 0.010937 0.051852
0 0.685677 0.500926 0.011979 0.053704
0 0.673958 0.498148 0.014583 0.053704
0 0.758073 0.630093 0.028646 0.139815
0 0.823958 0.613426 0.025000 0.143519
0 0.729688 0.609722 0.022917 0.147222
0 0.767188 0.532870 0.016667 0.076852
0 0.938021 0.559259 0.021875 0.111111
0 0.014063 0.667130 0.027083 0.130556
0 0.733854 0.537963 0.015625 0.075926
0 0.754427 0.532870 0.016146 0.062037
0 0.814063 0.601389 0.025000 0.139815
0 0.700260 0.535648 0.022396 0.071296
0 0.715625 0.533333 0.012500 0.059259
