0 0.142708 0.631944 0.018750 0.112037
0 0.605990 0.512963 0.013021 0.051852
0 0.132552 0.644444 0.017188 0.105556
0 0.124479 0.652778 0.016667 0.105556
0 0.044271 0.647222 0.023958 0.111111
0 0.716146 0.601852 0.027083 0.118519
0 0.761458 0.585185 0.025000 0.116667
0 0.858073 0.551852 0.018229 0.101852
0 0.731250 0.573148 0.022917 0.101852
0 0.036198 0.643519 0.025521 0.114815
0 0.694792 0.541667 0.015625 0.081481
0 0.743229 0.553241 0.016667 0.086111
0 0.657292 0.531944 0.016667 0.058333
0 0.681771 0.535185 0.013542 0.066667
0 0.672396 0.531019 0.012500 0.062037
