0 0.108333 0.666667 0.020833 0.140741
0 0.092708 0.683333 0.016667 0.129630
0 0.081771 0.691204 0.018750 0.130556
0 0.713542 0.489815 0.011458 0.051852
0 0.797656 0.528241 0.017188 0.089815
0 0.775260 0.522222 0.018229 0.075926
0 0.702083 0.492593 0.012500 0.051852
0 0.690625 0.491204 0.015625 0.056481
0 0.769792 0.648611 0.036458 0.163889
0 0.842969 0.629630 0.039063 0.157407
0 0.725781 0.614352 0.022396 0.160185
0 0.983333 0.554167 0.022917 0.121296
0 0.752344 0.616204 0.029687 0.171296
0 0.744531 0.529167 0.016146 0.069444
0 0.764323 0.525463 0.019271 0.067593
0 0.715104 0.525000 0.023958 0.075926
0 0.731510 0.532407 0.013021 0.064815
