0 0.026562 0.741667 0.025000 0.166667
0 0.671615 0.540741 0.009896 0.051852
0 0.001042 0.761574 0.017708 0.156481
0 0.724219 0.532870 0.010937 0.056481
0 0.828906 0.574074 0.019271 0.090741
0 0.803125 0.573611 0.019792 0.082407
0 0.786198 0.582407 0.013021 0.087037
0 0.793750 0.577778 0.016667 0.088889
0 0.714844 0.533796 0.010937 0.054630
0 0.708073 0.529167 0.016146 0.056481
0 0.781771 0.775000 0.044792 0.211111
0 0.836979 0.736111 0.051042 0.200000
0 0.708333 0.691667 0.033333 0.188889
0 0.819531 0.584722 0.017188 0.093519
0 0.725781 0.704167 0.030729 0.202778
0 0.748698 0.584722 0.018229 0.084259
0 0.771094 0.584722 0.022396 0.084259
0 0.886458 0.635185 0.026042 0.129630
0 0.728385 0.583333 0.025521 0.096296
