0 0.720313 0.529167 0.010417 0.056481
0 0.831771 0.571296 0.018750 0.094444
0 0.786198 0.575000 0.013021 0.087037
0 0.797656 0.576852 0.021354 0.094444
0 0.710938 0.527315 0.010417 0.054630
0 0.778906 0.793981 0.045312 0.239815
0 0.828646 0.750000 0.041667 0.218519
0 0.690104 0.694907 0.028125 0.193519
0 0.820573 0.575463 0.017188 0.093519
0 0.720573 0.711111 0.040104 0.209259
0 0.743490 0.584722 0.018229 0.087963
0 0.767969 0.575463 0.022396 0.084259
0 0.907552 0.628704 0.029687 0.140741
0 0.932031 0.622222 0.025521 0.127778
0 0.725781 0.578704 0.025521 0.098148
