0 0.142187 0.638426 0.018750 0.113889
0 0.607552 0.512037 0.013021 0.051852
0 0.132552 0.646296 0.017188 0.107407
0 0.125000 0.656481 0.016667 0.105556
0 0.044010 0.650926 0.023438 0.111111
0 0.718490 0.603241 0.027604 0.119444
0 0.764844 0.587500 0.025521 0.117593
0 0.862240 0.551852 0.018229 0.101852
0 0.732292 0.575463 0.022917 0.104630
0 0.035156 0.649537 0.025521 0.113889
0 0.697917 0.541204 0.015625 0.080556
0 0.747917 0.555556 0.018750 0.090741
0 0.659635 0.532407 0.016146 0.057407
0 0.684115 0.537037 0.014063 0.068519
0 0.675000 0.531944 0.012500 0.062037
