0 0.685677 0.520370 0.009896 0.059259
0 0.801302 0.570370 0.022396 0.111111
0 0.755469 0.573148 0.014063 0.100000
0 0.768229 0.571759 0.022917 0.099074
0 0.673438 0.522222 0.012500 0.061111
0 0.738542 0.853704 0.052083 0.290741
0 0.623698 0.712500 0.029687 0.226852
0 0.790885 0.573611 0.017188 0.093519
0 0.651563 0.729630 0.039583 0.237037
0 0.702604 0.581944 0.021875 0.106481
0 0.732292 0.575463 0.026042 0.102778
0 0.922656 0.644907 0.047396 0.156481
0 0.769271 0.768519 0.045833 0.240741
0 0.692969 0.568519 0.025521 0.098148
