0 0.118750 0.650000 0.020833 0.135185
0 0.104948 0.666667 0.017188 0.127778
0 0.094010 0.673148 0.019271 0.125926
0 0.000781 0.668981 0.026562 0.130556
0 0.711198 0.480093 0.013021 0.052778
0 0.790104 0.515278 0.015625 0.086111
0 0.768750 0.514352 0.017708 0.075000
0 0.697656 0.492593 0.011979 0.051852
0 0.686719 0.484259 0.016146 0.053704
0 0.765885 0.632407 0.035937 0.159259
0 0.839583 0.609722 0.022917 0.156481
0 0.730208 0.602315 0.045833 0.147222
0 0.783333 0.518056 0.013542 0.084259
0 0.969010 0.542130 0.021354 0.119444
0 0.755729 0.600000 0.039583 0.161111
0 0.742188 0.520833 0.014583 0.067593
0 0.710417 0.519444 0.022917 0.072222
0 0.727083 0.528241 0.013542 0.062037
