0 0.123958 0.643056 0.019792 0.134259
0 0.652604 0.496759 0.012500 0.052778
0 0.111719 0.659722 0.017188 0.126852
0 0.101823 0.666204 0.018229 0.123148
0 0.008333 0.659259 0.026042 0.122222
0 0.707552 0.484722 0.013021 0.052778
0 0.764583 0.515278 0.017708 0.073148
0 0.694531 0.493981 0.011979 0.052778
0 0.682813 0.485648 0.015625 0.052778
0 0.759635 0.625926 0.038021 0.150000
0 0.837760 0.611574 0.023438 0.150926
0 0.727604 0.599074 0.048958 0.148148
0 0.778646 0.520370 0.013542 0.079630
0 0.962240 0.544907 0.020313 0.113889
0 0.752604 0.598611 0.038542 0.154630
0 -0.003906 0.662500 0.031771 0.130556
0 0.741146 0.522685 0.014583 0.063889
0 0.800521 0.545370 0.018750 0.087037
0 0.709375 0.521296 0.022917 0.070370
0 0.724479 0.525463 0.013542 0.060185
