0 0.133073 0.649074 0.019271 0.129630
0 0.647396 0.507870 0.012500 0.052778
0 0.121094 0.663426 0.017188 0.125000
0 0.111198 0.668981 0.016146 0.119444
0 0.702344 0.493056 0.010937 0.050926
0 0.688281 0.498148 0.011979 0.053704
0 0.677344 0.496296 0.015104 0.053704
0 0.758594 0.628704 0.027604 0.142593
0 0.827865 0.612500 0.024479 0.145370
0 0.730208 0.607870 0.026042 0.147222
0 0.770833 0.530093 0.015625 0.076852
0 0.946615 0.556944 0.021354 0.113889
0 0.011458 0.663889 0.031250 0.133333
0 0.736458 0.538889 0.015625 0.077778
0 0.755729 0.535185 0.014583 0.070370
0 0.703385 0.533796 0.022396 0.069444
0 0.718490 0.530556 0.013021 0.059259
