0 0.126042 0.641667 0.019792 0.133333
0 0.651563 0.497685 0.012500 0.052778
0 0.113802 0.660648 0.017188 0.126852
0 0.103646 0.666667 0.017708 0.122222
0 0.011198 0.657870 0.026562 0.123148
0 0.706510 0.484722 0.013021 0.052778
0 0.763542 0.516204 0.017708 0.073148
0 0.693490 0.494444 0.011979 0.051852
0 0.682292 0.488426 0.015625 0.052778
0 0.758333 0.627315 0.037500 0.150926
0 0.835677 0.611111 0.023438 0.150000
0 0.726563 0.599537 0.047917 0.145370
0 0.777083 0.523148 0.013542 0.079630
0 0.957292 0.547222 0.021875 0.120370
0 0.751823 0.599074 0.036979 0.155556
0 -0.000260 0.663426 0.031771 0.132407
0 0.740104 0.525926 0.014583 0.066667
0 0.707812 0.522685 0.022917 0.069444
0 0.723958 0.525000 0.013542 0.059259
