0 0.082031 0.695833 0.022396 0.149074
0 0.064323 0.712500 0.017188 0.139815
0 0.050781 0.721296 0.020313 0.140741
0 0.720573 0.509722 0.011979 0.050926
0 0.788802 0.545833 0.020313 0.082407
0 0.709375 0.509722 0.014583 0.052778
0 0.700000 0.508796 0.015625 0.056481
0 0.772656 0.694907 0.038021 0.178704
0 0.845052 0.668519 0.046354 0.172222
0 0.720313 0.647222 0.036458 0.170370
0 0.750260 0.649074 0.042188 0.183333
0 0.747135 0.550926 0.018229 0.074074
0 0.769531 0.548611 0.020313 0.073148
0 0.844010 0.575926 0.026562 0.085185
0 0.720833 0.555093 0.022917 0.086111
