0 0.037500 0.728241 0.025000 0.165741
0 0.670312 0.538426 0.010417 0.049074
0 0.013021 0.750926 0.017708 0.153704
0 -0.001823 0.759722 0.025521 0.154630
0 0.723698 0.528704 0.010937 0.055556
0 0.825781 0.572222 0.019271 0.090741
0 0.801042 0.572685 0.016667 0.086111
0 0.791667 0.575000 0.015625 0.087037
0 0.714583 0.529167 0.011458 0.052778
0 0.705990 0.525926 0.016146 0.055556
0 0.778385 0.759722 0.042188 0.200926
0 0.842969 0.726852 0.038021 0.196296
0 0.712240 0.685185 0.032813 0.183333
0 0.816406 0.578241 0.017188 0.093519
0 0.732292 0.695370 0.036458 0.198148
0 0.748958 0.582407 0.018750 0.083333
0 0.769792 0.580093 0.020833 0.084259
0 0.878385 0.628704 0.026562 0.127778
0 0.727344 0.579167 0.025521 0.095370
