0 0.114583 0.655093 0.020833 0.137963
0 0.100521 0.671296 0.016667 0.127778
0 0.089583 0.679167 0.018750 0.126852
0 0.712760 0.481944 0.013021 0.052778
0 0.793490 0.517593 0.016146 0.087037
0 0.699740 0.491667 0.011979 0.051852
0 0.688542 0.486574 0.015625 0.054630
0 0.769271 0.637500 0.036458 0.160185
0 0.841667 0.616667 0.029167 0.157407
0 0.729427 0.604630 0.040104 0.151852
0 0.785937 0.521759 0.014583 0.082407
0 0.975000 0.543519 0.020833 0.120370
0 0.759115 0.602315 0.035937 0.163889
0 0.742448 0.521759 0.014063 0.071296
0 0.762240 0.519444 0.020313 0.066667
0 0.831250 0.599537 0.028125 0.147222
0 0.712500 0.519444 0.022917 0.074074
0 0.728906 0.529630 0.013021 0.062963
