0 0.139323 0.621759 0.019271 0.110185
0 0.590365 0.502778 0.011979 0.050000
0 0.129427 0.631481 0.017188 0.100000
0 0.122917 0.640741 0.016667 0.101852
0 0.700521 0.587500 0.026042 0.113889
0 0.736719 0.569444 0.023438 0.107407
0 0.828906 0.533796 0.017188 0.093519
0 0.722135 0.562037 0.030729 0.118519
0 0.037240 0.636574 0.026562 0.112037
0 0.677604 0.528704 0.014583 0.077778
0 0.687760 0.537500 0.016146 0.078704
0 0.641406 0.522222 0.021354 0.064815
0 0.629948 0.514815 0.011979 0.046296
0 0.665365 0.527315 0.014063 0.071296
0 0.654948 0.524074 0.013021 0.064815
