0 0.010156 0.758796 0.024479 0.169444
0 0.673698 0.544907 0.009896 0.054630
0 0.725000 0.538426 0.011458 0.058333
0 0.831510 0.576852 0.021354 0.096296
0 0.806510 0.579167 0.019271 0.095370
0 0.715104 0.536574 0.010417 0.054630
0 0.779167 0.779630 0.043750 0.225926
0 0.837500 0.746296 0.063542 0.203704
0 0.705469 0.693056 0.033854 0.186111
0 0.820573 0.582870 0.017188 0.093519
0 0.724740 0.711111 0.038021 0.205556
0 0.748177 0.587037 0.017188 0.085185
0 0.769010 0.581944 0.022396 0.086111
0 0.897656 0.632407 0.024479 0.133333
0 0.728906 0.586111 0.025521 0.098148
