0 0.639583 0.516204 0.012500 0.062037
0 0.692969 0.521759 0.009896 0.060185
0 0.807552 0.571296 0.021354 0.111111
0 0.762500 0.573148 0.014583 0.098148
0 0.774219 0.570833 0.022396 0.097222
0 0.681250 0.523148 0.012500 0.061111
0 0.747135 0.845833 0.051562 0.284259
0 0.637240 0.710648 0.031771 0.215741
0 0.658333 0.727315 0.038542 0.234259
0 0.708594 0.580556 0.021354 0.103704
0 0.739062 0.575463 0.026042 0.102778
0 0.922656 0.644907 0.040104 0.156481
0 0.783854 0.764352 0.052083 0.236111
0 0.700260 0.568519 0.025521 0.098148
