0 0.669010 0.526852 0.011979 0.059259
0 0.718490 0.525463 0.009896 0.056481
0 0.831250 0.567593 0.020833 0.101852
0 0.784115 0.572222 0.013021 0.087037
0 0.796094 0.574537 0.021354 0.095370
0 0.709896 0.523611 0.010417 0.054630
0 0.777604 0.799537 0.045833 0.245370
0 0.820052 0.753704 0.033854 0.222222
0 0.683594 0.695370 0.029687 0.196296
0 0.820573 0.572685 0.017188 0.093519
0 0.713281 0.711111 0.038021 0.214815
0 0.740625 0.582870 0.018750 0.089815
0 0.766667 0.572222 0.020833 0.087037
0 0.914844 0.628241 0.039063 0.139815
0 0.724219 0.575926 0.025521 0.098148
