0 0.040625 0.723611 0.025000 0.163889
0 0.670833 0.537500 0.010417 0.049074
0 0.017188 0.746759 0.017708 0.152778
0 0.002344 0.755093 0.025521 0.154630
0 0.723698 0.527778 0.010937 0.055556
0 0.824740 0.569907 0.019271 0.091667
0 0.800000 0.570370 0.016667 0.085185
0 0.790885 0.572685 0.016146 0.086111
0 0.714583 0.527778 0.011458 0.051852
0 0.705208 0.524537 0.015625 0.056481
0 0.777865 0.753704 0.042188 0.200000
0 0.843490 0.722222 0.038021 0.194444
0 0.712760 0.683333 0.033854 0.183333
0 0.815365 0.576389 0.017188 0.093519
0 0.732812 0.691204 0.039583 0.197222
0 0.749219 0.582407 0.019271 0.083333
0 0.768750 0.577315 0.018750 0.084259
0 0.875781 0.626389 0.026562 0.126852
0 0.727083 0.577315 0.025000 0.095370
