0 0.050781 0.713889 0.024479 0.161111
0 0.671354 0.535648 0.010417 0.049074
0 0.029167 0.736111 0.017708 0.150000
0 0.014583 0.745833 0.023958 0.152778
0 0.723177 0.523611 0.010937 0.054630
0 0.821875 0.563889 0.018750 0.092593
0 0.788281 0.565741 0.016146 0.083333
0 0.713542 0.520833 0.011458 0.049074
0 0.703125 0.521296 0.015625 0.055556
0 0.775521 0.736574 0.039583 0.195370
0 0.846094 0.711574 0.043229 0.189815
0 0.812240 0.569907 0.017188 0.093519
0 0.735677 0.680556 0.053646 0.194444
0 0.748698 0.574074 0.019271 0.081481
0 0.767708 0.570833 0.019792 0.082407
0 0.869010 0.616667 0.022396 0.125926
0 0.726042 0.573611 0.025000 0.093519
