0 0.695833 0.521296 0.010417 0.059259
0 0.810937 0.571296 0.021875 0.111111
0 0.765365 0.572222 0.014063 0.096296
0 0.777344 0.570370 0.022396 0.096296
0 0.685156 0.522685 0.013021 0.060185
0 0.750000 0.842130 0.051042 0.280556
0 0.765885 0.785185 0.036979 0.246296
0 0.642969 0.707870 0.031771 0.215741
0 0.661979 0.725000 0.039583 0.225926
0 0.711719 0.580093 0.021354 0.102778
0 0.742708 0.577315 0.026042 0.106481
0 0.921875 0.642593 0.038542 0.153704
0 0.789844 0.761111 0.055729 0.233333
0 0.703906 0.569444 0.025521 0.098148
