0 0.140365 0.623611 0.019271 0.110185
0 0.594792 0.502778 0.011458 0.051852
0 0.130469 0.634259 0.017188 0.101852
0 0.123958 0.643981 0.016667 0.102778
0 0.705208 0.591667 0.026042 0.114815
0 0.744271 0.572222 0.023958 0.111111
0 0.838021 0.537037 0.017708 0.094444
0 0.724740 0.562500 0.027604 0.110185
0 0.037240 0.639352 0.026562 0.112037
0 0.684375 0.530093 0.018750 0.082407
0 0.695052 0.538426 0.016146 0.076852
0 0.646875 0.522222 0.021875 0.059259
0 0.635677 0.517593 0.011979 0.046296
0 0.670312 0.525463 0.013542 0.069444
0 0.659896 0.526389 0.012500 0.063889
