0 0.079167 0.697685 0.022917 0.150926
0 0.060677 0.714352 0.017188 0.141667
0 0.047656 0.723148 0.020313 0.142593
0 0.721615 0.512037 0.011979 0.051852
0 0.811458 0.546296 0.016667 0.092593
0 0.790365 0.547685 0.021354 0.082407
0 0.700521 0.509722 0.015625 0.056481
0 0.773698 0.699074 0.039063 0.179630
0 0.844792 0.671759 0.045833 0.171296
0 0.722135 0.649537 0.035937 0.173148
0 0.803906 0.551389 0.018229 0.084259
0 0.744010 0.653704 0.036979 0.181481
0 0.747656 0.552778 0.018229 0.074074
0 0.770052 0.551389 0.021354 0.075000
0 0.848958 0.578241 0.021875 0.086111
0 0.721094 0.556481 0.023438 0.087037
