0 0.117188 0.653704 0.020833 0.137037
0 0.102604 0.668981 0.016667 0.126852
0 0.091667 0.675926 0.018750 0.125926
0 -0.001823 0.672222 0.026562 0.131481
0 0.711719 0.481019 0.013021 0.052778
0 0.791667 0.516204 0.015625 0.086111
0 0.698698 0.492130 0.011979 0.050926
0 0.688281 0.485185 0.016146 0.053704
0 0.768490 0.634722 0.035937 0.160185
0 0.841146 0.613889 0.026042 0.157407
0 0.729427 0.604167 0.044271 0.150926
0 0.783594 0.520833 0.014063 0.084259
0 0.972396 0.543519 0.020833 0.120370
0 0.756510 0.601389 0.036979 0.160185
0 0.742448 0.521759 0.014063 0.071296
0 0.761719 0.518981 0.019271 0.067593
0 0.711458 0.518981 0.022917 0.073148
0 0.728125 0.529167 0.013542 0.062037
