0 0.682031 0.519907 0.009896 0.058333
0 0.798958 0.571296 0.020833 0.111111
0 0.752344 0.573148 0.014063 0.100000
0 0.765104 0.572222 0.022917 0.100000
0 0.669531 0.521759 0.013021 0.062037
0 0.732552 0.857870 0.052604 0.293519
0 0.619010 0.717130 0.026562 0.226852
0 0.787240 0.573611 0.017188 0.093519
0 0.643750 0.731019 0.033333 0.241667
0 0.697656 0.581019 0.022396 0.106481
0 0.727604 0.575926 0.026042 0.103704
0 0.921354 0.646759 0.046875 0.154630
0 0.760938 0.769907 0.042708 0.243519
0 0.689844 0.567593 0.025521 0.098148
