0 0.030208 0.737037 0.025000 0.166667
0 0.671094 0.539815 0.009896 0.050000
0 0.005208 0.758333 0.017708 0.155556
0 0.724219 0.531944 0.010937 0.056481
0 0.828385 0.574074 0.019271 0.090741
0 0.802344 0.574074 0.018229 0.085185
0 0.792969 0.577315 0.016146 0.087963
0 0.714844 0.532407 0.010937 0.053704
0 0.707292 0.528241 0.015625 0.056481
0 0.780469 0.770370 0.043229 0.207407
0 0.839583 0.733796 0.044792 0.199074
0 0.710938 0.691667 0.036458 0.187037
0 0.818490 0.582870 0.017188 0.093519
0 0.727604 0.700463 0.032292 0.202778
0 0.748698 0.583796 0.018229 0.084259
0 0.769531 0.583333 0.022396 0.083333
0 0.883594 0.632870 0.026562 0.128704
0 0.728125 0.581481 0.025000 0.096296
