0 0.100260 0.678241 0.021354 0.143519
0 0.084375 0.697222 0.017708 0.133333
0 0.072917 0.706019 0.018750 0.132407
0 0.716406 0.496759 0.013021 0.050926
0 0.802604 0.537963 0.016667 0.092593
0 0.703646 0.498148 0.013542 0.051852
0 0.693750 0.498611 0.015625 0.056481
0 0.769010 0.666204 0.029687 0.167593
0 0.847917 0.650000 0.046875 0.155556
0 0.724740 0.625463 0.024479 0.167593
0 0.793490 0.532870 0.016146 0.080556
0 0.991667 0.564352 0.023958 0.126852
0 0.748698 0.632407 0.047396 0.170370
0 0.745573 0.539815 0.016146 0.068519
0 0.767188 0.537963 0.023958 0.074074
0 0.828385 0.561111 0.020313 0.087037
0 0.716667 0.533796 0.023958 0.078704
0 0.733854 0.537037 0.013542 0.066667
