0 0.070573 0.701852 0.023438 0.153704
0 0.050781 0.720370 0.017188 0.144444
0 0.038281 0.728704 0.021354 0.148148
0 0.721615 0.514815 0.010937 0.051852
0 0.816146 0.552315 0.017708 0.093519
0 0.792969 0.550926 0.018229 0.081481
0 0.712760 0.515278 0.010937 0.052778
0 0.701302 0.512500 0.016146 0.056481
0 0.774219 0.711574 0.036979 0.184259
0 0.844792 0.683796 0.045833 0.176852
0 0.719792 0.654167 0.029167 0.176852
0 0.806771 0.557870 0.017708 0.087963
0 0.735938 0.662037 0.040625 0.185185
0 0.748177 0.558796 0.018229 0.076852
0 0.769010 0.556944 0.018229 0.073148
0 0.868229 0.585185 0.019792 0.118519
0 0.722656 0.562037 0.023438 0.088889
