0 0.143490 0.644444 0.019271 0.122222
0 0.625521 0.516204 0.012500 0.052778
0 0.133073 0.656481 0.017188 0.112963
0 0.124219 0.663426 0.016146 0.110185
0 0.038802 0.658796 0.025521 0.112037
0 0.677344 0.505556 0.011979 0.046296
0 0.664583 0.509259 0.011458 0.053704
0 0.650000 0.503704 0.013542 0.048148
0 0.735938 0.616667 0.028125 0.124074
0 0.792188 0.600463 0.028125 0.125000
0 0.717448 0.600463 0.033854 0.130556
0 0.894271 0.552778 0.016667 0.096296
0 0.030208 0.658796 0.026042 0.121296
0 0.714583 0.542130 0.017708 0.084259
0 0.733333 0.534722 0.016667 0.062037
0 0.773438 0.562037 0.014583 0.094444
0 0.675781 0.535185 0.018229 0.057407
0 0.702865 0.538889 0.014063 0.059259
0 0.693750 0.537963 0.012500 0.059259
