0 0.120573 0.646759 0.020313 0.134259
0 0.107031 0.664352 0.017188 0.126852
0 0.096875 0.669444 0.018750 0.125926
0 0.002865 0.665278 0.026562 0.130556
0 0.710156 0.484722 0.013021 0.052778
0 0.788802 0.517130 0.015104 0.086111
0 0.767708 0.514815 0.017708 0.074074
0 0.696615 0.493519 0.011979 0.051852
0 0.685156 0.483796 0.016146 0.052778
0 0.763542 0.630556 0.036458 0.157407
0 0.836979 0.611111 0.022917 0.153704
0 0.728906 0.601852 0.048438 0.148148
0 0.781771 0.523148 0.013542 0.085185
0 0.966406 0.547685 0.021354 0.119444
0 0.754948 0.598148 0.040104 0.157407
0 0.742188 0.519907 0.014583 0.063889
0 0.805208 0.544907 0.019792 0.086111
0 0.710417 0.519907 0.022917 0.071296
0 0.726302 0.526852 0.013021 0.061111
