0 0.711979 0.519907 0.009375 0.056481
0 0.825000 0.565278 0.019792 0.104630
0 0.778906 0.570833 0.013021 0.093519
0 0.791927 0.570833 0.021354 0.097222
0 0.700781 0.524537 0.009896 0.058333
0 0.770052 0.816204 0.047396 0.260185
0 0.803906 0.764352 0.053646 0.234259
0 0.667969 0.697685 0.039063 0.200926
0 0.816927 0.574537 0.017188 0.093519
0 0.695573 0.708333 0.024479 0.212963
0 0.733073 0.577315 0.020313 0.093519
0 0.758854 0.571759 0.022917 0.091667
0 0.920052 0.631944 0.034896 0.145370
0 0.716927 0.571296 0.025521 0.098148
