0 0.129427 0.645370 0.019271 0.131481
0 0.649479 0.503241 0.012500 0.052778
0 0.117969 0.662500 0.017188 0.126852
0 0.107292 0.667593 0.016667 0.120370
0 0.015885 0.659722 0.026562 0.123148
0 0.704167 0.488426 0.013542 0.050926
0 0.691406 0.495833 0.011979 0.052778
0 0.680729 0.494444 0.015625 0.053704
0 0.758594 0.627778 0.030729 0.146296
0 0.831771 0.612037 0.023958 0.148148
0 0.725260 0.603241 0.036979 0.145370
0 0.774219 0.529167 0.014063 0.078704
0 0.953125 0.552778 0.020833 0.111111
0 0.003906 0.661111 0.031771 0.131481
0 0.738281 0.532407 0.015104 0.072222
0 0.757292 0.524537 0.014583 0.062037
0 0.705469 0.530556 0.022396 0.072222
0 0.721094 0.527778 0.013021 0.059259
