0 0.138021 0.650463 0.018750 0.125000
0 0.643750 0.511574 0.012500 0.052778
0 0.125260 0.662500 0.017188 0.123148
0 0.116667 0.670370 0.015625 0.116667
0 0.027083 0.663889 0.026042 0.122222
0 0.698438 0.499074 0.010417 0.051852
0 0.684115 0.502778 0.011979 0.053704
0 0.672396 0.499537 0.014583 0.052778
0 0.758073 0.631019 0.028646 0.137963
0 0.822135 0.612500 0.025521 0.141667
0 0.732031 0.606944 0.024479 0.141667
0 0.765625 0.535648 0.016667 0.076852
0 0.934635 0.557870 0.022396 0.108333
0 0.016146 0.663426 0.027083 0.130556
0 0.733333 0.538889 0.016667 0.074074
0 0.753646 0.532407 0.014583 0.061111
0 0.811719 0.601852 0.022396 0.138889
0 0.697656 0.536111 0.021354 0.072222
0 0.714323 0.535185 0.013021 0.059259
