0 0.144010 0.642593 0.019271 0.120370
0 0.619271 0.515278 0.012500 0.052778
0 0.133594 0.654167 0.017188 0.110185
0 0.124479 0.660648 0.016667 0.108333
0 0.042188 0.656944 0.026042 0.108333
0 0.658333 0.509259 0.011458 0.053704
0 0.643229 0.502778 0.013542 0.046296
0 0.781771 0.596296 0.027083 0.122222
0 0.880990 0.555556 0.018229 0.101852
0 0.032552 0.656019 0.026562 0.121296
0 0.710938 0.539815 0.018750 0.075926
0 0.726042 0.535648 0.014583 0.067593
0 0.763281 0.562500 0.013021 0.100926
0 0.669792 0.537037 0.017708 0.059259
0 0.694792 0.540741 0.011458 0.068519
0 0.686979 0.536574 0.012500 0.060185
