0 0.104948 0.670833 0.021354 0.141667
0 0.089844 0.687963 0.017188 0.131481
0 0.078646 0.695833 0.018750 0.130556
0 0.715365 0.493056 0.013021 0.050926
0 0.799219 0.531481 0.017188 0.090741
0 0.776563 0.524537 0.017708 0.076852
0 0.702604 0.494444 0.012500 0.051852
0 0.691667 0.493981 0.015625 0.056481
0 0.769271 0.655556 0.035417 0.164815
0 0.842969 0.636574 0.043229 0.156481
0 0.725260 0.617593 0.023438 0.164815
0 0.987500 0.556944 0.022917 0.121296
0 0.752865 0.620370 0.035937 0.170370
0 0.745052 0.532407 0.016146 0.068519
0 0.765625 0.530556 0.020833 0.070370
0 0.822135 0.556481 0.018229 0.087037
0 0.715625 0.528241 0.023958 0.076852
0 0.732552 0.533796 0.013021 0.065741
