0 0.073438 0.700463 0.022917 0.152778
0 0.054167 0.718519 0.017708 0.142593
0 0.041406 0.726852 0.021354 0.146296
0 0.721354 0.513426 0.010417 0.050926
0 0.814844 0.550463 0.017188 0.089815
0 0.791667 0.549074 0.016667 0.081481
0 0.711458 0.512500 0.011458 0.052778
0 0.701042 0.511574 0.015625 0.056481
0 0.775781 0.707407 0.040104 0.181481
0 0.844271 0.679630 0.045833 0.177778
0 0.721615 0.653241 0.031771 0.175000
0 0.805729 0.555556 0.017708 0.087037
0 0.737240 0.658333 0.035937 0.188889
0 0.748177 0.556481 0.018229 0.075926
0 0.768490 0.553704 0.018229 0.074074
0 0.722135 0.560185 0.023438 0.088889
