0 0.139844 0.622685 0.019271 0.110185
0 0.592448 0.503704 0.011979 0.050000
0 0.130469 0.632870 0.017188 0.100926
0 0.123958 0.642130 0.016667 0.102778
0 0.702865 0.589352 0.026562 0.113889
0 0.740365 0.570370 0.023438 0.109259
0 0.832552 0.535648 0.020313 0.093519
0 0.723437 0.562500 0.029167 0.113889
0 0.037240 0.637500 0.026562 0.112037
0 0.681250 0.530093 0.014583 0.078704
0 0.691406 0.537963 0.016146 0.077778
0 0.644792 0.521759 0.022917 0.058333
0 0.633073 0.515741 0.011979 0.046296
0 0.667708 0.525926 0.013542 0.070370
0 0.657292 0.525000 0.012500 0.064815
