0 0.143490 0.647222 0.019271 0.124074
0 0.632292 0.516204 0.012500 0.052778
0 0.132813 0.660648 0.017708 0.115741
0 0.122917 0.666667 0.015625 0.112963
0 0.685937 0.506019 0.010417 0.049074
0 0.672917 0.509259 0.011458 0.053704
0 0.659375 0.504167 0.013542 0.050926
0 0.744271 0.626389 0.028125 0.125000
0 0.806250 0.606481 0.029167 0.129630
0 0.723698 0.606019 0.041146 0.134259
0 0.747917 0.539815 0.015625 0.075926
0 0.910156 0.550926 0.019271 0.094444
0 0.026823 0.662500 0.027604 0.125000
0 0.722656 0.543519 0.017188 0.079630
0 0.792708 0.597685 0.017708 0.125000
0 0.784115 0.562963 0.013021 0.098148
0 0.685677 0.537500 0.021354 0.065741
0 0.702083 0.538889 0.012500 0.059259
