0 0.067708 0.703241 0.023958 0.154630
0 0.047396 0.722222 0.017708 0.144444
0 0.035417 0.731019 0.021875 0.149074
0 0.721875 0.516667 0.010417 0.051852
0 0.816927 0.554167 0.018229 0.093519
0 0.712500 0.513889 0.010417 0.051852
0 0.701823 0.513426 0.016146 0.056481
0 0.774219 0.714352 0.035937 0.186111
0 0.845313 0.687963 0.045833 0.175926
0 0.718229 0.653704 0.028125 0.174074
0 0.807812 0.559722 0.017708 0.089815
0 0.735938 0.662963 0.042708 0.187037
0 0.748177 0.561111 0.018229 0.077778
0 0.769010 0.558796 0.018229 0.073148
0 0.723437 0.564352 0.023958 0.089815
