0 0.097917 0.681944 0.021875 0.143519
0 0.081771 0.702315 0.017708 0.134259
0 0.069792 0.708796 0.018750 0.132407
0 0.716927 0.498611 0.013021 0.050926
0 0.802865 0.539352 0.017188 0.093519
0 0.704427 0.500000 0.014063 0.051852
0 0.694792 0.501389 0.015625 0.056481
0 0.769792 0.671759 0.031250 0.171296
0 0.847396 0.652315 0.046875 0.158333
0 0.721875 0.632407 0.029167 0.164815
0 0.993229 0.568056 0.023958 0.126852
0 0.747396 0.637037 0.053125 0.174074
0 0.745833 0.541204 0.016667 0.069444
0 0.766927 0.539352 0.024479 0.073148
0 0.830729 0.563426 0.020833 0.086111
0 0.717187 0.537037 0.023958 0.079630
0 0.734896 0.539352 0.013542 0.067593
