0 0.717708 0.523611 0.009375 0.056481
0 0.829427 0.567130 0.020313 0.102778
0 0.783333 0.571296 0.012500 0.087037
0 0.795312 0.574074 0.020833 0.096296
0 0.707812 0.523148 0.010417 0.055556
0 0.777083 0.802315 0.045833 0.249074
0 0.815365 0.755556 0.039063 0.225926
0 0.679427 0.696296 0.032813 0.198148
0 0.819531 0.572685 0.017188 0.093519
0 0.708594 0.709722 0.033854 0.213889
0 0.738802 0.581481 0.019271 0.090741
0 0.764583 0.572685 0.022917 0.086111
0 0.917187 0.630556 0.039583 0.138889
0 0.723698 0.574074 0.025521 0.098148
