0 0.143490 0.644907 0.019271 0.123148
0 0.627604 0.516204 0.012500 0.052778
0 0.133073 0.657870 0.017188 0.113889
0 0.124219 0.664352 0.016146 0.110185
0 0.038281 0.660185 0.025521 0.112963
0 0.680208 0.507407 0.009375 0.048148
0 0.666667 0.509259 0.011458 0.053704
0 0.652604 0.504167 0.013542 0.049074
0 0.738021 0.619444 0.028125 0.124074
0 0.795573 0.601852 0.028646 0.125926
0 0.717187 0.602778 0.036458 0.133333
0 0.897917 0.552778 0.016667 0.096296
0 0.029427 0.658796 0.025521 0.121296
0 0.716927 0.544444 0.017188 0.083333
0 0.734896 0.537037 0.015625 0.066667
0 0.776823 0.562963 0.015104 0.094444
0 0.678385 0.534722 0.018229 0.058333
0 0.704948 0.539815 0.014063 0.059259
0 0.695833 0.537963 0.012500 0.059259
