0 0.112240 0.657407 0.021354 0.138889
0 0.098437 0.674074 0.016667 0.127778
0 0.087500 0.682407 0.018750 0.127778
0 0.712500 0.484259 0.011458 0.051852
0 0.794792 0.520833 0.016667 0.087963
0 0.772917 0.516667 0.017708 0.075926
0 0.700781 0.491204 0.011979 0.050926
0 0.689063 0.487963 0.015625 0.055556
0 0.770312 0.640278 0.037500 0.160185
0 0.842187 0.619444 0.032292 0.157407
0 0.729167 0.608796 0.035417 0.152778
0 0.978125 0.549074 0.020833 0.120370
0 0.755469 0.606944 0.032813 0.163889
0 0.744010 0.523611 0.016146 0.069444
0 0.763021 0.519907 0.020833 0.065741
0 0.829688 0.606944 0.021875 0.150926
0 0.713542 0.520833 0.023958 0.075000
0 0.729688 0.531019 0.013542 0.063889
