0 0.014323 0.754630 0.024479 0.168519
0 0.673177 0.543519 0.009896 0.053704
0 0.724479 0.536574 0.011458 0.058333
0 0.830990 0.574074 0.019271 0.090741
0 0.786198 0.582407 0.013021 0.087037
0 0.795573 0.577778 0.018229 0.090741
0 0.714583 0.536574 0.010417 0.054630
0 0.779167 0.777315 0.043750 0.223148
0 0.837240 0.744907 0.064062 0.199074
0 0.707292 0.693981 0.035417 0.186111
0 0.820573 0.584722 0.017188 0.093519
0 0.725260 0.707870 0.038021 0.206481
0 0.748437 0.586111 0.017708 0.085185
0 0.769792 0.583333 0.022917 0.085185
0 0.894792 0.632870 0.025000 0.132407
0 0.729948 0.587963 0.025521 0.098148
