0 0.134635 0.650926 0.019271 0.129630
0 0.646875 0.509722 0.012500 0.052778
0 0.122656 0.662963 0.017188 0.124074
0 0.113021 0.669444 0.015625 0.118519
0 0.024219 0.662500 0.025521 0.123148
0 0.700781 0.494907 0.010937 0.050926
0 0.686719 0.499537 0.011979 0.052778
0 0.675521 0.497222 0.014583 0.053704
0 0.758333 0.629630 0.028125 0.140741
0 0.825781 0.612963 0.024479 0.144444
0 0.728906 0.606944 0.021354 0.147222
0 0.769271 0.531019 0.016667 0.076852
0 0.942187 0.556481 0.021875 0.111111
0 0.013542 0.663889 0.031250 0.133333
0 0.736458 0.537037 0.016667 0.077778
0 0.754948 0.533796 0.015104 0.065741
0 0.701823 0.533796 0.022396 0.069444
0 0.716927 0.532407 0.013021 0.059259
