0 0.566667 0.511574 0.012500 0.058333
0 0.593490 0.510185 0.009896 0.053704
0 0.708594 0.569444 0.023438 0.120370
0 0.684635 0.568519 0.023438 0.109259
0 0.672135 0.573611 0.023438 0.112037
0 0.581510 0.516204 0.015104 0.067593
0 0.611719 0.922222 0.067187 0.325926
0 0.585417 0.870370 0.065625 0.316667
0 0.984896 0.636111 0.032292 0.177778
0 0.483073 0.769907 0.064062 0.275000
0 0.595313 0.575000 0.023958 0.109259
0 0.630990 0.574537 0.026562 0.112037
0 0.859115 0.659259 0.036979 0.166667
0 0.887760 0.643981 0.032813 0.154630
