0 0.551823 0.509722 0.013021 0.058333
0 0.577604 0.506944 0.011458 0.052778
0 0.693750 0.566667 0.021875 0.114815
0 0.657552 0.573148 0.023438 0.112963
0 0.567448 0.515278 0.015104 0.067593
0 0.586198 0.930556 0.068229 0.331481
0 0.556771 0.875000 0.062500 0.314815
0 0.682292 0.571296 0.018750 0.105556
0 0.970052 0.631944 0.033854 0.176852
0 0.446615 0.773148 0.056771 0.285185
0 0.578906 0.573611 0.023438 0.110185
0 0.613802 0.574537 0.026562 0.112037
0 0.850781 0.660185 0.045312 0.168519
0 0.876302 0.644444 0.034896 0.157407
