0 0.573177 0.512500 0.011979 0.058333
0 0.599740 0.510185 0.009896 0.053704
0 0.714583 0.568981 0.022917 0.117593
0 0.691927 0.568981 0.023438 0.108333
0 0.679167 0.573611 0.022917 0.110185
0 0.588802 0.516204 0.015104 0.067593
0 0.622917 0.917130 0.066667 0.323148
0 0.599740 0.868056 0.067187 0.317593
0 0.989844 0.632870 0.028646 0.171296
0 0.499219 0.767130 0.065104 0.273148
0 0.603646 0.575926 0.023958 0.109259
0 0.638802 0.574537 0.026562 0.112037
0 0.865625 0.659722 0.035417 0.167593
0 0.893229 0.643519 0.032292 0.153704
