0 0.414583 0.511111 0.013542 0.059259
0 0.546354 0.572685 0.023958 0.121296
0 0.495312 0.578241 0.017708 0.110185
0 0.509115 0.587037 0.021354 0.135185
0 0.316146 1.051389 0.071875 0.382407
0 0.260937 0.993981 0.086458 0.382407
0 0.388802 0.497685 0.015104 0.060185
0 0.166406 0.815741 0.078646 0.296296
0 0.527083 0.577778 0.020833 0.124074
0 0.809896 0.643519 0.042708 0.187037
0 0.165885 0.838889 0.054688 0.314815
0 0.422917 0.577315 0.021875 0.108333
0 0.457292 0.575926 0.030208 0.112963
0 0.717448 0.696296 0.046354 0.192593
0 0.752344 0.661111 0.048438 0.172222
0 0.433854 0.562500 0.025000 0.108333
