0 0.393229 0.511111 0.013542 0.059259
0 0.524740 0.575926 0.024479 0.122222
0 0.471875 0.581019 0.018750 0.112037
0 0.487240 0.592593 0.023438 0.138889
0 0.267708 1.063426 0.072917 0.365741
0 0.211198 1.008796 0.089063 0.384259
0 0.367188 0.499537 0.015625 0.060185
0 0.120833 0.824074 0.075000 0.301852
0 0.505729 0.583333 0.020833 0.120370
0 0.785156 0.649537 0.039063 0.187963
0 0.109115 0.842593 0.049479 0.331481
0 0.398438 0.578704 0.022917 0.109259
0 0.435156 0.577315 0.030729 0.106481
0 0.698177 0.701389 0.047396 0.193519
0 0.734115 0.666667 0.054688 0.172222
0 0.411979 0.564352 0.025000 0.108333
