0 0.451823 0.503704 0.013021 0.059259
0 0.588281 0.563426 0.022396 0.119444
0 0.537240 0.570370 0.016146 0.111111
0 0.551823 0.574074 0.019271 0.124074
0 0.401042 1.014815 0.069792 0.377778
0 0.351042 0.949074 0.076042 0.370370
0 0.425781 0.498148 0.011979 0.061111
0 0.571094 0.569444 0.022396 0.116667
0 0.857292 0.634722 0.037500 0.186111
0 0.258073 0.813426 0.077604 0.310185
0 0.465885 0.568519 0.021354 0.112963
0 0.503125 0.565278 0.031250 0.113889
0 0.754427 0.680556 0.044271 0.190741
0 0.782292 0.649537 0.041667 0.169444
0 0.475521 0.558796 0.025000 0.108333
