0 0.497396 0.502778 0.012500 0.059259
0 0.635938 0.562500 0.023958 0.119444
0 0.615885 0.565278 0.023438 0.117593
0 0.587500 0.569444 0.013542 0.112963
0 0.600260 0.568056 0.021354 0.115741
0 0.489063 0.967593 0.066667 0.357407
0 0.446615 0.905093 0.065104 0.334259
0 0.472917 0.499074 0.013542 0.062963
0 0.910417 0.631944 0.032292 0.182407
0 0.346615 0.789815 0.072396 0.298148
0 0.519531 0.567130 0.022396 0.113889
0 0.553125 0.567130 0.027083 0.123148
0 0.798958 0.669444 0.039583 0.183333
0 0.827604 0.645370 0.038542 0.162963
0 0.527083 0.553241 0.025000 0.108333
