0 0.489063 0.501389 0.012500 0.060185
0 0.626302 0.562500 0.023438 0.119444
0 0.605990 0.565278 0.023438 0.117593
0 0.577344 0.569907 0.014063 0.112037
0 0.590625 0.568981 0.020833 0.117593
0 0.472656 0.974074 0.067187 0.361111
0 0.427344 0.920833 0.064062 0.358333
0 0.464062 0.499074 0.013542 0.062963
0 0.899740 0.631944 0.033854 0.182407
0 0.330729 0.791667 0.077083 0.296296
0 0.508854 0.566204 0.021875 0.113889
0 0.543229 0.567593 0.027083 0.120370
0 0.792188 0.670833 0.040625 0.186111
0 0.817969 0.645833 0.038021 0.163889
0 0.516667 0.554167 0.025000 0.108333
