0 0.350521 0.512037 0.013542 0.061111
0 0.481510 0.581019 0.025521 0.123148
0 0.426302 0.584259 0.020313 0.112963
0 0.440625 0.596296 0.020833 0.142593
0 0.096354 1.037500 0.088542 0.380556
0 0.326042 0.504630 0.012500 0.061111
0 0.460677 0.587500 0.020313 0.125000
0 0.739323 0.656019 0.042188 0.191667
0 0.016927 0.864352 0.061979 0.336111
0 0.350260 0.581481 0.024479 0.111111
0 0.384896 0.576389 0.022917 0.119444
0 0.649219 0.714352 0.049479 0.202778
0 0.152344 0.974537 0.047396 0.384259
0 0.690365 0.675926 0.052604 0.179630
0 0.365625 0.565278 0.025000 0.108333
