0 0.382292 0.511574 0.013542 0.060185
0 0.514062 0.577778 0.025000 0.122222
0 0.460417 0.582870 0.018750 0.112037
0 0.476042 0.595370 0.020833 0.142593
0 0.243490 1.069444 0.073438 0.357407
0 0.187760 1.015741 0.089063 0.383333
0 0.356771 0.501389 0.015625 0.060185
0 0.098437 0.828241 0.072917 0.304630
0 0.494531 0.584722 0.020313 0.121296
0 0.773698 0.652315 0.038021 0.187963
0 0.086198 0.852778 0.053646 0.333333
0 0.386458 0.579167 0.022917 0.110185
0 0.419792 0.574074 0.031250 0.112963
0 0.685937 0.704167 0.047917 0.195370
0 0.723958 0.669907 0.054167 0.173148
