0 0.586719 0.511574 0.009896 0.058333
0 0.612760 0.511111 0.009896 0.053704
0 0.728906 0.570833 0.023438 0.119444
0 0.703646 0.568519 0.023958 0.103704
0 0.682552 0.574074 0.014063 0.109259
0 0.693750 0.574074 0.022917 0.109259
0 0.602865 0.518056 0.015104 0.067593
0 0.646354 0.908796 0.065625 0.317593
0 0.622917 0.856019 0.058333 0.304630
0 0.502865 0.747222 0.042188 0.251852
0 1.001302 0.635648 0.023438 0.171296
0 0.522917 0.762963 0.058333 0.268519
0 0.618750 0.577315 0.023958 0.108333
0 0.653385 0.577315 0.026562 0.112037
0 0.876823 0.660648 0.036979 0.169444
0 0.904167 0.642593 0.031250 0.150000
0 0.867448 0.625463 0.031771 0.154630
