0 0.514583 0.505556 0.011458 0.057407
0 0.654167 0.562500 0.023958 0.119444
0 0.631510 0.565278 0.023438 0.115741
0 0.607292 0.568519 0.012500 0.112963
0 0.619271 0.568519 0.022917 0.112963
0 0.521875 0.955556 0.065625 0.348148
0 0.481510 0.887500 0.064062 0.310185
0 0.491146 0.499074 0.013542 0.062963
0 0.930208 0.632870 0.033333 0.182407
0 0.378385 0.783333 0.070313 0.290741
0 0.538021 0.568981 0.022917 0.112037
0 0.572917 0.568056 0.027083 0.119444
0 0.813542 0.666204 0.041667 0.178704
0 0.847656 0.644444 0.040104 0.161111
