0 0.559115 0.510648 0.013021 0.058333
0 0.584635 0.511111 0.009896 0.053704
0 0.701042 0.568056 0.022917 0.117593
0 0.654167 0.570833 0.012500 0.110185
0 0.664844 0.573611 0.023438 0.112037
0 0.574740 0.515278 0.015104 0.067593
0 0.598958 0.926389 0.067708 0.328704
0 0.571094 0.872685 0.064062 0.315741
0 0.978385 0.633796 0.033854 0.176852
0 0.467969 0.769907 0.065104 0.275000
0 0.587240 0.574074 0.023438 0.109259
0 0.621615 0.574537 0.026562 0.112037
0 0.852083 0.659722 0.033333 0.167593
0 0.882552 0.644907 0.033854 0.156481
