0 0.735677 0.637500 0.053646 0.223148
0 0.229167 0.433333 0.043750 0.214815
0 0.074740 0.623611 0.043229 0.230556
0 0.916406 0.519907 0.039063 0.193519
0 0.647135 1.001852 0.041146 0.192593
0 0.354167 0.820833 0.052083 0.232407
0 0.377865 0.242593 0.040104 0.103704
0 0.367969 0.325463 0.029687 0.112037
0 0.429688 0.218519 0.031250 0.161111
0 0.986719 0.346759 0.036979 0.176852
0 0.788542 0.132407 0.027083 0.135185
0 0.821875 0.281944 0.026042 0.158333
0 0.785677 0.288889 0.030729 0.181481
0 0.471615 0.264352 0.029687 0.160185
0 0.541667 0.240741 0.038542 0.162963
0 0.100000 0.423148 0.033333 0.175926
0 0.460938 0.227778 0.030208 0.168519
0 0.482292 0.233796 0.027083 0.152778
0 0.726042 0.276389 0.020833 0.154630
0 0.700260 0.240278 0.027604 0.154630
0 0.380469 0.070833 0.027604 0.150926
0 0.295833 0.022222 0.018750 0.120370
0 0.020313 0.827778 0.034375 0.220370
0 0.651563 0.080093 0.031250 0.106481
0 0.277604 0.256944 0.043750 0.180556
0 0.242969 0.110648 0.026562 0.147222
0 0.217448 0.120370 0.025521 0.148148
0 0.292708 0.136574 0.022917 0.154630
0 0.267448 0.112963 0.027604 0.148148
0 0.199219 0.179167 0.027604 0.163889
0 0.239062 0.164352 0.027083 0.141667
0 0.160938 0.192593 0.027083 0.157407
0 0.123177 0.194444 0.025521 0.151852
0 0.145313 0.169444 0.023958 0.170370
0 0.225781 0.993519 0.051562 0.214815
