0 0.736198 0.637500 0.053646 0.223148
0 0.219271 0.473611 0.043750 0.219444
0 0.074740 0.624074 0.043229 0.231481
0 0.917708 0.520833 0.038542 0.193519
0 0.613802 1.000926 0.040104 0.198148
0 0.354687 0.820833 0.052083 0.232407
0 0.377865 0.242593 0.040104 0.103704
0 0.367969 0.325463 0.029687 0.112037
0 0.429688 0.218519 0.031250 0.161111
0 0.958594 0.289815 0.032813 0.168519
0 0.788281 0.132407 0.027604 0.135185
0 0.857552 0.318519 0.030729 0.170370
0 0.556771 0.270833 0.044792 0.165741
0 0.553646 0.212037 0.033333 0.159259
0 0.124479 0.447222 0.033333 0.181481
0 0.139063 0.423148 0.031250 0.198148
0 0.472917 0.205556 0.030208 0.164815
0 0.489323 0.206944 0.026562 0.147222
0 0.552604 0.009259 0.023958 0.112963
0 0.533594 0.007870 0.023438 0.110185
0 0.758073 0.299537 0.025521 0.156481
0 0.739062 0.255556 0.025000 0.157407
0 0.380469 0.070833 0.027604 0.150926
0 0.005208 0.903241 0.037500 0.230556
0 0.644792 0.085648 0.037500 0.104630
0 0.287240 0.228704 0.054688 0.175926
0 0.253125 0.142130 0.025000 0.158333
0 0.231250 0.152778 0.028125 0.155556
0 0.292187 0.136574 0.021875 0.154630
0 0.268229 0.112963 0.026042 0.148148
0 0.198958 0.179630 0.027083 0.164815
0 0.162240 0.192593 0.027604 0.157407
0 0.187240 0.160185 0.025521 0.161111
0 0.124740 0.194444 0.023438 0.151852
0 0.148177 0.171296 0.030729 0.166667
0 0.648177 0.056019 0.040104 0.130556
