0 0.735417 0.637500 0.053125 0.223148
0 0.233854 0.415741 0.042708 0.212963
0 0.074740 0.623148 0.043229 0.229630
0 0.916406 0.519907 0.039063 0.193519
0 0.639062 0.997222 0.043750 0.201852
0 0.354167 0.820833 0.052083 0.232407
0 0.377865 0.242593 0.040104 0.103704
0 0.367969 0.325463 0.029687 0.112037
0 1.003385 0.372685 0.036979 0.176852
0 0.788802 0.132407 0.027604 0.135185
0 0.801042 0.271296 0.026042 0.161111
0 0.768490 0.277315 0.042188 0.178704
0 0.429688 0.262500 0.039583 0.158333
0 0.533854 0.257407 0.033333 0.162963
0 0.087500 0.418981 0.029167 0.178704
0 0.454948 0.236574 0.027604 0.167593
0 0.476563 0.249537 0.029167 0.156481
0 0.709115 0.264352 0.020313 0.150926
0 0.675000 0.234722 0.028125 0.150926
0 0.380469 0.070833 0.027604 0.150926
0 0.023177 0.793981 0.034896 0.212037
0 0.651563 0.080556 0.031250 0.107407
0 0.273958 0.270370 0.038542 0.177778
0 0.239844 0.096759 0.026562 0.145370
0 0.212240 0.102778 0.027604 0.150000
0 0.292969 0.136574 0.023438 0.154630
0 0.267188 0.112963 0.028125 0.148148
0 0.199479 0.179167 0.028125 0.163889
0 0.259375 0.176852 0.030208 0.142593
0 0.164063 0.192593 0.027083 0.157407
0 0.188281 0.160185 0.023438 0.162963
0 0.122656 0.196296 0.025521 0.151852
0 0.146615 0.170370 0.024479 0.172222
0 0.228646 0.965741 0.051042 0.251852
