0 0.735677 0.637500 0.053646 0.223148
0 0.227604 0.438426 0.043750 0.215741
0 0.074740 0.623611 0.043229 0.230556
0 0.916406 0.519907 0.039063 0.193519
0 0.646094 1.003241 0.040104 0.189815
0 0.354167 0.820833 0.052083 0.232407
0 0.377865 0.242593 0.040104 0.103704
0 0.367969 0.325463 0.029687 0.112037
0 0.429688 0.218519 0.031250 0.161111
0 0.982812 0.337500 0.037500 0.176852
0 0.788542 0.132407 0.027083 0.135185
0 0.826823 0.286574 0.026562 0.160185
0 0.789323 0.292130 0.030729 0.180556
0 0.482292 0.265278 0.033333 0.160185
0 0.543229 0.237037 0.039583 0.164815
0 0.103906 0.425463 0.034896 0.176852
0 0.462500 0.224537 0.030208 0.167593
0 0.532031 -0.017130 0.022396 0.110185
0 0.729688 0.279167 0.021875 0.154630
0 0.705729 0.243056 0.027083 0.154630
0 0.380469 0.070833 0.027604 0.150926
0 0.295573 0.022222 0.018229 0.120370
0 0.018490 0.838889 0.034896 0.222222
0 0.650781 0.080556 0.033854 0.107407
0 0.278646 0.250926 0.047917 0.179630
0 0.244271 0.114352 0.027083 0.149074
0 0.220573 0.124537 0.026562 0.149074
0 0.292708 0.136574 0.022917 0.154630
0 0.267448 0.112963 0.027604 0.148148
0 0.199219 0.179167 0.027604 0.163889
0 0.231250 0.159722 0.027083 0.141667
0 0.160938 0.192593 0.027083 0.157407
0 0.123698 0.194444 0.025521 0.151852
0 0.144792 0.169444 0.023958 0.170370
0 0.222917 0.998611 0.051042 0.204630
