0 0.736198 0.637500 0.053646 0.223148
0 0.217448 0.479167 0.043229 0.219444
0 0.074740 0.624074 0.043229 0.231481
0 0.918229 0.520833 0.038542 0.193519
0 0.609115 1.000463 0.040104 0.199074
0 0.354687 0.820833 0.052083 0.232407
0 0.377865 0.242593 0.040104 0.103704
0 0.367969 0.325463 0.029687 0.112037
0 0.429688 0.218519 0.031250 0.161111
0 0.955208 0.283333 0.033333 0.164815
0 0.788281 0.132407 0.027604 0.135185
0 0.861719 0.325000 0.030729 0.170370
0 0.569792 0.274537 0.053125 0.165741
0 0.555469 0.211574 0.036979 0.163889
0 0.127344 0.449074 0.033854 0.179630
0 0.144010 0.425463 0.029687 0.197222
0 0.473698 0.201852 0.031771 0.164815
0 0.489844 0.205093 0.026562 0.147222
0 0.553125 0.015741 0.023958 0.112963
0 0.533073 0.012037 0.024479 0.111111
0 0.762240 0.301389 0.025521 0.156481
0 0.744271 0.256944 0.023958 0.158333
0 0.380469 0.070833 0.027604 0.150926
0 0.403125 -0.010648 0.020833 0.100926
0 0.004167 0.916667 0.037500 0.237037
0 0.643750 0.086574 0.038542 0.104630
0 0.289323 0.225463 0.053646 0.176852
0 0.254167 0.147222 0.026042 0.159259
0 0.230990 0.159722 0.027604 0.158333
0 0.292187 0.136574 0.021875 0.154630
0 0.268229 0.112963 0.026042 0.148148
0 0.198958 0.179630 0.027083 0.164815
0 0.162760 0.192593 0.027604 0.157407
0 0.187760 0.160185 0.025521 0.161111
0 0.125260 0.194907 0.023438 0.152778
0 0.149219 0.171296 0.030729 0.166667
0 0.648177 0.054630 0.039063 0.135185
