0 0.735156 0.637500 0.053646 0.223148
0 0.236719 0.405093 0.042188 0.212037
0 0.074740 0.623148 0.043229 0.229630
0 0.916406 0.519907 0.039063 0.193519
0 0.634635 0.992593 0.043229 0.209259
0 0.353646 0.820833 0.052083 0.232407
0 0.377865 0.242593 0.040104 0.103704
0 0.367969 0.325463 0.029687 0.112037
0 0.429688 0.218519 0.031250 0.161111
0 0.788802 0.131944 0.027604 0.136111
0 0.788021 0.268519 0.026042 0.161111
0 0.758854 0.273148 0.034375 0.174074
0 0.412500 0.255093 0.028125 0.163889
0 0.526563 0.261111 0.036458 0.170370
0 0.078125 0.414815 0.022917 0.177778
0 0.083333 0.393056 0.032292 0.187963
0 0.450521 0.250000 0.027083 0.172222
0 0.471615 0.256481 0.027604 0.153704
0 0.699479 0.263426 0.020833 0.150926
0 0.659115 0.228704 0.040104 0.150000
0 0.380469 0.070833 0.027604 0.150926
0 0.296094 0.022685 0.020313 0.119444
0 0.024479 0.775926 0.034375 0.214815
0 0.651563 0.081019 0.031250 0.108333
0 0.276562 0.279630 0.040625 0.181481
0 0.240104 0.091667 0.027083 0.148148
0 0.211719 0.099074 0.027604 0.150000
0 0.292708 0.136574 0.023958 0.154630
0 0.266927 0.112963 0.028646 0.148148
0 0.199479 0.178704 0.028125 0.162963
0 0.263542 0.187037 0.030208 0.142593
0 0.165625 0.192593 0.027083 0.157407
0 0.187500 0.159722 0.023958 0.162037
0 0.122135 0.196296 0.025521 0.151852
0 0.146875 0.169907 0.026042 0.169444
0 0.228906 0.938426 0.050521 0.249074
