0 0.735938 0.637500 0.053125 0.223148
0 0.223698 0.452778 0.044271 0.216667
0 0.074740 0.624074 0.043229 0.231481
0 0.916406 0.519907 0.039063 0.193519
0 0.630208 1.003241 0.039583 0.193519
0 0.354687 0.820833 0.052083 0.232407
0 0.377865 0.242593 0.040104 0.103704
0 0.367969 0.325463 0.029687 0.112037
0 0.429688 0.218519 0.031250 0.161111
0 0.972135 0.318056 0.033854 0.175000
0 0.788281 0.132407 0.027604 0.135185
0 0.841146 0.300926 0.028125 0.164815
0 0.797917 0.298148 0.031250 0.177778
0 0.521094 0.265741 0.041146 0.162963
0 0.546354 0.228704 0.040625 0.166667
0 0.115104 0.431481 0.034375 0.179630
0 0.467187 0.215278 0.028125 0.167593
0 0.488542 0.219444 0.025000 0.150000
0 0.552083 -0.007407 0.023958 0.112963
0 0.533854 -0.008796 0.021875 0.110185
0 0.743229 0.288426 0.025000 0.156481
0 0.721354 0.250463 0.023958 0.156481
0 0.380469 0.070833 0.027604 0.150926
0 0.013281 0.863889 0.036979 0.220370
0 0.647396 0.082870 0.038542 0.108333
0 0.276302 0.240741 0.046354 0.174074
0 0.248177 0.129167 0.023438 0.152778
0 0.227344 0.140278 0.026562 0.152778
0 0.292448 0.136574 0.022396 0.154630
0 0.267708 0.112963 0.027083 0.148148
0 0.198958 0.179630 0.027083 0.164815
0 0.210938 0.152778 0.025000 0.142593
0 0.161458 0.192593 0.027083 0.157407
0 0.188802 0.161111 0.025521 0.161111
0 0.124219 0.194444 0.024479 0.151852
0 0.144010 0.170370 0.024479 0.166667
0 0.223437 1.018981 0.044792 0.163889
