0 0.735677 0.637500 0.053646 0.223148
0 0.226302 0.443056 0.044271 0.215741
0 0.074740 0.623611 0.043229 0.230556
0 0.916406 0.519907 0.039063 0.193519
0 0.643490 1.003704 0.040104 0.190741
0 0.354167 0.820833 0.052083 0.232407
0 0.377865 0.242593 0.040104 0.103704
0 0.367969 0.325463 0.029687 0.112037
0 0.429688 0.218519 0.031250 0.161111
0 0.979687 0.326852 0.038542 0.177778
0 0.788281 0.132407 0.027604 0.135185
0 0.831250 0.293519 0.028125 0.164815
0 0.793229 0.293519 0.031250 0.177778
0 0.494010 0.265741 0.046354 0.161111
0 0.545052 0.233796 0.040104 0.167593
0 0.107292 0.428704 0.034375 0.177778
0 0.464062 0.222685 0.030208 0.167593
0 0.552083 -0.013889 0.023958 0.112963
0 0.531510 -0.010648 0.022396 0.110185
0 0.733594 0.281944 0.023438 0.154630
0 0.711719 0.247685 0.028646 0.154630
0 0.380469 0.070833 0.027604 0.150926
0 0.295312 0.022222 0.017708 0.120370
0 0.016667 0.848611 0.036458 0.221296
0 0.650000 0.082870 0.037500 0.108333
0 0.277083 0.244444 0.047917 0.177778
0 0.245573 0.118056 0.027604 0.150926
0 0.292448 0.136574 0.022396 0.154630
0 0.267708 0.112963 0.027083 0.148148
0 0.199219 0.179167 0.027604 0.163889
0 0.222917 0.155093 0.027083 0.141667
0 0.160938 0.192593 0.027083 0.157407
0 0.190365 0.162500 0.024479 0.160185
0 0.123958 0.194444 0.025000 0.151852
0 0.144531 0.169444 0.023438 0.170370
0 0.223698 1.005093 0.049479 0.191667
