0 0.735156 0.637500 0.053646 0.223148
0 0.239062 0.397222 0.041667 0.211111
0 0.074740 0.623148 0.043229 0.229630
0 0.916406 0.519907 0.039063 0.193519
0 0.630469 0.988889 0.043229 0.209259
0 0.353646 0.820833 0.052083 0.232407
0 0.377865 0.242593 0.040104 0.103704
0 0.367969 0.325463 0.029687 0.112037
0 0.429688 0.218519 0.031250 0.161111
0 0.788802 0.131944 0.027604 0.136111
0 0.778646 0.258796 0.027083 0.160185
0 0.751042 0.270833 0.030208 0.178704
0 0.398438 0.255556 0.035417 0.162963
0 0.523438 0.265278 0.035417 0.167593
0 0.074219 0.412500 0.023438 0.176852
0 0.447135 0.253241 0.028646 0.169444
0 0.466927 0.266204 0.026562 0.158333
0 0.689063 0.263426 0.022917 0.150926
0 0.646354 0.225000 0.028125 0.157407
0 0.380469 0.070833 0.027604 0.150926
0 0.296094 0.022685 0.020313 0.119444
0 0.028646 0.756944 0.034375 0.208333
0 0.651563 0.081019 0.031250 0.108333
0 0.279687 0.287037 0.038542 0.181481
0 0.240625 0.084259 0.026042 0.148148
0 0.209635 0.092593 0.027604 0.150000
0 0.292708 0.136574 0.023958 0.154630
0 0.266927 0.112963 0.028646 0.148148
0 0.199479 0.178704 0.028125 0.162963
0 0.264844 0.197222 0.027604 0.144444
0 0.166146 0.193056 0.027083 0.156481
0 0.188021 0.159722 0.022917 0.162037
0 0.122135 0.196296 0.025521 0.151852
0 0.148698 0.169907 0.029687 0.169444
0 0.234375 0.921296 0.055208 0.248148
