0 0.735156 0.637500 0.053646 0.223148
0 0.238542 0.399074 0.041667 0.211111
0 0.074740 0.623148 0.043229 0.229630
0 0.916406 0.519907 0.039063 0.193519
0 0.631510 0.989815 0.043229 0.209259
0 0.353646 0.820833 0.052083 0.232407
0 0.377865 0.242593 0.040104 0.103704
0 0.367969 0.325463 0.029687 0.112037
0 0.429688 0.218519 0.031250 0.161111
0 0.788802 0.131944 0.027604 0.136111
0 0.780990 0.261111 0.026562 0.161111
0 0.753125 0.271296 0.031250 0.177778
0 0.401823 0.255556 0.033854 0.162963
0 0.524219 0.263889 0.035937 0.168519
0 0.075260 0.412963 0.023438 0.177778
0 0.447917 0.252778 0.028125 0.170370
0 0.467969 0.263889 0.026562 0.157407
0 0.691667 0.263426 0.021875 0.150926
0 0.649479 0.225926 0.031250 0.155556
0 0.380469 0.070833 0.027604 0.150926
0 0.296094 0.022685 0.020313 0.119444
0 0.027604 0.761574 0.034375 0.210185
0 0.651563 0.081019 0.031250 0.108333
0 0.278906 0.285185 0.039063 0.181481
0 0.240625 0.086111 0.026042 0.148148
0 0.210156 0.094444 0.027604 0.150000
0 0.292708 0.136574 0.023958 0.154630
0 0.266927 0.112963 0.028646 0.148148
0 0.199479 0.178704 0.028125 0.162963
0 0.264583 0.194907 0.028125 0.143519
0 0.166146 0.193056 0.027083 0.156481
0 0.188021 0.159722 0.022917 0.162037
0 0.122135 0.196296 0.025521 0.151852
0 0.148438 0.169907 0.029167 0.169444
0 0.232031 0.925926 0.050521 0.248148
