0 0.735417 0.637500 0.053125 0.223148
0 0.234896 0.411574 0.042708 0.212037
0 0.074740 0.623148 0.043229 0.229630
0 0.916406 0.519907 0.039063 0.193519
0 0.637500 0.995370 0.043750 0.205556
0 0.354167 0.820833 0.052083 0.232407
0 0.377865 0.242593 0.040104 0.103704
0 0.367969 0.325463 0.029687 0.112037
0 1.005469 0.375463 0.036979 0.176852
0 0.788802 0.132407 0.027604 0.135185
0 0.796354 0.270370 0.026042 0.161111
0 0.764844 0.275463 0.039063 0.176852
0 0.423437 0.259259 0.034375 0.161111
0 0.530990 0.258796 0.034896 0.165741
0 0.083594 0.417130 0.026562 0.178704
0 0.087500 0.395833 0.035417 0.187963
0 0.453125 0.241204 0.027083 0.169444
0 0.474740 0.251852 0.028646 0.155556
0 0.705729 0.263426 0.020833 0.150926
0 0.669271 0.232407 0.033333 0.150000
0 0.380469 0.070833 0.027604 0.150926
0 0.296094 0.022685 0.020313 0.119444
0 0.023177 0.787500 0.034896 0.213889
0 0.651563 0.080556 0.031250 0.107407
0 0.274479 0.273148 0.039583 0.179630
0 0.239844 0.094907 0.026562 0.147222
0 0.212240 0.100926 0.027604 0.150000
0 0.292708 0.136574 0.023958 0.154630
0 0.267188 0.112963 0.028125 0.148148
0 0.199479 0.178704 0.028125 0.162963
0 0.260937 0.180556 0.030208 0.142593
0 0.164583 0.192593 0.027083 0.157407
0 0.187760 0.160185 0.023438 0.162963
0 0.122656 0.196296 0.025521 0.151852
0 0.146354 0.169907 0.025000 0.171296
0 0.227865 0.955556 0.050521 0.250000
