0 0.735677 0.637500 0.053646 0.223148
0 0.229687 0.431481 0.043750 0.214815
0 0.074740 0.623611 0.043229 0.230556
0 0.916406 0.519907 0.039063 0.193519
0 0.646875 1.000926 0.041667 0.194444
0 0.354167 0.820833 0.052083 0.232407
0 0.377865 0.242593 0.040104 0.103704
0 0.367969 0.325463 0.029687 0.112037
0 0.429688 0.218519 0.031250 0.161111
0 0.988802 0.349537 0.036979 0.176852
0 0.788542 0.132407 0.027083 0.135185
0 0.819792 0.281944 0.026042 0.160185
0 0.784115 0.286574 0.030729 0.180556
0 0.467708 0.263889 0.034375 0.159259
0 0.540885 0.243056 0.038021 0.162037
0 0.097656 0.422685 0.031771 0.175000
0 0.460417 0.230093 0.030208 0.169444
0 0.481771 0.235648 0.027083 0.152778
0 0.724479 0.275463 0.020833 0.154630
0 0.698177 0.240741 0.028646 0.153704
0 0.380469 0.070833 0.027604 0.150926
0 0.295833 0.022222 0.018750 0.120370
0 0.020833 0.822222 0.034375 0.218519
0 0.651563 0.080093 0.031250 0.106481
0 0.276823 0.257870 0.043229 0.180556
0 0.242188 0.108796 0.026042 0.147222
0 0.216406 0.119444 0.025521 0.150000
0 0.292708 0.136574 0.022917 0.154630
0 0.267448 0.112963 0.027604 0.148148
0 0.199219 0.179167 0.027604 0.163889
0 0.241667 0.166204 0.027083 0.141667
0 0.161458 0.192593 0.027083 0.157407
0 0.123177 0.194444 0.025521 0.151852
0 0.145313 0.169444 0.023958 0.170370
0 0.227083 0.991667 0.052083 0.218519
