0 0.735156 0.637500 0.053646 0.223148
0 0.235417 0.410648 0.042708 0.212037
0 0.074740 0.623148 0.043229 0.229630
0 0.916406 0.519907 0.039063 0.193519
0 0.636979 0.995370 0.043750 0.205556
0 0.354167 0.820833 0.052083 0.232407
0 0.377865 0.242593 0.040104 0.103704
0 0.367969 0.325463 0.029687 0.112037
0 1.005990 0.376389 0.036979 0.176852
0 0.788802 0.132407 0.027604 0.135185
0 0.795312 0.270370 0.026042 0.161111
0 0.764062 0.275463 0.038542 0.176852
0 0.421875 0.258333 0.033333 0.161111
0 0.530469 0.259259 0.034896 0.166667
0 0.082812 0.417130 0.026042 0.178704
0 0.086979 0.395370 0.035417 0.187037
0 0.452865 0.243056 0.027604 0.169444
0 0.474479 0.252315 0.028125 0.154630
0 0.704948 0.263426 0.020313 0.150926
0 0.667969 0.231944 0.034896 0.150926
0 0.380469 0.070833 0.027604 0.150926
0 0.296094 0.022685 0.020313 0.119444
0 0.023438 0.786111 0.034375 0.212963
0 0.651563 0.080556 0.031250 0.107407
0 0.275000 0.274537 0.039583 0.180556
0 0.239844 0.094907 0.026562 0.147222
0 0.212240 0.100926 0.027604 0.150000
0 0.292708 0.136574 0.023958 0.154630
0 0.267188 0.112963 0.028125 0.148148
0 0.199479 0.178704 0.028125 0.162963
0 0.261458 0.181481 0.030208 0.142593
0 0.164583 0.192593 0.027083 0.157407
0 0.187760 0.160185 0.023438 0.162963
0 0.122656 0.196296 0.025521 0.151852
0 0.146615 0.169907 0.025521 0.171296
0 0.227604 0.953241 0.050000 0.249074
