0 0.735938 0.637500 0.053125 0.223148
0 0.224479 0.450000 0.044792 0.216667
0 0.074740 0.623611 0.043229 0.230556
0 0.916406 0.519907 0.039063 0.193519
0 0.634896 1.003704 0.039583 0.192593
0 0.354687 0.820833 0.052083 0.232407
0 0.377865 0.242593 0.040104 0.103704
0 0.367969 0.325463 0.029687 0.112037
0 0.429688 0.218519 0.031250 0.161111
0 0.974740 0.319907 0.035937 0.176852
0 0.788281 0.132407 0.027604 0.135185
0 0.838281 0.299537 0.028646 0.165741
0 0.796875 0.297222 0.031250 0.177778
0 0.512760 0.265741 0.045312 0.162963
0 0.546354 0.230093 0.040625 0.167593
0 0.112760 0.431019 0.033854 0.178704
0 0.466406 0.218056 0.028646 0.167593
0 0.488021 0.222685 0.025000 0.150926
0 0.552083 -0.009259 0.023958 0.112963
0 0.533073 -0.008796 0.022396 0.110185
0 0.740365 0.286574 0.024479 0.156481
0 0.718750 0.250463 0.026042 0.156481
0 0.380469 0.070833 0.027604 0.150926
0 0.014323 0.859259 0.036979 0.220370
0 0.648177 0.082870 0.039063 0.108333
0 0.274219 0.241204 0.046354 0.173148
0 0.247396 0.125926 0.025000 0.151852
0 0.226823 0.137500 0.026562 0.152778
0 0.292448 0.136574 0.022396 0.154630
0 0.267708 0.112963 0.027083 0.148148
0 0.199219 0.179630 0.027604 0.164815
0 0.214323 0.152778 0.025521 0.142593
0 0.161458 0.192593 0.027083 0.157407
0 0.189323 0.162037 0.025521 0.161111
0 0.123958 0.194444 0.025000 0.151852
0 0.144271 0.169907 0.023958 0.167593
0 0.223958 1.014352 0.046875 0.173148
