0 0.736198 0.637500 0.053646 0.223148
0 0.216146 0.482407 0.042708 0.220370
0 0.074740 0.624074 0.043229 0.231481
0 0.919531 0.520370 0.039063 0.194444
0 0.603906 1.001389 0.040104 0.197222
0 0.354687 0.820833 0.052083 0.232407
0 0.377865 0.242593 0.040104 0.103704
0 0.367969 0.325463 0.029687 0.112037
0 0.429688 0.218519 0.031250 0.161111
0 0.953125 0.280556 0.033333 0.166667
0 0.788281 0.132407 0.027604 0.135185
0 0.863802 0.325463 0.031771 0.169444
0 0.575521 0.275926 0.045833 0.166667
0 0.555990 0.209722 0.038021 0.165741
0 0.129427 0.453241 0.033854 0.182407
0 0.146354 0.429630 0.030208 0.200000
0 0.472135 0.199537 0.031771 0.165741
0 0.489063 0.201389 0.026042 0.147222
0 0.553125 0.016667 0.023958 0.112963
0 0.532552 0.013889 0.024479 0.111111
0 0.764062 0.304167 0.026042 0.156481
0 0.746354 0.257870 0.023958 0.158333
0 0.380469 0.070833 0.027604 0.150926
0 0.403646 -0.008796 0.020833 0.100926
0 0.003646 0.918519 0.037500 0.233333
0 0.642969 0.086574 0.039063 0.104630
0 0.289844 0.224074 0.051562 0.174074
0 0.254167 0.150000 0.026042 0.159259
0 0.230990 0.160185 0.027604 0.157407
0 0.292187 0.136574 0.021875 0.154630
0 0.268229 0.112963 0.026042 0.148148
0 0.198958 0.179630 0.027083 0.164815
0 0.162760 0.192593 0.027604 0.157407
0 0.187760 0.160185 0.025521 0.161111
0 0.125781 0.194907 0.023438 0.152778
0 0.150000 0.170370 0.030208 0.166667
0 0.648958 0.054630 0.037500 0.135185
