0 0.734896 0.637500 0.053125 0.223148
0 0.241406 0.389815 0.041146 0.211111
0 0.074740 0.623148 0.043229 0.229630
0 0.916406 0.519907 0.039063 0.193519
0 0.623698 0.981944 0.043229 0.208333
0 0.353646 0.820833 0.052083 0.232407
0 0.367969 0.325463 0.029687 0.112037
0 0.429688 0.218519 0.031250 0.161111
0 0.789063 0.131944 0.027083 0.136111
0 0.769271 0.255556 0.030208 0.159259
0 0.744010 0.266667 0.029687 0.177778
0 0.386979 0.252778 0.029167 0.161111
0 0.516927 0.270370 0.036979 0.170370
0 0.070833 0.412037 0.025000 0.175926
0 0.078125 0.392130 0.027083 0.186111
0 0.440885 0.262037 0.030729 0.172222
0 0.461979 0.272222 0.028125 0.151852
0 0.678125 0.259259 0.022917 0.150000
0 0.635156 0.222222 0.041146 0.157407
0 0.380469 0.070833 0.027604 0.150926
0 0.296094 0.022685 0.020313 0.119444
0 0.032031 0.744444 0.033854 0.207407
0 0.651563 0.081019 0.031250 0.108333
0 0.279948 0.297222 0.035937 0.183333
0 0.240885 0.078241 0.025521 0.145370
0 0.208333 0.083796 0.025000 0.149074
0 0.292969 0.136574 0.024479 0.154630
0 0.266667 0.112963 0.029167 0.148148
0 0.199479 0.178704 0.028125 0.162963
0 0.265104 0.206481 0.027083 0.146296
0 0.166667 0.193981 0.027083 0.156481
0 0.188542 0.160185 0.022917 0.159259
0 0.121615 0.196296 0.025521 0.151852
0 0.150521 0.169907 0.033333 0.169444
0 0.232031 0.898148 0.050521 0.246296
