0 0.735677 0.637500 0.053646 0.223148
0 0.230469 0.428241 0.043229 0.213889
0 0.074740 0.623611 0.043229 0.230556
0 0.916406 0.519907 0.039063 0.193519
0 0.646354 0.999537 0.042708 0.199074
0 0.354167 0.820833 0.052083 0.232407
0 0.377865 0.242593 0.040104 0.103704
0 0.367969 0.325463 0.029687 0.112037
0 0.429688 0.218519 0.031250 0.161111
0 0.991927 0.354167 0.036979 0.176852
0 0.788542 0.132407 0.027083 0.135185
0 0.816667 0.281944 0.026042 0.162037
0 0.781771 0.283333 0.030208 0.179630
0 0.461979 0.262963 0.040625 0.159259
0 0.539844 0.246296 0.038021 0.161111
0 0.094531 0.422222 0.029687 0.174074
0 0.480990 0.238426 0.027604 0.154630
0 0.722135 0.273611 0.021354 0.154630
0 0.695052 0.241204 0.030729 0.152778
0 0.380469 0.070833 0.027604 0.150926
0 0.295833 0.022222 0.018750 0.120370
0 0.021875 0.813889 0.034375 0.214815
0 0.651563 0.080093 0.031250 0.106481
0 0.275260 0.259259 0.042188 0.179630
0 0.241406 0.106019 0.025521 0.147222
0 0.214844 0.117593 0.025521 0.151852
0 0.292708 0.136574 0.022917 0.154630
0 0.267448 0.112963 0.027604 0.148148
0 0.199219 0.179167 0.027604 0.163889
0 0.245312 0.168056 0.027083 0.141667
0 0.161979 0.192593 0.027083 0.157407
0 0.190625 0.161574 0.021875 0.158333
0 0.122917 0.195370 0.025000 0.151852
0 0.145313 0.169907 0.023958 0.171296
0 0.229167 0.988889 0.052083 0.224074
