0 0.736198 0.637500 0.053646 0.223148
0 0.219792 0.471296 0.043750 0.218519
0 0.074740 0.624074 0.043229 0.231481
0 0.917187 0.520833 0.038542 0.193519
0 0.615625 1.000926 0.039583 0.198148
0 0.354687 0.820833 0.052083 0.232407
0 0.377865 0.242593 0.040104 0.103704
0 0.367969 0.325463 0.029687 0.112037
0 0.429688 0.218519 0.031250 0.161111
0 0.959896 0.292130 0.033333 0.169444
0 0.788281 0.132407 0.027604 0.135185
0 0.855990 0.315741 0.030729 0.170370
0 0.551562 0.269444 0.041667 0.164815
0 0.552865 0.212037 0.031771 0.157407
0 0.123177 0.446759 0.032813 0.182407
0 0.137240 0.421759 0.031771 0.199074
0 0.472396 0.206481 0.029167 0.164815
0 0.489323 0.206944 0.026562 0.147222
0 0.552604 0.006481 0.023958 0.112963
0 0.533594 0.006019 0.023438 0.110185
0 0.756250 0.298611 0.026042 0.156481
0 0.736979 0.254630 0.026042 0.157407
0 0.380469 0.070833 0.027604 0.150926
0 0.005208 0.898148 0.037500 0.227778
0 0.645052 0.085185 0.036979 0.105556
0 0.284635 0.229630 0.052604 0.174074
0 0.252604 0.139815 0.025000 0.157407
0 0.231250 0.150000 0.028125 0.155556
0 0.292187 0.136574 0.021875 0.154630
0 0.267969 0.112963 0.026562 0.148148
0 0.198958 0.179630 0.027083 0.164815
0 0.162240 0.192593 0.027604 0.157407
0 0.187240 0.160185 0.025521 0.161111
0 0.124740 0.194444 0.023438 0.151852
0 0.147656 0.171296 0.030729 0.166667
0 0.647917 0.056944 0.040625 0.128704
