0 0.736198 0.637500 0.053646 0.223148
0 0.221354 0.465741 0.044792 0.218519
0 0.074740 0.624074 0.043229 0.231481
0 0.917187 0.520833 0.038542 0.193519
0 0.620313 1.001389 0.039583 0.197222
0 0.354687 0.820833 0.052083 0.232407
0 0.377865 0.242593 0.040104 0.103704
0 0.367969 0.325463 0.029687 0.112037
0 0.429688 0.218519 0.031250 0.161111
0 0.963802 0.300463 0.032813 0.171296
0 0.788281 0.132407 0.027604 0.135185
0 0.851563 0.309722 0.030208 0.169444
0 0.540625 0.266667 0.036458 0.164815
0 0.550781 0.215278 0.032813 0.156481
0 0.120573 0.443056 0.032813 0.182407
0 0.131771 0.418519 0.032292 0.198148
0 0.471094 0.209722 0.028646 0.165741
0 0.489063 0.210185 0.026042 0.148148
0 0.552604 0.000926 0.023958 0.112963
0 0.534115 0.000463 0.022396 0.110185
0 0.752083 0.296759 0.026042 0.156481
0 0.731771 0.253704 0.026042 0.157407
0 0.380469 0.070833 0.027604 0.150926
0 0.007292 0.885648 0.037500 0.223148
0 0.645833 0.084259 0.036458 0.105556
0 0.280208 0.231944 0.047917 0.171296
0 0.251563 0.136111 0.023958 0.155556
0 0.230729 0.145370 0.028125 0.153704
0 0.292187 0.136574 0.021875 0.154630
0 0.267969 0.112963 0.026562 0.148148
0 0.198958 0.179630 0.027083 0.164815
0 0.161979 0.192593 0.027083 0.157407
0 0.187240 0.160185 0.025521 0.161111
0 0.124479 0.194444 0.023958 0.151852
0 0.146354 0.170833 0.029167 0.165741
0 0.647917 0.057870 0.040625 0.125000
