0 0.736198 0.637500 0.053646 0.223148
0 0.221094 0.468519 0.044271 0.218519
0 0.074740 0.624074 0.043229 0.231481
0 0.917187 0.520833 0.038542 0.193519
0 0.618750 1.001389 0.039583 0.197222
0 0.354687 0.820833 0.052083 0.232407
0 0.377865 0.242593 0.040104 0.103704
0 0.367969 0.325463 0.029687 0.112037
0 0.429688 0.218519 0.031250 0.161111
0 0.962240 0.296759 0.032813 0.171296
0 0.788281 0.132407 0.027604 0.135185
0 0.853906 0.312037 0.030729 0.170370
0 0.544271 0.267593 0.036458 0.164815
0 0.552083 0.212500 0.030208 0.154630
0 0.121875 0.446296 0.032292 0.183333
0 0.134635 0.420833 0.032813 0.199074
0 0.472135 0.209259 0.028646 0.164815
0 0.489323 0.208796 0.026562 0.147222
0 0.552604 0.002778 0.023958 0.112963
0 0.533854 0.003241 0.022917 0.110185
0 0.754167 0.298611 0.026042 0.156481
0 0.734115 0.254630 0.026562 0.157407
0 0.380469 0.070833 0.027604 0.150926
0 0.006250 0.890741 0.037500 0.224074
0 0.645833 0.085185 0.036458 0.105556
0 0.281250 0.231019 0.048958 0.171296
0 0.252344 0.137500 0.024479 0.156481
0 0.231510 0.146296 0.028646 0.153704
0 0.292187 0.136574 0.021875 0.154630
0 0.267969 0.112963 0.026562 0.148148
0 0.198958 0.179630 0.027083 0.164815
0 0.162240 0.192593 0.027604 0.157407
0 0.187240 0.160185 0.025521 0.161111
0 0.124479 0.194444 0.023958 0.151852
0 0.147135 0.171296 0.030729 0.166667
0 0.648177 0.058333 0.041146 0.125926
