0 0.735677 0.637500 0.053646 0.223148
0 0.226823 0.442130 0.044271 0.215741
0 0.074740 0.623611 0.043229 0.230556
0 0.916406 0.519907 0.039063 0.193519
0 0.644010 1.003704 0.040104 0.190741
0 0.354167 0.820833 0.052083 0.232407
0 0.377865 0.242593 0.040104 0.103704
0 0.367969 0.325463 0.029687 0.112037
0 0.429688 0.218519 0.031250 0.161111
0 0.980208 0.328704 0.038542 0.177778
0 0.788281 0.132407 0.027604 0.135185
0 0.830208 0.292130 0.028125 0.163889
0 0.792188 0.293056 0.031250 0.178704
0 0.491667 0.265741 0.043750 0.161111
0 0.544792 0.234259 0.039583 0.166667
0 0.106771 0.428241 0.034375 0.176852
0 0.464062 0.223611 0.030208 0.167593
0 0.552083 -0.014815 0.023958 0.112963
0 0.531510 -0.011574 0.022396 0.110185
0 0.732812 0.281481 0.022917 0.155556
0 0.710417 0.246759 0.028125 0.154630
0 0.380469 0.070833 0.027604 0.150926
0 0.295312 0.022222 0.017708 0.120370
0 0.017188 0.846759 0.036458 0.221296
0 0.650260 0.082407 0.036979 0.107407
0 0.277344 0.245370 0.048438 0.177778
0 0.245052 0.117593 0.027604 0.150000
0 0.292448 0.136574 0.022396 0.154630
0 0.267708 0.112963 0.027083 0.148148
0 0.199219 0.179167 0.027604 0.163889
0 0.224479 0.156019 0.027083 0.141667
0 0.160938 0.192593 0.027083 0.157407
0 0.190625 0.162500 0.023958 0.160185
0 0.123698 0.194444 0.025521 0.151852
0 0.144531 0.169444 0.023438 0.170370
0 0.223698 1.003704 0.049479 0.194444
