0 0.735156 0.637500 0.053646 0.223148
0 0.238281 0.400000 0.042188 0.211111
0 0.074740 0.623148 0.043229 0.229630
0 0.916406 0.519907 0.039063 0.193519
0 0.632031 0.990741 0.043229 0.209259
0 0.353646 0.820833 0.052083 0.232407
0 0.377865 0.242593 0.040104 0.103704
0 0.367969 0.325463 0.029687 0.112037
0 0.429688 0.218519 0.031250 0.161111
0 0.788802 0.131944 0.027604 0.136111
0 0.782031 0.262500 0.026562 0.160185
0 0.753906 0.271759 0.031771 0.176852
0 0.403906 0.255556 0.032813 0.162963
0 0.524740 0.263889 0.035937 0.168519
0 0.075781 0.413426 0.023438 0.176852
0 0.448437 0.251852 0.028125 0.170370
0 0.468750 0.262500 0.027083 0.156481
0 0.692969 0.263426 0.022396 0.150926
0 0.651302 0.226389 0.032813 0.154630
0 0.380469 0.070833 0.027604 0.150926
0 0.296094 0.022685 0.020313 0.119444
0 0.027083 0.763889 0.034375 0.211111
0 0.651563 0.081019 0.031250 0.108333
0 0.278646 0.284259 0.039583 0.181481
0 0.240365 0.087037 0.026562 0.148148
0 0.210677 0.095370 0.027604 0.150000
0 0.292708 0.136574 0.023958 0.154630
0 0.266927 0.112963 0.028646 0.148148
0 0.199479 0.178704 0.028125 0.162963
0 0.264323 0.193519 0.028646 0.144444
0 0.165625 0.192593 0.027083 0.157407
0 0.187760 0.159722 0.023438 0.162037
0 0.122135 0.196296 0.025521 0.151852
0 0.148177 0.169907 0.028646 0.169444
0 0.231510 0.927778 0.050521 0.248148
