0 0.736198 0.637500 0.053646 0.223148
0 0.214062 0.488426 0.041667 0.221296
0 0.074740 0.624074 0.043229 0.231481
0 0.922396 0.521296 0.039583 0.196296
0 0.593750 1.003241 0.040625 0.193519
0 0.354687 0.820833 0.052083 0.232407
0 0.377865 0.242593 0.040104 0.103704
0 0.367969 0.325463 0.029687 0.112037
0 0.429688 0.218519 0.031250 0.161111
0 0.949219 0.276389 0.033854 0.169444
0 0.788281 0.132870 0.027604 0.134259
0 0.868229 0.328241 0.034375 0.167593
0 0.587240 0.279167 0.031771 0.167593
0 0.557552 0.207870 0.041146 0.169444
0 0.134115 0.462963 0.032813 0.187037
0 0.152083 0.438426 0.031250 0.204630
0 0.469531 0.196296 0.030729 0.166667
0 0.487500 0.194907 0.025000 0.149074
0 0.553125 0.019907 0.023958 0.113889
0 0.530990 0.018056 0.024479 0.112037
0 0.768229 0.310185 0.028125 0.157407
0 0.750521 0.261574 0.023958 0.158333
0 0.380469 0.070833 0.027604 0.150926
0 0.405208 -0.004630 0.020833 0.101852
0 0.003125 0.922685 0.037500 0.225000
0 0.642188 0.087963 0.039583 0.103704
0 0.290365 0.220833 0.046354 0.167593
0 0.254427 0.156944 0.026562 0.160185
0 0.231250 0.162500 0.028125 0.154630
0 0.292187 0.136574 0.021875 0.154630
0 0.268229 0.112963 0.026042 0.148148
0 0.198958 0.179630 0.027083 0.164815
0 0.162760 0.192593 0.027604 0.157407
0 0.187760 0.160185 0.025521 0.161111
0 0.127604 0.194907 0.023958 0.152778
0 0.152604 0.168519 0.029167 0.166667
0 0.651042 0.055093 0.033333 0.136111
