0 0.735156 0.637500 0.053646 0.223148
0 0.240625 0.392593 0.041667 0.211111
0 0.074740 0.623148 0.043229 0.229630
0 0.916406 0.519907 0.039063 0.193519
0 0.626302 0.984722 0.043229 0.208333
0 0.353646 0.820833 0.052083 0.232407
0 0.367969 0.325463 0.029687 0.112037
0 0.429688 0.218519 0.031250 0.161111
0 0.789063 0.131944 0.027083 0.136111
0 0.772656 0.256481 0.028646 0.159259
0 0.746615 0.268519 0.029687 0.177778
0 0.391146 0.254167 0.032292 0.162037
0 0.519792 0.268519 0.036458 0.168519
0 0.072135 0.412037 0.024479 0.175926
0 0.443229 0.258796 0.030208 0.171296
0 0.463802 0.269907 0.027604 0.154630
0 0.682292 0.261111 0.022917 0.150000
0 0.639323 0.223148 0.034896 0.157407
0 0.380469 0.070833 0.027604 0.150926
0 0.296094 0.022685 0.020313 0.119444
0 0.030990 0.749074 0.033854 0.207407
0 0.651563 0.081019 0.031250 0.108333
0 0.279948 0.293056 0.036979 0.182407
0 0.240885 0.080556 0.025521 0.146296
0 0.208854 0.087500 0.026042 0.149074
0 0.292969 0.136574 0.024479 0.154630
0 0.266667 0.112963 0.029167 0.148148
0 0.199479 0.178704 0.028125 0.162963
0 0.265104 0.203241 0.027083 0.145370
0 0.166667 0.193981 0.027083 0.156481
0 0.188542 0.159722 0.022917 0.160185
0 0.121615 0.196296 0.025521 0.151852
0 0.150000 0.169907 0.032292 0.169444
0 0.233854 0.906944 0.054167 0.247222
