0 0.735417 0.637500 0.053125 0.223148
0 0.234375 0.413889 0.042708 0.212963
0 0.074740 0.623148 0.043229 0.229630
0 0.916406 0.519907 0.039063 0.193519
0 0.638021 0.996296 0.043750 0.203704
0 0.354167 0.820833 0.052083 0.232407
0 0.377865 0.242593 0.040104 0.103704
0 0.367969 0.325463 0.029687 0.112037
0 1.004427 0.373611 0.036979 0.176852
0 0.788802 0.132407 0.027604 0.135185
0 0.798438 0.270370 0.026042 0.161111
0 0.766667 0.275926 0.040625 0.177778
0 0.426302 0.260648 0.036979 0.160185
0 0.532292 0.257870 0.034375 0.163889
0 0.085417 0.418056 0.028125 0.178704
0 0.453906 0.238889 0.027604 0.168519
0 0.475521 0.250463 0.029167 0.156481
0 0.707292 0.263426 0.020833 0.150926
0 0.672135 0.233333 0.030729 0.150000
0 0.380469 0.070833 0.027604 0.150926
0 0.296094 0.022685 0.020313 0.119444
0 0.023177 0.790741 0.034896 0.212963
0 0.651563 0.080556 0.031250 0.107407
0 0.274219 0.271759 0.039063 0.178704
0 0.239844 0.095370 0.026562 0.146296
0 0.212240 0.101852 0.027604 0.150000
0 0.292708 0.136574 0.023958 0.154630
0 0.267188 0.112963 0.028125 0.148148
0 0.199479 0.178704 0.028125 0.162963
0 0.259896 0.178704 0.030208 0.142593
0 0.164063 0.192593 0.027083 0.157407
0 0.187760 0.160185 0.023438 0.162963
0 0.122656 0.196296 0.025521 0.151852
0 0.146354 0.169907 0.025000 0.171296
0 0.228385 0.960648 0.050521 0.250926
