0 0.735156 0.637500 0.053646 0.223148
0 0.238021 0.400926 0.041667 0.211111
0 0.074740 0.623148 0.043229 0.229630
0 0.916406 0.519907 0.039063 0.193519
0 0.632552 0.990741 0.043229 0.209259
0 0.353646 0.820833 0.052083 0.232407
0 0.377865 0.242593 0.040104 0.103704
0 0.367969 0.325463 0.029687 0.112037
0 0.429688 0.218519 0.031250 0.161111
0 0.788802 0.131944 0.027604 0.136111
0 0.783594 0.263889 0.026562 0.161111
0 0.755208 0.272222 0.032292 0.175926
0 0.405469 0.255556 0.031771 0.162963
0 0.525260 0.263426 0.035937 0.169444
0 0.076302 0.413889 0.023438 0.177778
0 0.448958 0.251852 0.028125 0.170370
0 0.469271 0.261574 0.027083 0.156481
0 0.694271 0.263426 0.021875 0.150926
0 0.652865 0.226852 0.033854 0.153704
0 0.380469 0.070833 0.027604 0.150926
0 0.296094 0.022685 0.020313 0.119444
0 0.026562 0.766667 0.034375 0.211111
0 0.651563 0.081019 0.031250 0.108333
0 0.278125 0.283333 0.039583 0.181481
0 0.240365 0.087963 0.026562 0.148148
0 0.210677 0.096296 0.027604 0.150000
0 0.292708 0.136574 0.023958 0.154630
0 0.266927 0.112963 0.028646 0.148148
0 0.199479 0.178704 0.028125 0.162963
0 0.264323 0.192130 0.028646 0.143519
0 0.165625 0.192593 0.027083 0.157407
0 0.187760 0.159722 0.023438 0.162037
0 0.122135 0.196296 0.025521 0.151852
0 0.147917 0.169907 0.028125 0.169444
0 0.230990 0.930093 0.050521 0.249074
