0 0.736198 0.637500 0.053646 0.223148
0 0.218750 0.474537 0.043750 0.219444
0 0.074740 0.624074 0.043229 0.231481
0 0.917708 0.520833 0.038542 0.193519
0 0.612760 1.000463 0.040104 0.199074
0 0.354687 0.820833 0.052083 0.232407
0 0.377865 0.242593 0.040104 0.103704
0 0.367969 0.325463 0.029687 0.112037
0 0.429688 0.218519 0.031250 0.161111
0 0.957812 0.288426 0.033333 0.167593
0 0.788281 0.132407 0.027604 0.135185
0 0.858594 0.319444 0.030729 0.170370
0 0.559375 0.271296 0.046875 0.164815
0 0.553906 0.211574 0.033854 0.160185
0 0.125000 0.447685 0.033333 0.180556
0 0.140104 0.423148 0.031250 0.198148
0 0.472917 0.204630 0.030208 0.164815
0 0.489323 0.206019 0.026562 0.147222
0 0.552604 0.010185 0.023958 0.112963
0 0.533333 0.008796 0.023958 0.110185
0 0.758854 0.299537 0.026042 0.156481
0 0.740104 0.255556 0.025000 0.157407
0 0.380469 0.070833 0.027604 0.150926
0 0.004687 0.906019 0.037500 0.232407
0 0.644271 0.085648 0.037500 0.104630
0 0.287500 0.227778 0.054167 0.175926
0 0.253385 0.143056 0.025521 0.158333
0 0.230990 0.154167 0.027604 0.156481
0 0.292187 0.136574 0.021875 0.154630
0 0.268229 0.112963 0.026042 0.148148
0 0.198958 0.179630 0.027083 0.164815
0 0.162240 0.192593 0.027604 0.157407
0 0.187240 0.160185 0.025521 0.161111
0 0.124740 0.194444 0.023438 0.151852
0 0.148177 0.171296 0.030729 0.166667
0 0.647917 0.055556 0.039583 0.131481
