0 0.735417 0.637500 0.053125 0.223148
0 0.232292 0.421759 0.042708 0.213889
0 0.074740 0.623611 0.043229 0.230556
0 0.916406 0.519907 0.039063 0.193519
0 0.642969 0.997685 0.044271 0.202778
0 0.354167 0.820833 0.052083 0.232407
0 0.377865 0.242593 0.040104 0.103704
0 0.367969 0.325463 0.029687 0.112037
0 0.429688 0.218519 0.031250 0.161111
0 0.998177 0.364352 0.036979 0.176852
0 0.788802 0.132407 0.027604 0.135185
0 0.808594 0.277315 0.026562 0.162037
0 0.775000 0.278704 0.035417 0.179630
0 0.445313 0.262500 0.043750 0.158333
0 0.536719 0.252778 0.035937 0.161111
0 0.089583 0.420370 0.028125 0.175926
0 0.478646 0.244444 0.029167 0.155556
0 0.715625 0.268981 0.020833 0.152778
0 0.685156 0.238889 0.030729 0.151852
0 0.380469 0.070833 0.027604 0.150926
0 0.023177 0.800463 0.034896 0.212037
0 0.651563 0.080093 0.031250 0.106481
0 0.274219 0.265278 0.040104 0.178704
0 0.240365 0.100463 0.025521 0.145370
0 0.212760 0.110648 0.026562 0.152778
0 0.292708 0.136574 0.022917 0.154630
0 0.267188 0.112963 0.028125 0.148148
0 0.199219 0.179167 0.027604 0.163889
0 0.253125 0.172685 0.028125 0.141667
0 0.163021 0.192593 0.027083 0.157407
0 0.189323 0.160648 0.022396 0.160185
0 0.122656 0.196296 0.025521 0.151852
0 0.146094 0.169907 0.024479 0.171296
0 0.229427 0.977778 0.051562 0.242593
