0 0.736198 0.637500 0.053646 0.223148
0 0.222917 0.457407 0.044792 0.218519
0 0.074740 0.624074 0.043229 0.231481
0 0.916667 0.520833 0.038542 0.193519
0 0.625260 1.002778 0.040104 0.194444
0 0.354687 0.820833 0.052083 0.232407
0 0.377865 0.242593 0.040104 0.103704
0 0.367969 0.325463 0.029687 0.112037
0 0.429688 0.218519 0.031250 0.161111
0 0.968750 0.312963 0.032292 0.174074
0 0.788281 0.132407 0.027604 0.135185
0 0.845313 0.303704 0.028125 0.164815
0 0.801562 0.302778 0.031250 0.177778
0 0.530469 0.265741 0.038021 0.162963
0 0.547656 0.224537 0.039063 0.163889
0 0.117708 0.434722 0.033333 0.180556
0 0.124740 0.413426 0.030729 0.193519
0 0.468490 0.212500 0.027604 0.165741
0 0.489063 0.215741 0.025000 0.148148
0 0.552604 -0.004630 0.023958 0.112963
0 0.534115 -0.005093 0.022396 0.110185
0 0.747135 0.291204 0.025521 0.156481
0 0.725260 0.251389 0.023438 0.156481
0 0.380469 0.070833 0.027604 0.150926
0 0.011198 0.870833 0.036979 0.221296
0 0.646615 0.082870 0.038021 0.108333
0 0.278646 0.237963 0.045833 0.174074
0 0.249479 0.132407 0.022917 0.153704
0 0.228385 0.142593 0.026562 0.153704
0 0.292448 0.136574 0.022396 0.154630
0 0.267969 0.112963 0.026562 0.148148
0 0.198958 0.179630 0.027083 0.164815
0 0.207552 0.150926 0.024479 0.142593
0 0.161719 0.192593 0.027604 0.157407
0 0.188281 0.161111 0.025521 0.161111
0 0.124219 0.194444 0.024479 0.151852
0 0.144531 0.170833 0.025521 0.165741
0 0.222656 1.025000 0.042188 0.151852
