0 0.735417 0.637500 0.053125 0.223148
0 0.232813 0.419444 0.042708 0.212963
0 0.074740 0.623611 0.043229 0.230556
0 0.916406 0.519907 0.039063 0.193519
0 0.641667 0.997222 0.043750 0.201852
0 0.354167 0.820833 0.052083 0.232407
0 0.377865 0.242593 0.040104 0.103704
0 0.367969 0.325463 0.029687 0.112037
0 0.429688 0.218519 0.031250 0.161111
0 0.999740 0.367130 0.036979 0.176852
0 0.788802 0.132407 0.027604 0.135185
0 0.805990 0.275463 0.026562 0.162037
0 0.772917 0.278241 0.037500 0.178704
0 0.440104 0.262500 0.042708 0.158333
0 0.535677 0.254167 0.034896 0.162037
0 0.088802 0.419907 0.028646 0.176852
0 0.477865 0.245833 0.028646 0.156481
0 0.713281 0.267130 0.020313 0.152778
0 0.681510 0.237037 0.029687 0.151852
0 0.380469 0.070833 0.027604 0.150926
0 0.023177 0.798611 0.034896 0.212037
0 0.651563 0.080556 0.031250 0.107407
0 0.273958 0.266667 0.039583 0.177778
0 0.240104 0.099074 0.026042 0.146296
0 0.212500 0.107870 0.027083 0.150926
0 0.292708 0.136574 0.022917 0.154630
0 0.267188 0.112963 0.028125 0.148148
0 0.199219 0.179167 0.027604 0.163889
0 0.255208 0.174074 0.029167 0.142593
0 0.163021 0.192593 0.027083 0.157407
0 0.189062 0.160185 0.022917 0.161111
0 0.122656 0.196296 0.025521 0.151852
0 0.146094 0.169907 0.024479 0.171296
0 0.229167 0.974074 0.051042 0.248148
