0 0.736198 0.637500 0.053646 0.223148
0 0.216927 0.480093 0.043229 0.219444
0 0.074740 0.624074 0.043229 0.231481
0 0.918490 0.520370 0.039063 0.194444
0 0.607031 1.000463 0.040104 0.199074
0 0.354687 0.820833 0.052083 0.232407
0 0.377865 0.242593 0.040104 0.103704
0 0.367969 0.325463 0.029687 0.112037
0 0.429688 0.218519 0.031250 0.161111
0 0.954167 0.281944 0.033333 0.165741
0 0.788281 0.132407 0.027604 0.135185
0 0.862240 0.325000 0.030729 0.170370
0 0.571615 0.274537 0.050521 0.165741
0 0.555469 0.210648 0.036979 0.163889
0 0.127865 0.450463 0.033854 0.180556
0 0.144531 0.426852 0.029687 0.198148
0 0.473177 0.200926 0.031771 0.164815
0 0.489323 0.203241 0.026562 0.147222
0 0.553125 0.015741 0.023958 0.112963
0 0.533073 0.012963 0.024479 0.111111
0 0.762760 0.302315 0.025521 0.156481
0 0.744792 0.256944 0.023958 0.158333
0 0.380469 0.070833 0.027604 0.150926
0 0.403125 -0.010648 0.020833 0.100926
0 0.003646 0.917130 0.037500 0.236111
0 0.643229 0.086574 0.038542 0.104630
0 0.289844 0.225463 0.053646 0.176852
0 0.254167 0.148148 0.026042 0.159259
0 0.230990 0.159722 0.027604 0.158333
0 0.292187 0.136574 0.021875 0.154630
0 0.268229 0.112963 0.026042 0.148148
0 0.198958 0.179630 0.027083 0.164815
0 0.162760 0.192593 0.027604 0.157407
0 0.187760 0.160185 0.025521 0.161111
0 0.125260 0.194907 0.023438 0.152778
0 0.149219 0.170370 0.030729 0.166667
0 0.648438 0.054630 0.038542 0.135185
