0 0.735156 0.637500 0.053646 0.223148
0 0.235677 0.409722 0.042188 0.212037
0 0.074740 0.623148 0.043229 0.229630
0 0.916406 0.519907 0.039063 0.193519
0 0.636458 0.994907 0.043750 0.206481
0 0.354167 0.820833 0.052083 0.232407
0 0.377865 0.242593 0.040104 0.103704
0 0.367969 0.325463 0.029687 0.112037
0 1.006510 0.377315 0.036979 0.176852
0 0.788802 0.132407 0.027604 0.135185
0 0.793750 0.270370 0.026042 0.161111
0 0.763281 0.275000 0.038021 0.175926
0 0.420312 0.257870 0.032292 0.162037
0 0.529687 0.259259 0.035417 0.166667
0 0.082031 0.416667 0.025521 0.177778
0 0.086198 0.394907 0.034896 0.187963
0 0.452344 0.244444 0.027604 0.170370
0 0.473958 0.252778 0.028125 0.155556
0 0.704167 0.263426 0.020833 0.150926
0 0.666406 0.231481 0.035937 0.150000
0 0.380469 0.070833 0.027604 0.150926
0 0.296094 0.022685 0.020313 0.119444
0 0.023438 0.784722 0.034375 0.213889
0 0.651563 0.080556 0.031250 0.107407
0 0.275260 0.275463 0.040104 0.180556
0 0.239844 0.093981 0.026562 0.147222
0 0.212240 0.100926 0.027604 0.150000
0 0.292708 0.136574 0.023958 0.154630
0 0.266927 0.112963 0.028646 0.148148
0 0.199479 0.178704 0.028125 0.162963
0 0.261458 0.182407 0.030208 0.142593
0 0.164583 0.192593 0.027083 0.157407
0 0.187500 0.160185 0.023958 0.162963
0 0.122656 0.196296 0.025521 0.151852
0 0.146615 0.169907 0.025521 0.171296
0 0.227604 0.950463 0.050000 0.249074
