0 0.736198 0.637500 0.053646 0.223148
0 0.217969 0.476852 0.043229 0.220370
0 0.074740 0.624074 0.043229 0.231481
0 0.917708 0.520833 0.038542 0.193519
0 0.610677 1.000463 0.040104 0.199074
0 0.354687 0.820833 0.052083 0.232407
0 0.377865 0.242593 0.040104 0.103704
0 0.367969 0.325463 0.029687 0.112037
0 0.429688 0.218519 0.031250 0.161111
0 0.956250 0.285648 0.033333 0.165741
0 0.788281 0.132407 0.027604 0.135185
0 0.860156 0.322222 0.030729 0.170370
0 0.564583 0.272685 0.050000 0.165741
0 0.554688 0.211574 0.035417 0.162037
0 0.126042 0.448148 0.033333 0.179630
0 0.141927 0.424074 0.030729 0.198148
0 0.473177 0.202778 0.030729 0.164815
0 0.489323 0.205093 0.026562 0.147222
0 0.552604 0.012963 0.023958 0.112963
0 0.533333 0.010648 0.023958 0.110185
0 0.760417 0.300463 0.026042 0.156481
0 0.741927 0.256019 0.024479 0.158333
0 0.380469 0.070833 0.027604 0.150926
0 0.402083 -0.013426 0.020833 0.100926
0 0.004167 0.911111 0.037500 0.235185
0 0.644010 0.085648 0.038021 0.104630
0 0.288542 0.226852 0.054167 0.175926
0 0.253646 0.144907 0.026042 0.158333
0 0.230990 0.156481 0.027604 0.157407
0 0.292187 0.136574 0.021875 0.154630
0 0.268229 0.112963 0.026042 0.148148
0 0.198958 0.179630 0.027083 0.164815
0 0.162500 0.192593 0.027083 0.157407
0 0.187240 0.160185 0.025521 0.161111
0 0.124740 0.194444 0.023438 0.151852
0 0.148698 0.171296 0.030729 0.166667
0 0.647917 0.054630 0.039583 0.133333
