0 0.734115 0.637037 0.053646 0.224074
0 0.238802 0.337037 0.039063 0.203704
0 0.074219 0.619907 0.043229 0.234259
0 0.916146 0.519907 0.039583 0.193519
0 0.562500 0.970833 0.036458 0.252778
0 0.353646 0.820833 0.052083 0.232407
0 0.377865 0.242593 0.040104 0.103704
0 0.367969 0.325463 0.029687 0.112037
0 0.429688 0.218519 0.031250 0.161111
0 0.789583 0.131944 0.027083 0.136111
0 0.694531 0.236574 0.025521 0.145370
0 0.681250 0.241204 0.032292 0.165741
0 0.323958 0.235185 0.031250 0.148148
0 0.464844 0.275463 0.034896 0.176852
0 0.069010 0.410648 0.024479 0.173148
0 0.079427 0.393056 0.029687 0.187963
0 0.411198 0.317593 0.035937 0.175926
0 0.435677 0.325000 0.032813 0.168519
0 0.616406 0.225000 0.024479 0.148148
0 0.546354 0.201852 0.025000 0.157407
0 0.380469 0.071296 0.027604 0.150000
0 0.113281 0.666204 0.032813 0.199074
0 0.651563 0.081944 0.031250 0.108333
0 0.322396 0.330093 0.030208 0.176852
0 0.291927 0.343519 0.028646 0.190741
0 0.210938 0.039352 0.022917 0.147222
0 0.293229 0.136574 0.025000 0.154630
0 0.250260 0.109722 0.024479 0.149074
0 0.199219 0.179167 0.027604 0.162037
0 0.269271 0.262963 0.029167 0.155556
0 0.164063 0.194444 0.027083 0.157407
0 0.190625 0.162037 0.022917 0.157407
0 0.125781 0.192130 0.026562 0.152778
0 0.147135 0.171759 0.027604 0.171296
0 0.233854 0.778704 0.046875 0.242593
0 0.802083 0.005093 0.025000 0.126852
