0 0.734635 0.637037 0.053646 0.224074
0 0.240365 0.360648 0.039063 0.200926
0 0.073698 0.622685 0.043229 0.230556
0 0.916146 0.519907 0.039583 0.193519
0 0.593229 0.975926 0.042708 0.238889
0 0.353646 0.820833 0.052083 0.232407
0 0.377865 0.242593 0.040104 0.103704
0 0.367969 0.325463 0.029687 0.112037
0 0.429688 0.218519 0.031250 0.161111
0 0.789323 0.131944 0.027604 0.136111
0 0.731250 0.242130 0.027083 0.150926
0 0.714323 0.251852 0.031771 0.168519
0 0.492448 0.282870 0.035937 0.175000
0 0.069010 0.410648 0.024479 0.173148
0 0.078646 0.393056 0.028125 0.187963
0 0.423958 0.287500 0.033333 0.173148
0 0.445313 0.295833 0.026042 0.158333
0 0.647656 0.240741 0.022396 0.150000
0 0.590104 0.212500 0.036458 0.160185
0 0.380469 0.071296 0.027604 0.150000
0 0.067187 0.704630 0.031250 0.203704
0 0.651563 0.081944 0.031250 0.108333
0 0.305469 0.306944 0.027604 0.171296
0 0.290625 0.321759 0.036458 0.187963
0 0.246094 0.063426 0.026562 0.139815
0 0.208333 0.059259 0.023958 0.148148
0 0.293229 0.136574 0.025000 0.154630
0 0.264844 0.112037 0.029687 0.148148
0 0.199479 0.178704 0.028125 0.162963
0 0.263542 0.234259 0.029167 0.153704
0 0.164063 0.193519 0.027083 0.157407
0 0.189583 0.163426 0.022917 0.162037
0 0.125781 0.193519 0.025521 0.151852
0 0.147396 0.168981 0.027083 0.169444
0 0.232552 0.840278 0.049479 0.249074
0 0.786458 -0.013426 0.025000 0.126852
