0 0.733854 0.637037 0.053125 0.224074
0 0.238542 0.323148 0.039583 0.203704
0 0.074219 0.621296 0.042188 0.229630
0 0.916146 0.519907 0.039583 0.193519
0 0.549219 0.967130 0.035937 0.258333
0 0.353646 0.820833 0.052083 0.232407
0 0.377865 0.242593 0.040104 0.103704
0 0.367969 0.325463 0.029687 0.112037
0 0.429688 0.218519 0.031250 0.161111
0 0.789583 0.131481 0.027083 0.137037
0 0.678385 0.228241 0.027604 0.147222
0 0.658073 0.236574 0.030729 0.165741
0 0.308073 0.224537 0.034896 0.158333
0 0.464844 0.266204 0.039063 0.171296
0 0.069010 0.410648 0.024479 0.173148
0 0.079687 0.393056 0.030208 0.187963
0 0.407292 0.330093 0.034375 0.180556
0 0.431771 0.339352 0.030208 0.167593
0 0.600000 0.217593 0.022917 0.148148
0 0.525000 0.195370 0.031250 0.157407
0 0.380469 0.071296 0.027604 0.150000
0 0.130469 0.648611 0.034896 0.199074
0 0.651563 0.082407 0.031250 0.109259
0 0.328125 0.343056 0.030208 0.173148
0 0.291146 0.356019 0.033333 0.193519
0 0.249479 0.035648 0.026042 0.137963
0 0.217708 0.033796 0.022917 0.147222
0 0.293229 0.136574 0.025000 0.154630
0 0.239583 0.113426 0.030208 0.149074
0 0.199219 0.179167 0.027604 0.162037
0 0.276042 0.277778 0.029167 0.155556
0 0.164063 0.195370 0.027083 0.157407
0 0.189323 0.163889 0.023438 0.161111
0 0.124479 0.193519 0.028125 0.151852
0 0.146094 0.172685 0.028646 0.169444
0 0.195573 0.018981 0.022396 0.145370
0 0.233333 0.750463 0.051042 0.243519
0 0.804167 0.019907 0.025000 0.126852
