0 0.733854 0.637037 0.053125 0.224074
0 0.238542 0.309259 0.039583 0.201852
0 0.073438 0.621296 0.045833 0.229630
0 0.916146 0.519907 0.039583 0.193519
0 0.532292 0.972685 0.035417 0.254630
0 0.353646 0.820833 0.052083 0.232407
0 0.377865 0.242593 0.040104 0.103704
0 0.367969 0.325463 0.029687 0.112037
0 0.429688 0.218519 0.031250 0.161111
0 0.789844 0.131481 0.027604 0.137037
0 0.660417 0.217130 0.020833 0.150926
0 0.636458 0.225463 0.032292 0.167593
0 0.296875 0.208333 0.031250 0.151852
0 0.472917 0.246759 0.041667 0.169444
0 0.069010 0.410648 0.024479 0.173148
0 0.080208 0.393056 0.031250 0.187963
0 0.406250 0.347222 0.036458 0.181481
0 0.433333 0.356019 0.036458 0.167593
0 0.578125 0.207870 0.025000 0.145370
0 0.495833 0.189815 0.034375 0.157407
0 0.380469 0.071296 0.027604 0.150000
0 0.137760 0.617130 0.031771 0.193519
0 0.651563 0.082407 0.031250 0.109259
0 0.330990 0.365741 0.029687 0.175926
0 0.290104 0.371759 0.030208 0.191667
0 0.251563 0.022685 0.026042 0.137963
0 0.293490 0.136574 0.024479 0.154630
0 0.227083 0.112963 0.032292 0.146296
0 0.198958 0.179167 0.027083 0.162037
0 0.287240 0.295370 0.029687 0.155556
0 0.164063 0.195370 0.027083 0.157407
0 0.188021 0.164815 0.022917 0.162963
0 0.124479 0.193519 0.028125 0.151852
0 0.146615 0.172685 0.027604 0.169444
0 0.191406 0.025926 0.026562 0.146296
0 0.239323 0.711574 0.045312 0.234259
0 0.809375 0.029167 0.026042 0.126852
0 0.038021 0.683796 0.059375 0.219444
