0 0.733854 0.637037 0.053125 0.224074
0 0.238542 0.310648 0.039583 0.202778
0 0.073438 0.621296 0.045833 0.229630
0 0.916146 0.519907 0.039583 0.193519
0 0.533333 0.972222 0.035417 0.255556
0 0.353646 0.820833 0.052083 0.232407
0 0.377865 0.242593 0.040104 0.103704
0 0.367969 0.325463 0.029687 0.112037
0 0.429688 0.218519 0.031250 0.161111
0 0.789844 0.131481 0.027604 0.137037
0 0.661979 0.218981 0.020833 0.150926
0 0.639844 0.225926 0.030729 0.166667
0 0.297917 0.210185 0.032292 0.153704
0 0.471875 0.247222 0.039583 0.168519
0 0.069010 0.410648 0.024479 0.173148
0 0.080208 0.393056 0.031250 0.187963
0 0.405729 0.346296 0.036458 0.181481
0 0.433073 0.355556 0.035937 0.168519
0 0.580990 0.209259 0.023438 0.146296
0 0.499219 0.190741 0.039063 0.157407
0 0.380469 0.071296 0.027604 0.150000
0 0.138021 0.620833 0.032292 0.195370
0 0.651563 0.082407 0.031250 0.109259
0 0.331250 0.363889 0.029167 0.175926
0 0.290365 0.369444 0.029687 0.190741
0 0.251563 0.024537 0.026042 0.137963
0 0.220573 0.018056 0.023438 0.147222
0 0.293229 0.136574 0.025000 0.154630
0 0.228385 0.112963 0.031771 0.146296
0 0.198958 0.179167 0.027083 0.162037
0 0.285938 0.293519 0.029167 0.155556
0 0.164063 0.195370 0.027083 0.157407
0 0.188021 0.164815 0.022917 0.162963
0 0.124479 0.193519 0.028125 0.151852
0 0.146615 0.172685 0.027604 0.169444
0 0.191406 0.025463 0.026562 0.145370
0 0.238542 0.713889 0.044792 0.233333
0 0.808073 0.029167 0.025521 0.126852
0 0.034896 0.682407 0.059375 0.218519
