0 0.734115 0.637037 0.053646 0.224074
0 0.238802 0.338889 0.039063 0.203704
0 0.074219 0.619907 0.043229 0.234259
0 0.916146 0.519907 0.039583 0.193519
0 0.564323 0.971759 0.036979 0.252778
0 0.353646 0.820833 0.052083 0.232407
0 0.377865 0.242593 0.040104 0.103704
0 0.367969 0.325463 0.029687 0.112037
0 0.429688 0.218519 0.031250 0.161111
0 0.789583 0.131944 0.027083 0.136111
0 0.696615 0.236574 0.025521 0.145370
0 0.684375 0.242130 0.032292 0.165741
0 0.326042 0.236574 0.031250 0.147222
0 0.466146 0.276852 0.035417 0.177778
0 0.069010 0.410648 0.024479 0.173148
0 0.079167 0.393056 0.029167 0.187963
0 0.411979 0.315278 0.035417 0.175000
0 0.435937 0.321759 0.032292 0.167593
0 0.619271 0.225926 0.025000 0.148148
0 0.550260 0.200926 0.025521 0.157407
0 0.380469 0.071296 0.027604 0.150000
0 0.110937 0.669444 0.034375 0.200000
0 0.651563 0.081944 0.031250 0.108333
0 0.321615 0.328241 0.029687 0.176852
0 0.291667 0.342130 0.028125 0.189815
0 0.251563 0.043981 0.027083 0.139815
0 0.210938 0.041204 0.022917 0.147222
0 0.293229 0.136574 0.025000 0.154630
0 0.252083 0.109259 0.023958 0.148148
0 0.199219 0.179167 0.027604 0.162037
0 0.268750 0.260185 0.029167 0.155556
0 0.164063 0.194444 0.027083 0.157407
0 0.190625 0.161574 0.022917 0.158333
0 0.126302 0.192130 0.026562 0.152778
0 0.147656 0.171296 0.027604 0.170370
0 0.232813 0.781944 0.046875 0.241667
0 0.801042 0.004167 0.025000 0.126852
