0 0.734375 0.637037 0.053125 0.224074
0 0.239062 0.340741 0.038542 0.203704
0 0.074219 0.620370 0.043229 0.233333
0 0.916146 0.519907 0.039583 0.193519
0 0.566667 0.972685 0.038542 0.250926
0 0.353646 0.820833 0.052083 0.232407
0 0.377865 0.242593 0.040104 0.103704
0 0.367969 0.325463 0.029687 0.112037
0 0.429688 0.218519 0.031250 0.161111
0 0.789583 0.131944 0.027083 0.136111
0 0.699219 0.235648 0.025521 0.145370
0 0.686979 0.242130 0.031250 0.165741
0 0.327604 0.237037 0.032292 0.146296
0 0.468229 0.277315 0.035417 0.176852
0 0.069010 0.410648 0.024479 0.173148
0 0.079167 0.393056 0.029167 0.187963
0 0.412760 0.312500 0.033854 0.173148
0 0.436198 0.318981 0.031771 0.165741
0 0.622135 0.226852 0.025521 0.148148
0 0.554688 0.200463 0.033333 0.156481
0 0.380469 0.071296 0.027604 0.150000
0 0.108594 0.673148 0.036979 0.200000
0 0.651563 0.081944 0.031250 0.108333
0 0.320573 0.326389 0.029687 0.176852
0 0.291667 0.340278 0.028125 0.189815
0 0.250781 0.045833 0.026562 0.139815
0 0.210938 0.043981 0.022917 0.147222
0 0.293229 0.136574 0.025000 0.154630
0 0.253906 0.109259 0.024479 0.148148
0 0.199219 0.179167 0.027604 0.162037
0 0.267708 0.257407 0.029167 0.155556
0 0.164063 0.194444 0.027083 0.157407
0 0.190625 0.162037 0.022917 0.159259
0 0.126302 0.192130 0.026562 0.152778
0 0.147917 0.171296 0.027083 0.170370
0 0.232031 0.786111 0.047396 0.242593
0 0.799479 0.003241 0.025000 0.126852
