0 0.734375 0.637037 0.053125 0.224074
0 0.239062 0.346296 0.038542 0.203704
0 0.073698 0.621296 0.043229 0.233333
0 0.916146 0.519907 0.039583 0.193519
0 0.573438 0.975000 0.041667 0.248148
0 0.353646 0.820833 0.052083 0.232407
0 0.377865 0.242593 0.040104 0.103704
0 0.367969 0.325463 0.029687 0.112037
0 0.429688 0.218519 0.031250 0.161111
0 0.789583 0.131944 0.027083 0.136111
0 0.706510 0.233796 0.025521 0.145370
0 0.695052 0.243519 0.027604 0.166667
0 0.474479 0.279167 0.036458 0.176852
0 0.069010 0.410648 0.024479 0.173148
0 0.079167 0.393056 0.029167 0.187963
0 0.415365 0.304167 0.030729 0.169444
0 0.436458 0.310648 0.029167 0.160185
0 0.630990 0.230093 0.027604 0.149074
0 0.562760 0.206019 0.044271 0.156481
0 0.380469 0.071296 0.027604 0.150000
0 0.101823 0.684259 0.044271 0.200000
0 0.651563 0.081944 0.031250 0.108333
0 0.316927 0.319444 0.028646 0.177778
0 0.291667 0.334722 0.028125 0.189815
0 0.248438 0.050926 0.025000 0.140741
0 0.210938 0.051389 0.022917 0.147222
0 0.293229 0.136574 0.025000 0.154630
0 0.259635 0.108796 0.026562 0.147222
0 0.199219 0.179167 0.027604 0.162037
0 0.265104 0.249537 0.030208 0.156481
0 0.164063 0.194444 0.027083 0.157407
0 0.190625 0.163426 0.022917 0.162037
0 0.126823 0.192130 0.025521 0.152778
0 0.148698 0.170833 0.026562 0.171296
0 0.228646 0.804630 0.051042 0.246296
0 0.794531 -0.000463 0.024479 0.126852
