0 0.733854 0.637037 0.053125 0.224074
0 0.238542 0.326852 0.039583 0.203704
0 0.074740 0.621759 0.041146 0.228704
0 0.916146 0.519907 0.039583 0.193519
0 0.553385 0.965278 0.035937 0.254630
0 0.353646 0.820833 0.052083 0.232407
0 0.377865 0.242593 0.040104 0.103704
0 0.367969 0.325463 0.029687 0.112037
0 0.429688 0.218519 0.031250 0.161111
0 0.789583 0.131481 0.027083 0.137037
0 0.683333 0.229167 0.026042 0.147222
0 0.664583 0.237037 0.029167 0.164815
0 0.312240 0.225926 0.034896 0.157407
0 0.463021 0.267593 0.037500 0.172222
0 0.069010 0.410648 0.024479 0.173148
0 0.079687 0.393056 0.030208 0.187963
0 0.408073 0.326852 0.034896 0.181481
0 0.431771 0.335648 0.030208 0.167593
0 0.603646 0.219444 0.023958 0.148148
0 0.530990 0.199074 0.039063 0.157407
0 0.380469 0.071296 0.027604 0.150000
0 0.126302 0.653704 0.032813 0.198148
0 0.651563 0.082407 0.031250 0.109259
0 0.327083 0.338889 0.030208 0.175926
0 0.291927 0.350926 0.033854 0.190741
0 0.249479 0.038426 0.026042 0.137963
0 0.215625 0.036574 0.022917 0.147222
0 0.293229 0.136574 0.025000 0.154630
0 0.241146 0.113889 0.032292 0.150000
0 0.199219 0.179167 0.027604 0.162037
0 0.274479 0.274074 0.029167 0.155556
0 0.164063 0.195370 0.027083 0.157407
0 0.189844 0.163426 0.023438 0.160185
0 0.124479 0.193519 0.028125 0.151852
0 0.146094 0.172685 0.028646 0.169444
0 0.196615 0.014352 0.022396 0.143519
0 0.235156 0.758796 0.048438 0.245370
0 0.803646 0.015278 0.025000 0.126852
