0 0.733854 0.637037 0.053125 0.224074
0 0.238542 0.312500 0.039583 0.202778
0 0.073698 0.621296 0.045312 0.229630
0 0.916146 0.519907 0.039583 0.193519
0 0.534896 0.971759 0.035417 0.256481
0 0.353646 0.820833 0.052083 0.232407
0 0.377865 0.242593 0.040104 0.103704
0 0.367969 0.325463 0.029687 0.112037
0 0.429688 0.218519 0.031250 0.161111
0 0.789844 0.131481 0.027604 0.137037
0 0.663542 0.221759 0.020833 0.150926
0 0.643490 0.226389 0.028646 0.165741
0 0.298958 0.212037 0.033333 0.155556
0 0.471094 0.248611 0.038021 0.167593
0 0.069010 0.410648 0.024479 0.173148
0 0.080208 0.393056 0.031250 0.187963
0 0.405729 0.345370 0.036458 0.181481
0 0.433073 0.355093 0.035937 0.169444
0 0.584115 0.211111 0.021354 0.146296
0 0.502865 0.192593 0.043229 0.157407
0 0.380469 0.071296 0.027604 0.150000
0 0.138542 0.625000 0.032292 0.198148
0 0.651563 0.082407 0.031250 0.109259
0 0.331771 0.362037 0.029167 0.175926
0 0.290885 0.367130 0.028646 0.189815
0 0.251563 0.026389 0.026042 0.137963
0 0.220573 0.018056 0.023438 0.147222
0 0.293229 0.136574 0.025000 0.154630
0 0.229687 0.113426 0.031250 0.147222
0 0.199219 0.180093 0.027604 0.162037
0 0.284635 0.292593 0.028646 0.155556
0 0.164063 0.195370 0.027083 0.157407
0 0.188542 0.165278 0.022917 0.163889
0 0.124479 0.193519 0.028125 0.151852
0 0.146615 0.172685 0.027604 0.169444
0 0.191927 0.025463 0.026562 0.145370
0 0.237760 0.715741 0.044271 0.233333
0 0.807031 0.029167 0.024479 0.126852
0 0.031510 0.680556 0.058854 0.218519
