0 0.733333 0.637037 0.053125 0.224074
0 0.238802 0.300926 0.039063 0.201852
0 0.072917 0.621296 0.048958 0.229630
0 0.915885 0.519907 0.040104 0.193519
0 0.524479 0.974537 0.035417 0.250926
0 0.353646 0.820833 0.052083 0.232407
0 0.377865 0.242593 0.040104 0.103704
0 0.367969 0.325463 0.029687 0.112037
0 0.429427 0.218519 0.030729 0.161111
0 0.790104 0.131481 0.027083 0.137037
0 0.648438 0.210648 0.027083 0.152778
0 0.621354 0.218056 0.033333 0.169444
0 0.289583 0.200000 0.030208 0.148148
0 0.478646 0.236574 0.040625 0.173148
0 0.069271 0.410648 0.025000 0.173148
0 0.079167 0.392130 0.029167 0.186111
0 0.408594 0.359722 0.034896 0.186111
0 0.435156 0.364815 0.035937 0.172222
0 0.560417 0.203241 0.028125 0.147222
0 0.380469 0.071296 0.027604 0.150000
0 0.135677 0.600926 0.030729 0.192593
0 0.651563 0.082407 0.031250 0.109259
0 0.329948 0.376389 0.030729 0.175000
0 0.286979 0.387037 0.037500 0.196296
0 0.252604 0.014352 0.026042 0.137963
0 0.293490 0.136574 0.024479 0.154630
0 0.220833 0.112963 0.033333 0.148148
0 0.198958 0.178241 0.027083 0.162037
0 0.295312 0.304630 0.029167 0.153704
0 0.164063 0.195370 0.027083 0.157407
0 0.187500 0.163426 0.022917 0.160185
0 0.124479 0.193519 0.028125 0.151852
0 0.147396 0.173148 0.026042 0.168519
0 0.192188 0.031019 0.028125 0.149074
0 0.233854 0.688426 0.048958 0.234259
0 0.815885 0.033333 0.028646 0.125926
0 0.057031 0.706944 0.059896 0.228704
