0 0.734375 0.637037 0.053125 0.224074
0 0.239062 0.341667 0.038542 0.203704
0 0.074219 0.620370 0.043229 0.233333
0 0.916146 0.519907 0.039583 0.193519
0 0.567708 0.972685 0.038542 0.250926
0 0.353646 0.820833 0.052083 0.232407
0 0.377865 0.242593 0.040104 0.103704
0 0.367969 0.325463 0.029687 0.112037
0 0.429688 0.218519 0.031250 0.161111
0 0.789583 0.131944 0.027083 0.136111
0 0.700260 0.235648 0.025521 0.145370
0 0.688281 0.242593 0.030729 0.166667
0 0.328646 0.237037 0.032292 0.146296
0 0.469271 0.277778 0.035417 0.177778
0 0.069010 0.410648 0.024479 0.173148
0 0.079167 0.393056 0.029167 0.187963
0 0.413281 0.311111 0.033854 0.172222
0 0.436198 0.317593 0.030729 0.164815
0 0.623698 0.227778 0.025521 0.148148
0 0.555729 0.201389 0.035417 0.156481
0 0.380469 0.071296 0.027604 0.150000
0 0.107552 0.675000 0.038021 0.200000
0 0.651563 0.081944 0.031250 0.108333
0 0.319792 0.325000 0.029167 0.177778
0 0.291667 0.339352 0.028125 0.189815
0 0.250521 0.046759 0.026042 0.139815
0 0.210938 0.044907 0.022917 0.147222
0 0.293229 0.136574 0.025000 0.154630
0 0.254948 0.109259 0.024479 0.148148
0 0.199219 0.179167 0.027604 0.162037
0 0.267448 0.256481 0.029687 0.155556
0 0.164063 0.194444 0.027083 0.157407
0 0.190625 0.162500 0.022917 0.160185
0 0.126562 0.192130 0.026042 0.152778
0 0.147917 0.170833 0.027083 0.171296
0 0.231510 0.789352 0.048438 0.243519
0 0.798698 0.002315 0.024479 0.126852
