0 0.734896 0.637500 0.053125 0.223148
0 0.241406 0.373611 0.040104 0.202778
0 0.074219 0.622685 0.043229 0.230556
0 0.916406 0.519907 0.039063 0.193519
0 0.611719 0.981019 0.043229 0.236111
0 0.353646 0.820833 0.052083 0.232407
0 0.367969 0.325463 0.029687 0.112037
0 0.429688 0.218519 0.031250 0.161111
0 0.789063 0.131944 0.027083 0.136111
0 0.750000 0.249074 0.026042 0.157407
0 0.730208 0.256481 0.032292 0.174074
0 0.373698 0.248148 0.027604 0.161111
0 0.503125 0.278704 0.034375 0.174074
0 0.068750 0.410648 0.025000 0.173148
0 0.078385 0.392593 0.027604 0.187037
0 0.430990 0.273148 0.032813 0.175926
0 0.452604 0.281944 0.027083 0.152778
0 0.663542 0.250000 0.022917 0.150000
0 0.611979 0.215741 0.026042 0.159259
0 0.380469 0.071296 0.027604 0.150000
0 0.048177 0.726852 0.044271 0.205556
0 0.651563 0.081019 0.031250 0.108333
0 0.299219 0.291667 0.026562 0.172222
0 0.285156 0.306481 0.035937 0.183333
0 0.244010 0.070833 0.026562 0.143519
0 0.208073 0.075926 0.024479 0.148148
0 0.292969 0.136574 0.024479 0.154630
0 0.266406 0.112963 0.029687 0.148148
0 0.199479 0.178704 0.028125 0.162963
0 0.264062 0.219444 0.028125 0.146296
0 0.166146 0.193519 0.027083 0.157407
0 0.189062 0.160648 0.022917 0.158333
0 0.121354 0.194444 0.025000 0.151852
0 0.152865 0.169444 0.038021 0.168519
0 0.228385 0.869907 0.051562 0.250926
0 0.773698 -0.021296 0.023438 0.127778
