0 0.734896 0.637500 0.053125 0.223148
0 0.242188 0.384259 0.040625 0.207407
0 0.074740 0.623148 0.043229 0.229630
0 0.916406 0.519907 0.039063 0.193519
0 0.619531 0.979167 0.043229 0.213889
0 0.353646 0.820833 0.052083 0.232407
0 0.367969 0.325463 0.029687 0.112037
0 0.429688 0.218519 0.031250 0.161111
0 0.789063 0.131944 0.027083 0.136111
0 0.762760 0.254167 0.030729 0.158333
0 0.739323 0.263426 0.029687 0.176852
0 0.381510 0.250926 0.026562 0.161111
0 0.512240 0.273611 0.036979 0.171296
0 0.069271 0.411574 0.026042 0.175000
0 0.078385 0.392130 0.027604 0.186111
0 0.437240 0.266667 0.031771 0.174074
0 0.458854 0.275463 0.028125 0.149074
0 0.672135 0.255556 0.022396 0.150000
0 0.627344 0.220833 0.042188 0.158333
0 0.380469 0.071296 0.027604 0.150000
0 0.036198 0.737963 0.035937 0.207407
0 0.651563 0.081019 0.031250 0.108333
0 0.294271 0.286111 0.026042 0.172222
0 0.280990 0.301852 0.034896 0.183333
0 0.241406 0.075463 0.025521 0.143519
0 0.208073 0.079630 0.024479 0.148148
0 0.292969 0.136574 0.024479 0.154630
0 0.266667 0.112963 0.029167 0.148148
0 0.199479 0.178704 0.028125 0.162963
0 0.265104 0.211574 0.027083 0.147222
0 0.166667 0.193981 0.027083 0.156481
0 0.121354 0.195370 0.025000 0.151852
0 0.151823 0.169907 0.035937 0.169444
0 0.229687 0.887963 0.050000 0.248148
