0 0.734635 0.637037 0.053646 0.224074
0 0.240625 0.368519 0.039583 0.205556
0 0.073698 0.622685 0.043229 0.230556
0 0.916146 0.519907 0.039583 0.193519
0 0.601042 0.978241 0.042708 0.237963
0 0.353646 0.820833 0.052083 0.232407
0 0.377865 0.242593 0.040104 0.103704
0 0.367969 0.325463 0.029687 0.112037
0 0.429688 0.218519 0.031250 0.161111
0 0.789323 0.131944 0.027604 0.136111
0 0.739844 0.243519 0.027604 0.151852
0 0.721615 0.254167 0.034896 0.169444
0 0.366146 0.243056 0.020833 0.154630
0 0.498958 0.281944 0.035417 0.175000
0 0.068750 0.410648 0.025000 0.173148
0 0.078385 0.392593 0.027604 0.187037
0 0.427083 0.281019 0.033333 0.173148
0 0.448437 0.289815 0.026042 0.157407
0 0.654427 0.245370 0.022396 0.150000
0 0.600781 0.215278 0.041146 0.158333
0 0.380469 0.071296 0.027604 0.150000
0 0.058073 0.713426 0.034896 0.204630
0 0.651563 0.081019 0.031250 0.108333
0 0.301823 0.301852 0.026562 0.172222
0 0.289063 0.314815 0.036458 0.185185
0 0.246094 0.066204 0.027604 0.139815
0 0.208073 0.065741 0.024479 0.148148
0 0.293229 0.136574 0.025000 0.154630
0 0.266406 0.112963 0.029687 0.148148
0 0.199479 0.178704 0.028125 0.162963
0 0.263802 0.227778 0.027604 0.150000
0 0.164583 0.193519 0.027083 0.157407
0 0.189062 0.162500 0.022917 0.162037
0 0.123698 0.194444 0.025521 0.151852
0 0.148438 0.169444 0.029167 0.168519
0 0.233073 0.853704 0.051562 0.250000
0 0.781771 -0.017130 0.025000 0.126852
