0 0.733854 0.637037 0.053125 0.224074
0 0.238542 0.328704 0.039583 0.203704
0 0.074479 0.621296 0.041667 0.229630
0 0.916146 0.519907 0.039583 0.193519
0 0.555469 0.964352 0.035937 0.252778
0 0.353646 0.820833 0.052083 0.232407
0 0.377865 0.242593 0.040104 0.103704
0 0.367969 0.325463 0.029687 0.112037
0 0.429688 0.218519 0.031250 0.161111
0 0.789583 0.131481 0.027083 0.137037
0 0.685937 0.230093 0.025000 0.147222
0 0.668229 0.237963 0.028125 0.164815
0 0.314323 0.227315 0.034896 0.156481
0 0.462240 0.268519 0.036979 0.172222
0 0.069010 0.410648 0.024479 0.173148
0 0.079687 0.393056 0.030208 0.187963
0 0.408854 0.325926 0.035417 0.181481
0 0.432031 0.334722 0.030729 0.167593
0 0.605729 0.220370 0.025000 0.148148
0 0.534115 0.200926 0.043229 0.157407
0 0.380469 0.071296 0.027604 0.150000
0 0.124219 0.656481 0.031771 0.198148
0 0.651823 0.082870 0.031771 0.108333
0 0.326562 0.337500 0.030208 0.176852
0 0.292448 0.348611 0.033854 0.189815
0 0.249479 0.040278 0.026042 0.137963
0 0.215104 0.038426 0.022917 0.147222
0 0.293229 0.136574 0.025000 0.154630
0 0.242188 0.114352 0.033333 0.150926
0 0.199219 0.179167 0.027604 0.162037
0 0.273958 0.273148 0.029167 0.155556
0 0.164063 0.195370 0.027083 0.157407
0 0.190104 0.162963 0.022917 0.159259
0 0.124479 0.193519 0.028125 0.151852
0 0.146094 0.173148 0.028646 0.170370
0 0.197396 0.012037 0.022917 0.142593
0 0.236198 0.762963 0.047396 0.246296
0 0.803646 0.013426 0.025000 0.126852
