0 0.734375 0.637037 0.053125 0.224074
0 0.239062 0.344444 0.038542 0.203704
0 0.074219 0.620833 0.043229 0.232407
0 0.916146 0.519907 0.039583 0.193519
0 0.571094 0.974074 0.040104 0.250000
0 0.353646 0.820833 0.052083 0.232407
0 0.377865 0.242593 0.040104 0.103704
0 0.367969 0.325463 0.029687 0.112037
0 0.429688 0.218519 0.031250 0.161111
0 0.789583 0.131944 0.027083 0.136111
0 0.703906 0.234722 0.025521 0.145370
0 0.692448 0.243519 0.028646 0.166667
0 0.472396 0.278704 0.036458 0.177778
0 0.069010 0.410648 0.024479 0.173148
0 0.079167 0.393056 0.029167 0.187963
0 0.414583 0.306944 0.032292 0.171296
0 0.436198 0.313426 0.029687 0.162037
0 0.628125 0.229167 0.027083 0.149074
0 0.559896 0.204167 0.040625 0.156481
0 0.380469 0.071296 0.027604 0.150000
0 0.104167 0.680556 0.041667 0.200000
0 0.651563 0.081944 0.031250 0.108333
0 0.317969 0.321296 0.028646 0.177778
0 0.291667 0.336574 0.028125 0.189815
0 0.249219 0.049074 0.025521 0.140741
0 0.210938 0.048611 0.022917 0.147222
0 0.293229 0.136574 0.025000 0.154630
0 0.257813 0.108796 0.026042 0.147222
0 0.199219 0.179167 0.027604 0.162037
0 0.266146 0.252315 0.030208 0.156481
0 0.164063 0.194444 0.027083 0.157407
0 0.190625 0.162963 0.022917 0.161111
0 0.126823 0.192130 0.025521 0.152778
0 0.148438 0.170833 0.027083 0.171296
0 0.229687 0.798611 0.050000 0.245370
0 0.796094 0.000463 0.024479 0.126852
