0 0.734115 0.637037 0.053646 0.224074
0 0.238802 0.330556 0.039063 0.203704
0 0.074479 0.620833 0.041667 0.230556
0 0.916146 0.519907 0.039583 0.193519
0 0.557031 0.965278 0.035937 0.252778
0 0.353646 0.820833 0.052083 0.232407
0 0.377865 0.242593 0.040104 0.103704
0 0.367969 0.325463 0.029687 0.112037
0 0.429688 0.218519 0.031250 0.161111
0 0.789583 0.131481 0.027083 0.137037
0 0.687500 0.231019 0.025000 0.147222
0 0.670833 0.238426 0.029167 0.165741
0 0.316406 0.229167 0.033854 0.154630
0 0.462500 0.269907 0.036458 0.173148
0 0.069010 0.410648 0.024479 0.173148
0 0.079427 0.393056 0.029687 0.187963
0 0.409375 0.323611 0.035417 0.180556
0 0.432812 0.331944 0.031250 0.167593
0 0.607812 0.221296 0.025000 0.148148
0 0.534115 0.202315 0.043229 0.156481
0 0.380469 0.071296 0.027604 0.150000
0 0.121615 0.658333 0.031771 0.198148
0 0.651563 0.081944 0.031250 0.108333
0 0.325521 0.335648 0.030208 0.176852
0 0.292187 0.347222 0.032292 0.190741
0 0.249740 0.040278 0.026562 0.137963
0 0.214062 0.038426 0.022917 0.147222
0 0.293229 0.136574 0.025000 0.154630
0 0.243750 0.112963 0.031250 0.150000
0 0.199219 0.179167 0.027604 0.162037
0 0.272917 0.270370 0.029167 0.155556
0 0.164063 0.195370 0.027083 0.157407
0 0.190104 0.162963 0.022917 0.159259
0 0.124740 0.192593 0.027604 0.151852
0 0.146094 0.172222 0.028646 0.170370
0 0.197917 0.011111 0.022917 0.142593
0 0.237240 0.768056 0.046354 0.247222
0 0.803125 0.011574 0.025000 0.126852
