0 0.734375 0.637037 0.053125 0.224074
0 0.239583 0.350463 0.038542 0.202778
0 0.073698 0.622222 0.043229 0.231481
0 0.916146 0.519907 0.039583 0.193519
0 0.578906 0.975000 0.042188 0.244444
0 0.353646 0.820833 0.052083 0.232407
0 0.377865 0.242593 0.040104 0.103704
0 0.367969 0.325463 0.029687 0.112037
0 0.429688 0.218519 0.031250 0.161111
0 0.789323 0.131944 0.027604 0.136111
0 0.714063 0.236574 0.026042 0.147222
0 0.700781 0.246296 0.026562 0.166667
0 0.480990 0.285185 0.043229 0.181481
0 0.069010 0.410648 0.024479 0.173148
0 0.078906 0.393056 0.028646 0.187963
0 0.418229 0.299537 0.031250 0.171296
0 0.438802 0.305556 0.027604 0.159259
0 0.635938 0.232870 0.026042 0.149074
0 0.570052 0.207407 0.036979 0.159259
0 0.380469 0.071296 0.027604 0.150000
0 0.091146 0.690278 0.039583 0.200926
0 0.651563 0.081944 0.031250 0.108333
0 0.313542 0.314815 0.028125 0.175926
0 0.291406 0.331481 0.030729 0.190741
0 0.247135 0.055556 0.024479 0.140741
0 0.209896 0.053241 0.022917 0.147222
0 0.293229 0.136574 0.025000 0.154630
0 0.261458 0.109722 0.028125 0.147222
0 0.199219 0.179167 0.027604 0.162037
0 0.264323 0.244907 0.030729 0.156481
0 0.164063 0.193519 0.027083 0.157407
0 0.190104 0.163889 0.022917 0.162963
0 0.127344 0.192130 0.024479 0.152778
0 0.148177 0.169907 0.026562 0.171296
0 0.228125 0.817130 0.052083 0.249074
0 0.792448 -0.004167 0.024479 0.126852
