0 0.734115 0.637037 0.053646 0.224074
0 0.238802 0.332407 0.039063 0.203704
0 0.074479 0.620370 0.042708 0.231481
0 0.916146 0.519907 0.039583 0.193519
0 0.558594 0.967130 0.035937 0.252778
0 0.353646 0.820833 0.052083 0.232407
0 0.377865 0.242593 0.040104 0.103704
0 0.367969 0.325463 0.029687 0.112037
0 0.429688 0.218519 0.031250 0.161111
0 0.789583 0.131481 0.027083 0.137037
0 0.689583 0.232407 0.025000 0.146296
0 0.673958 0.239352 0.030208 0.165741
0 0.318490 0.231019 0.032813 0.152778
0 0.463281 0.271296 0.035937 0.174074
0 0.069010 0.410648 0.024479 0.173148
0 0.079427 0.393056 0.029687 0.187963
0 0.409896 0.321759 0.035417 0.178704
0 0.433594 0.330093 0.031771 0.167593
0 0.610417 0.222222 0.025000 0.148148
0 0.535937 0.202315 0.040625 0.156481
0 0.380469 0.071296 0.027604 0.150000
0 0.119271 0.660648 0.032292 0.199074
0 0.651563 0.081944 0.031250 0.108333
0 0.324479 0.333796 0.030208 0.176852
0 0.292187 0.346296 0.031250 0.190741
0 0.250260 0.041204 0.026562 0.137963
0 0.213021 0.038426 0.022917 0.147222
0 0.293229 0.136574 0.025000 0.154630
0 0.245573 0.112037 0.029687 0.150000
0 0.199219 0.179167 0.027604 0.162037
0 0.271875 0.268519 0.029167 0.155556
0 0.164063 0.195370 0.027083 0.157407
0 0.190365 0.162500 0.023438 0.158333
0 0.125000 0.192593 0.027083 0.151852
0 0.146354 0.172222 0.028125 0.170370
0 0.198437 0.011111 0.022917 0.142593
0 0.236198 0.770833 0.046354 0.245370
0 0.802604 0.009722 0.025000 0.126852
