0 0.733854 0.637037 0.053125 0.224074
0 0.238542 0.309722 0.039583 0.202778
0 0.073438 0.621296 0.045833 0.229630
0 0.916146 0.519907 0.039583 0.193519
0 0.532813 0.972222 0.035417 0.255556
0 0.353646 0.820833 0.052083 0.232407
0 0.377865 0.242593 0.040104 0.103704
0 0.367969 0.325463 0.029687 0.112037
0 0.429688 0.218519 0.031250 0.161111
0 0.789844 0.131481 0.027604 0.137037
0 0.660937 0.218056 0.020833 0.150926
0 0.638021 0.225463 0.031250 0.167593
0 0.297135 0.209259 0.031771 0.151852
0 0.472396 0.247222 0.040625 0.168519
0 0.069010 0.410648 0.024479 0.173148
0 0.080208 0.393056 0.031250 0.187963
0 0.406250 0.346296 0.036458 0.181481
0 0.433073 0.355556 0.035937 0.168519
0 0.579427 0.208796 0.024479 0.145370
0 0.497396 0.190278 0.036458 0.158333
0 0.380469 0.071296 0.027604 0.150000
0 0.137760 0.618981 0.031771 0.195370
0 0.651563 0.082407 0.031250 0.109259
0 0.330990 0.364815 0.029687 0.175926
0 0.290104 0.370370 0.030208 0.190741
0 0.251563 0.023611 0.026042 0.137963
0 0.220573 0.018056 0.023438 0.147222
0 0.293490 0.136574 0.024479 0.154630
0 0.227604 0.112963 0.032292 0.146296
0 0.198958 0.179167 0.027083 0.162037
0 0.286458 0.294444 0.029167 0.155556
0 0.164063 0.195370 0.027083 0.157407
0 0.188021 0.164815 0.022917 0.162963
0 0.124479 0.193519 0.028125 0.151852
0 0.146615 0.172685 0.027604 0.169444
0 0.191406 0.025926 0.026562 0.146296
0 0.239062 0.712963 0.044792 0.233333
0 0.808854 0.029167 0.026042 0.126852
0 0.036458 0.682870 0.059375 0.219444
