0 0.733854 0.637037 0.053125 0.224074
0 0.238542 0.316204 0.039583 0.202778
0 0.073958 0.621296 0.043750 0.229630
0 0.916146 0.519907 0.039583 0.193519
0 0.541146 0.970370 0.035417 0.259259
0 0.353646 0.820833 0.052083 0.232407
0 0.377865 0.242593 0.040104 0.103704
0 0.367969 0.325463 0.029687 0.112037
0 0.429688 0.218519 0.031250 0.161111
0 0.789844 0.131481 0.027604 0.137037
0 0.669531 0.225000 0.025521 0.148148
0 0.648438 0.231944 0.031250 0.165741
0 0.301823 0.218981 0.033854 0.158333
0 0.468229 0.257870 0.039583 0.169444
0 0.069010 0.410648 0.024479 0.173148
0 0.079948 0.393056 0.030729 0.187963
0 0.405990 0.337963 0.034896 0.181481
0 0.432031 0.347222 0.032813 0.168519
0 0.591146 0.213889 0.021875 0.146296
0 0.510417 0.192593 0.031250 0.157407
0 0.380469 0.071296 0.027604 0.150000
0 0.136198 0.636111 0.034896 0.198148
0 0.651563 0.082407 0.031250 0.109259
0 0.330208 0.353241 0.029167 0.173148
0 0.290625 0.363426 0.031250 0.193519
0 0.250521 0.030093 0.026042 0.137963
0 0.219792 0.025463 0.022917 0.147222
0 0.293229 0.136574 0.025000 0.154630
0 0.234896 0.112963 0.029167 0.148148
0 0.199219 0.179167 0.027604 0.162037
0 0.280208 0.285185 0.029167 0.155556
0 0.164063 0.195370 0.027083 0.157407
0 0.188802 0.164352 0.023438 0.162037
0 0.124479 0.193519 0.028125 0.151852
0 0.146354 0.172685 0.028125 0.169444
0 0.193229 0.024074 0.023958 0.146296
0 0.235156 0.729167 0.047396 0.236111
0 0.805469 0.026389 0.024479 0.126852
0 0.016146 0.675000 0.055208 0.220370
