0 0.734635 0.637037 0.053646 0.224074
0 0.240625 0.364352 0.039583 0.202778
0 0.073698 0.622685 0.043229 0.230556
0 0.916146 0.519907 0.039583 0.193519
0 0.596875 0.976852 0.042708 0.238889
0 0.353646 0.820833 0.052083 0.232407
0 0.377865 0.242593 0.040104 0.103704
0 0.367969 0.325463 0.029687 0.112037
0 0.429688 0.218519 0.031250 0.161111
0 0.789323 0.131944 0.027604 0.136111
0 0.735417 0.242130 0.028125 0.150926
0 0.717708 0.252778 0.034375 0.168519
0 0.362500 0.241667 0.019792 0.151852
0 0.496354 0.282870 0.035417 0.175000
0 0.069010 0.410648 0.024479 0.173148
0 0.078646 0.393056 0.028125 0.187963
0 0.425521 0.284259 0.033333 0.172222
0 0.446875 0.293056 0.026042 0.158333
0 0.650781 0.243519 0.022396 0.150000
0 0.595573 0.214352 0.043229 0.158333
0 0.380469 0.071296 0.027604 0.150000
0 0.062240 0.707870 0.031771 0.204630
0 0.651563 0.081944 0.031250 0.108333
0 0.303385 0.305093 0.026562 0.171296
0 0.290365 0.318056 0.036979 0.186111
0 0.246615 0.064352 0.027604 0.139815
0 0.208073 0.062037 0.024479 0.148148
0 0.293229 0.136574 0.025000 0.154630
0 0.265885 0.112037 0.029687 0.148148
0 0.199479 0.178704 0.028125 0.162963
0 0.263542 0.231019 0.028125 0.152778
0 0.164063 0.193519 0.027083 0.157407
0 0.189583 0.163426 0.022917 0.162037
0 0.124479 0.193981 0.026042 0.150926
0 0.147396 0.168981 0.027083 0.169444
0 0.232552 0.846759 0.050521 0.249074
0 0.784896 -0.015278 0.025000 0.126852
