0 0.733333 0.637037 0.053125 0.224074
0 0.238802 0.300463 0.039063 0.200926
0 0.072656 0.621296 0.049479 0.229630
0 0.915885 0.519907 0.040104 0.193519
0 0.523698 0.975000 0.035937 0.250000
0 0.353646 0.820833 0.052083 0.232407
0 0.377865 0.242593 0.040104 0.103704
0 0.367969 0.325463 0.029687 0.112037
0 0.429427 0.218519 0.030729 0.161111
0 0.790104 0.131481 0.027083 0.137037
0 0.647135 0.210648 0.028646 0.152778
0 0.620833 0.217130 0.032292 0.169444
0 0.288802 0.199074 0.030729 0.148148
0 0.479167 0.234722 0.039583 0.173148
0 0.069271 0.410648 0.025000 0.173148
0 0.078906 0.392130 0.028646 0.186111
0 0.408854 0.361111 0.034375 0.187037
0 0.435417 0.366204 0.036458 0.173148
0 0.558854 0.202315 0.028125 0.147222
0 0.380469 0.071296 0.027604 0.150000
0 0.135417 0.600000 0.030208 0.192593
0 0.651563 0.082407 0.031250 0.109259
0 0.329948 0.376852 0.030729 0.174074
0 0.286458 0.387963 0.038542 0.196296
0 0.253125 0.013426 0.026042 0.137963
0 0.293490 0.136574 0.024479 0.154630
0 0.220312 0.112963 0.033333 0.148148
0 0.198958 0.178241 0.027083 0.162037
0 0.295833 0.305556 0.029167 0.153704
0 0.164063 0.195370 0.027083 0.157407
0 0.187500 0.163426 0.022917 0.160185
0 0.124479 0.193519 0.028125 0.151852
0 0.147396 0.173148 0.026042 0.168519
0 0.192448 0.031481 0.027604 0.148148
0 0.232813 0.685648 0.048958 0.234259
0 0.816406 0.034259 0.028646 0.125926
0 0.058854 0.709722 0.060417 0.230556
