0 0.734896 0.637500 0.053125 0.223148
0 0.242188 0.386111 0.040625 0.209259
0 0.074740 0.623148 0.043229 0.229630
0 0.916406 0.519907 0.039063 0.193519
0 0.620313 0.978704 0.043750 0.211111
0 0.353646 0.820833 0.052083 0.232407
0 0.367969 0.325463 0.029687 0.112037
0 0.429688 0.218519 0.031250 0.161111
0 0.789063 0.131944 0.027083 0.136111
0 0.764062 0.254630 0.031250 0.159259
0 0.740365 0.264352 0.029687 0.176852
0 0.382292 0.250926 0.026042 0.161111
0 0.513281 0.272685 0.036979 0.171296
0 0.069271 0.411574 0.026042 0.175000
0 0.078385 0.392130 0.027604 0.186111
0 0.437760 0.265741 0.031771 0.174074
0 0.459375 0.274537 0.028125 0.149074
0 0.673177 0.256481 0.022396 0.150000
0 0.629167 0.221296 0.044792 0.157407
0 0.380469 0.071296 0.027604 0.150000
0 0.034635 0.738889 0.034896 0.207407
0 0.651563 0.081019 0.031250 0.108333
0 0.293750 0.285185 0.026042 0.172222
0 0.280469 0.301389 0.034896 0.184259
0 0.240885 0.075926 0.025521 0.144444
0 0.208073 0.079630 0.024479 0.148148
0 0.292969 0.136574 0.024479 0.154630
0 0.266667 0.112963 0.029167 0.148148
0 0.199479 0.178704 0.028125 0.162963
0 0.265104 0.210648 0.027083 0.147222
0 0.166667 0.193981 0.027083 0.156481
0 0.121354 0.195370 0.025000 0.151852
0 0.151562 0.169907 0.035417 0.169444
0 0.229948 0.889815 0.049479 0.246296
