0 0.733854 0.637037 0.053125 0.224074
0 0.238542 0.325000 0.039583 0.203704
0 0.074479 0.621296 0.041667 0.229630
0 0.916146 0.519907 0.039583 0.193519
0 0.551302 0.966204 0.035937 0.256481
0 0.353646 0.820833 0.052083 0.232407
0 0.377865 0.242593 0.040104 0.103704
0 0.367969 0.325463 0.029687 0.112037
0 0.429688 0.218519 0.031250 0.161111
0 0.789583 0.131481 0.027083 0.137037
0 0.680990 0.228704 0.026562 0.146296
0 0.661458 0.236574 0.030208 0.165741
0 0.310156 0.225463 0.034896 0.158333
0 0.463802 0.266667 0.038021 0.172222
0 0.069010 0.410648 0.024479 0.173148
0 0.079687 0.393056 0.030208 0.187963
0 0.407552 0.328704 0.034896 0.181481
0 0.431771 0.337500 0.030208 0.167593
0 0.601823 0.218519 0.023438 0.148148
0 0.528125 0.197222 0.035417 0.157407
0 0.380469 0.071296 0.027604 0.150000
0 0.128385 0.650926 0.033854 0.198148
0 0.651563 0.082407 0.031250 0.109259
0 0.327604 0.341204 0.030208 0.175000
0 0.291406 0.353241 0.033854 0.191667
0 0.249479 0.036574 0.026042 0.137963
0 0.216667 0.034722 0.022917 0.147222
0 0.293229 0.136574 0.025000 0.154630
0 0.240625 0.113889 0.031250 0.150000
0 0.199219 0.179167 0.027604 0.162037
0 0.275000 0.275926 0.029167 0.155556
0 0.164063 0.195370 0.027083 0.157407
0 0.189583 0.163426 0.022917 0.160185
0 0.124479 0.193519 0.028125 0.151852
0 0.146094 0.172685 0.028646 0.169444
0 0.196094 0.016667 0.022396 0.144444
0 0.234375 0.754630 0.050000 0.244444
0 0.803646 0.018056 0.025000 0.126852
