0 0.734635 0.637037 0.053646 0.224074
0 0.241146 0.372222 0.039583 0.203704
0 0.074219 0.622685 0.043229 0.230556
0 0.916146 0.519907 0.039583 0.193519
0 0.608594 0.980556 0.043229 0.237037
0 0.353646 0.820833 0.052083 0.232407
0 0.377865 0.242593 0.040104 0.103704
0 0.367969 0.325463 0.029687 0.112037
0 0.429688 0.218519 0.031250 0.161111
0 0.789063 0.131944 0.027083 0.136111
0 0.747135 0.247685 0.026562 0.156481
0 0.727604 0.255556 0.033333 0.172222
0 0.371615 0.247222 0.025521 0.159259
0 0.502083 0.279630 0.034375 0.174074
0 0.068750 0.410648 0.025000 0.173148
0 0.078385 0.392593 0.027604 0.187037
0 0.429948 0.275463 0.032813 0.175000
0 0.451562 0.284259 0.027083 0.153704
0 0.660937 0.248148 0.022917 0.150000
0 0.608854 0.215741 0.030208 0.159259
0 0.380469 0.071296 0.027604 0.150000
0 0.051042 0.723148 0.041667 0.205556
0 0.651563 0.081019 0.031250 0.108333
0 0.300260 0.294444 0.026562 0.172222
0 0.286198 0.308796 0.035937 0.184259
0 0.244792 0.069444 0.027083 0.142593
0 0.208073 0.073148 0.024479 0.148148
0 0.292969 0.136574 0.024479 0.154630
0 0.266406 0.112963 0.029687 0.148148
0 0.199479 0.178704 0.028125 0.162963
0 0.264062 0.221759 0.028125 0.147222
0 0.165625 0.193519 0.027083 0.157407
0 0.189062 0.161111 0.022917 0.159259
0 0.122135 0.194444 0.025521 0.151852
0 0.151562 0.169444 0.035417 0.168519
0 0.229948 0.865278 0.051562 0.250926
0 0.776042 -0.019907 0.023958 0.126852
