0 0.733854 0.637037 0.053125 0.224074
0 0.238542 0.318519 0.039583 0.203704
0 0.074219 0.621296 0.043229 0.229630
0 0.916146 0.519907 0.039583 0.193519
0 0.544271 0.969444 0.035417 0.261111
0 0.353646 0.820833 0.052083 0.232407
0 0.377865 0.242593 0.040104 0.103704
0 0.367969 0.325463 0.029687 0.112037
0 0.429688 0.218519 0.031250 0.161111
0 0.789583 0.131481 0.027083 0.137037
0 0.672656 0.226852 0.028646 0.146296
0 0.650781 0.234722 0.032813 0.165741
0 0.303385 0.222222 0.033854 0.159259
0 0.466927 0.262963 0.040104 0.170370
0 0.069010 0.410648 0.024479 0.173148
0 0.079948 0.393056 0.030729 0.187963
0 0.406250 0.334722 0.034375 0.180556
0 0.431510 0.343981 0.030729 0.167593
0 0.594792 0.215278 0.021875 0.147222
0 0.514323 0.192593 0.025521 0.157407
0 0.380469 0.071296 0.027604 0.150000
0 0.135156 0.641667 0.035937 0.198148
0 0.651563 0.082407 0.031250 0.109259
0 0.329427 0.348611 0.029687 0.171296
0 0.290365 0.361574 0.032813 0.195370
0 0.250000 0.031944 0.026042 0.137963
0 0.219792 0.029167 0.022917 0.147222
0 0.293229 0.136574 0.025000 0.154630
0 0.237500 0.112963 0.028125 0.148148
0 0.199219 0.179167 0.027604 0.162037
0 0.278125 0.282407 0.029167 0.155556
0 0.164063 0.195370 0.027083 0.157407
0 0.188802 0.164352 0.023438 0.162037
0 0.124479 0.193519 0.028125 0.151852
0 0.146354 0.172685 0.028125 0.169444
0 0.194010 0.024074 0.022396 0.146296
0 0.233854 0.737500 0.050000 0.239815
0 0.804688 0.025463 0.025000 0.126852
0 0.005729 0.671759 0.052083 0.223148
