0 0.733854 0.637037 0.053125 0.224074
0 0.238542 0.324074 0.039583 0.203704
0 0.074479 0.621296 0.041667 0.229630
0 0.916146 0.519907 0.039583 0.193519
0 0.550260 0.966667 0.035937 0.257407
0 0.353646 0.820833 0.052083 0.232407
0 0.377865 0.242593 0.040104 0.103704
0 0.367969 0.325463 0.029687 0.112037
0 0.429688 0.218519 0.031250 0.161111
0 0.789583 0.131481 0.027083 0.137037
0 0.679688 0.228704 0.027083 0.146296
0 0.659896 0.236574 0.030208 0.165741
0 0.309115 0.225463 0.034896 0.158333
0 0.464323 0.266204 0.039063 0.171296
0 0.069010 0.410648 0.024479 0.173148
0 0.079687 0.393056 0.030208 0.187963
0 0.407552 0.329630 0.034896 0.181481
0 0.431771 0.338426 0.030208 0.167593
0 0.600781 0.218056 0.023438 0.147222
0 0.526563 0.196296 0.033333 0.157407
0 0.380469 0.071296 0.027604 0.150000
0 0.129427 0.650000 0.033854 0.198148
0 0.651563 0.082407 0.031250 0.109259
0 0.327865 0.342593 0.029687 0.174074
0 0.291406 0.354630 0.033854 0.192593
0 0.249479 0.036574 0.026042 0.137963
0 0.217188 0.034722 0.022917 0.147222
0 0.293229 0.136574 0.025000 0.154630
0 0.240365 0.113889 0.030729 0.150000
0 0.199219 0.179167 0.027604 0.162037
0 0.275521 0.276852 0.029167 0.155556
0 0.164063 0.195370 0.027083 0.157407
0 0.189583 0.163426 0.022917 0.160185
0 0.124479 0.193519 0.028125 0.151852
0 0.146094 0.172685 0.028646 0.169444
0 0.195833 0.017593 0.022917 0.144444
0 0.233854 0.752315 0.050000 0.243519
0 0.804167 0.018981 0.025000 0.126852
