0 0.734896 0.637500 0.053125 0.223148
0 0.241927 0.376389 0.040104 0.200926
0 0.074219 0.622685 0.043229 0.230556
0 0.916406 0.519907 0.039063 0.193519
0 0.615365 0.980556 0.043229 0.227778
0 0.353646 0.820833 0.052083 0.232407
0 0.367969 0.325463 0.029687 0.112037
0 0.429688 0.218519 0.031250 0.161111
0 0.789063 0.131944 0.027083 0.136111
0 0.755469 0.251389 0.027604 0.158333
0 0.734375 0.259259 0.031250 0.175926
0 0.377344 0.249537 0.027604 0.162037
0 0.507031 0.276389 0.034896 0.173148
0 0.068750 0.411111 0.025000 0.174074
0 0.078385 0.392130 0.027604 0.186111
0 0.433594 0.269907 0.031771 0.175000
0 0.455208 0.279167 0.028125 0.150926
0 0.667708 0.252778 0.022917 0.150000
0 0.618750 0.218056 0.030208 0.158333
0 0.380469 0.071296 0.027604 0.150000
0 0.042708 0.731944 0.041667 0.206481
0 0.651563 0.081019 0.031250 0.108333
0 0.297135 0.288889 0.026562 0.172222
0 0.283073 0.303704 0.035937 0.183333
0 0.242708 0.072685 0.026042 0.143519
0 0.208073 0.077778 0.024479 0.148148
0 0.292969 0.136574 0.024479 0.154630
0 0.266406 0.112963 0.029687 0.148148
0 0.199479 0.178704 0.028125 0.162963
0 0.264583 0.215741 0.028125 0.146296
0 0.166667 0.193981 0.027083 0.156481
0 0.121354 0.194444 0.025000 0.151852
0 0.152865 0.169907 0.038021 0.169444
0 0.227083 0.878704 0.051042 0.250000
0 0.770052 -0.024537 0.023438 0.126852
