0 0.734375 0.637037 0.053125 0.224074
0 0.239844 0.354630 0.039063 0.200000
0 0.073698 0.622685 0.043229 0.230556
0 0.916146 0.519907 0.039583 0.193519
0 0.586198 0.974537 0.042188 0.237963
0 0.353646 0.820833 0.052083 0.232407
0 0.377865 0.242593 0.040104 0.103704
0 0.367969 0.325463 0.029687 0.112037
0 0.429688 0.218519 0.031250 0.161111
0 0.789323 0.131944 0.027604 0.136111
0 0.723437 0.242593 0.026042 0.150000
0 0.707292 0.250463 0.026042 0.167593
0 0.484896 0.284259 0.037500 0.174074
0 0.069010 0.410648 0.024479 0.173148
0 0.078906 0.393056 0.028646 0.187963
0 0.421615 0.294444 0.032813 0.174074
0 0.442188 0.301389 0.026042 0.158333
0 0.641667 0.237037 0.022917 0.150000
0 0.579688 0.208333 0.022917 0.162963
0 0.380469 0.071296 0.027604 0.150000
0 0.077083 0.697685 0.030208 0.200926
0 0.651563 0.081944 0.031250 0.108333
0 0.309635 0.310648 0.028646 0.173148
0 0.291667 0.328704 0.035417 0.192593
0 0.245573 0.062037 0.024479 0.140741
0 0.209375 0.054167 0.022917 0.147222
0 0.293229 0.136574 0.025000 0.154630
0 0.262760 0.112037 0.029687 0.148148
0 0.199479 0.178704 0.028125 0.162963
0 0.263802 0.241204 0.030729 0.156481
0 0.164063 0.193519 0.027083 0.157407
0 0.190104 0.164352 0.022917 0.163889
0 0.128125 0.192593 0.023958 0.153704
0 0.147656 0.169907 0.026562 0.171296
0 0.117188 0.174074 0.020833 0.159259
0 0.231250 0.828241 0.048958 0.249074
0 0.790625 -0.009722 0.025000 0.126852
