0 0.734896 0.637500 0.053125 0.223148
0 0.241927 0.377778 0.040104 0.201852
0 0.074219 0.622685 0.043229 0.230556
0 0.916406 0.519907 0.039063 0.193519
0 0.616406 0.980093 0.043229 0.225000
0 0.353646 0.820833 0.052083 0.232407
0 0.367969 0.325463 0.029687 0.112037
0 0.429688 0.218519 0.031250 0.161111
0 0.789063 0.131944 0.027083 0.136111
0 0.757031 0.252315 0.028646 0.158333
0 0.735417 0.260185 0.031250 0.175926
0 0.378125 0.250000 0.027083 0.161111
0 0.507813 0.275926 0.035417 0.172222
0 0.069010 0.411111 0.025521 0.174074
0 0.078385 0.392130 0.027604 0.186111
0 0.434375 0.268981 0.032292 0.175000
0 0.455990 0.278241 0.027604 0.150926
0 0.668490 0.252778 0.022396 0.150000
0 0.620573 0.218519 0.032813 0.159259
0 0.380469 0.071296 0.027604 0.150000
0 0.041667 0.733333 0.040625 0.207407
0 0.651563 0.081019 0.031250 0.108333
0 0.296615 0.287963 0.026562 0.172222
0 0.282813 0.303704 0.035417 0.183333
0 0.242708 0.073611 0.026042 0.143519
0 0.208073 0.078704 0.024479 0.148148
0 0.292969 0.136574 0.024479 0.154630
0 0.266406 0.112963 0.029687 0.148148
0 0.199479 0.178704 0.028125 0.162963
0 0.264844 0.214815 0.027604 0.146296
0 0.166667 0.193981 0.027083 0.156481
0 0.121354 0.194444 0.025000 0.151852
0 0.152604 0.169907 0.037500 0.169444
0 0.227604 0.880556 0.051042 0.250000
