0 0.734375 0.637037 0.053125 0.224074
0 0.239062 0.345370 0.038542 0.203704
0 0.074219 0.621296 0.043229 0.233333
0 0.916146 0.519907 0.039583 0.193519
0 0.572135 0.974537 0.041146 0.249074
0 0.353646 0.820833 0.052083 0.232407
0 0.377865 0.242593 0.040104 0.103704
0 0.367969 0.325463 0.029687 0.112037
0 0.429688 0.218519 0.031250 0.161111
0 0.789583 0.131944 0.027083 0.136111
0 0.705469 0.233796 0.025521 0.145370
0 0.693750 0.243519 0.028125 0.166667
0 0.473438 0.279167 0.036458 0.176852
0 0.069010 0.410648 0.024479 0.173148
0 0.079167 0.393056 0.029167 0.187963
0 0.415104 0.305556 0.031250 0.170370
0 0.436458 0.312037 0.029167 0.161111
0 0.629687 0.229630 0.027083 0.148148
0 0.561458 0.205093 0.042708 0.156481
0 0.380469 0.071296 0.027604 0.150000
0 0.102865 0.682407 0.043229 0.200000
0 0.651563 0.081944 0.031250 0.108333
0 0.317448 0.320370 0.028646 0.177778
0 0.291667 0.335648 0.028125 0.189815
0 0.248958 0.050000 0.025000 0.140741
0 0.210938 0.050463 0.022917 0.147222
0 0.293229 0.136574 0.025000 0.154630
0 0.258854 0.108796 0.026042 0.147222
0 0.199219 0.179167 0.027604 0.162037
0 0.265625 0.250926 0.030208 0.155556
0 0.164063 0.194444 0.027083 0.157407
0 0.190625 0.163426 0.022917 0.162037
0 0.126823 0.192130 0.025521 0.152778
0 0.148698 0.170833 0.026562 0.171296
0 0.229167 0.801389 0.051042 0.245370
0 0.795573 0.000463 0.024479 0.126852
