0 0.734635 0.637037 0.053646 0.224074
0 0.240365 0.359259 0.039063 0.200000
0 0.073698 0.622685 0.043229 0.230556
0 0.916146 0.519907 0.039583 0.193519
0 0.592187 0.975926 0.042708 0.238889
0 0.353646 0.820833 0.052083 0.232407
0 0.377865 0.242593 0.040104 0.103704
0 0.367969 0.325463 0.029687 0.112037
0 0.429688 0.218519 0.031250 0.161111
0 0.789323 0.131944 0.027604 0.136111
0 0.730208 0.242130 0.027083 0.150926
0 0.713281 0.251852 0.030729 0.168519
0 0.491146 0.283333 0.036458 0.174074
0 0.069010 0.410648 0.024479 0.173148
0 0.078646 0.393056 0.028125 0.187963
0 0.423698 0.288426 0.032813 0.173148
0 0.444792 0.296759 0.026042 0.158333
0 0.646615 0.240741 0.022396 0.150000
0 0.588542 0.211574 0.034375 0.160185
0 0.380469 0.071296 0.027604 0.150000
0 0.068750 0.703241 0.031250 0.202778
0 0.651563 0.081944 0.031250 0.108333
0 0.305990 0.307407 0.027604 0.172222
0 0.290885 0.323148 0.035937 0.188889
0 0.246094 0.063426 0.026562 0.139815
0 0.208594 0.058333 0.023438 0.148148
0 0.293229 0.136574 0.025000 0.154630
0 0.264323 0.112037 0.029687 0.148148
0 0.199479 0.178704 0.028125 0.162963
0 0.263542 0.235648 0.029167 0.154630
0 0.164063 0.193519 0.027083 0.157407
0 0.189583 0.163889 0.022917 0.162963
0 0.126042 0.193519 0.025000 0.151852
0 0.147396 0.169444 0.027083 0.170370
0 0.232552 0.837963 0.048438 0.250000
0 0.787500 -0.012500 0.025000 0.126852
