0 0.734896 0.637500 0.053125 0.223148
0 0.241406 0.375463 0.040104 0.200926
0 0.074219 0.622685 0.043229 0.230556
0 0.916406 0.519907 0.039063 0.193519
0 0.614844 0.981019 0.043229 0.230556
0 0.353646 0.820833 0.052083 0.232407
0 0.367969 0.325463 0.029687 0.112037
0 0.429688 0.218519 0.031250 0.161111
0 0.789063 0.131944 0.027083 0.136111
0 0.754167 0.251389 0.027083 0.158333
0 0.733594 0.258333 0.031771 0.175926
0 0.376302 0.249537 0.027604 0.162037
0 0.505729 0.277315 0.034375 0.173148
0 0.068750 0.411111 0.025000 0.174074
0 0.078385 0.392130 0.027604 0.186111
0 0.432812 0.270370 0.032292 0.175926
0 0.454427 0.279630 0.027604 0.151852
0 0.666667 0.251852 0.022917 0.150000
0 0.617188 0.217593 0.028125 0.159259
0 0.380469 0.071296 0.027604 0.150000
0 0.044271 0.731019 0.042708 0.206481
0 0.651563 0.081019 0.031250 0.108333
0 0.297656 0.288889 0.026562 0.172222
0 0.283594 0.304630 0.035937 0.183333
0 0.243229 0.072685 0.026042 0.143519
0 0.208073 0.077778 0.024479 0.148148
0 0.292969 0.136574 0.024479 0.154630
0 0.266406 0.112963 0.029687 0.148148
0 0.199479 0.178704 0.028125 0.162963
0 0.264583 0.216667 0.028125 0.146296
0 0.166667 0.193981 0.027083 0.156481
0 0.121354 0.194444 0.025000 0.151852
0 0.153125 0.169907 0.038542 0.169444
0 0.226823 0.877315 0.051562 0.250926
0 0.770833 -0.023611 0.023958 0.126852
