0 0.733333 0.637037 0.053125 0.224074
0 0.238802 0.303704 0.039063 0.201852
0 0.072917 0.621296 0.047917 0.229630
0 0.916146 0.519907 0.039583 0.193519
0 0.527344 0.974074 0.035937 0.251852
0 0.353646 0.820833 0.052083 0.232407
0 0.377865 0.242593 0.040104 0.103704
0 0.367969 0.325463 0.029687 0.112037
0 0.429688 0.218519 0.031250 0.161111
0 0.790104 0.131481 0.027083 0.137037
0 0.653125 0.211111 0.022917 0.151852
0 0.624479 0.221759 0.036458 0.169444
0 0.292187 0.202315 0.029167 0.145370
0 0.476823 0.242130 0.044271 0.173148
0 0.069271 0.410648 0.025000 0.173148
0 0.079687 0.392593 0.030208 0.187037
0 0.408073 0.353704 0.035937 0.183333
0 0.434375 0.360648 0.036458 0.167593
0 0.567448 0.204630 0.028646 0.146296
0 0.482292 0.186111 0.022917 0.157407
0 0.380469 0.071296 0.027604 0.150000
0 0.136719 0.604630 0.030729 0.188889
0 0.651563 0.082407 0.031250 0.109259
0 0.329948 0.373611 0.030729 0.176852
0 0.288542 0.382407 0.034375 0.194444
0 0.252083 0.017130 0.026042 0.137963
0 0.293490 0.136574 0.024479 0.154630
0 0.222656 0.112500 0.033854 0.147222
0 0.198958 0.178241 0.027083 0.162037
0 0.292708 0.301389 0.030208 0.154630
0 0.164063 0.195370 0.027083 0.157407
0 0.187500 0.163889 0.022917 0.161111
0 0.124479 0.193519 0.028125 0.151852
0 0.146875 0.172685 0.027083 0.169444
0 0.191406 0.028241 0.027604 0.149074
0 0.237500 0.698148 0.047917 0.235185
0 0.814323 0.031481 0.028646 0.125926
0 0.050781 0.697685 0.059896 0.225000
