0 0.734896 0.637500 0.053125 0.223148
0 0.242708 0.387963 0.040625 0.211111
0 0.074740 0.623148 0.043229 0.229630
0 0.916406 0.519907 0.039063 0.193519
0 0.621354 0.979167 0.043750 0.208333
0 0.353646 0.820833 0.052083 0.232407
0 0.367969 0.325463 0.029687 0.112037
0 0.429688 0.218519 0.031250 0.161111
0 0.789063 0.131944 0.027083 0.136111
0 0.765885 0.255556 0.031771 0.159259
0 0.741667 0.265741 0.029167 0.177778
0 0.383333 0.251852 0.026042 0.161111
0 0.514583 0.272685 0.037500 0.171296
0 0.069792 0.412037 0.026042 0.175926
0 0.078385 0.392130 0.027604 0.186111
0 0.438802 0.265741 0.031771 0.174074
0 0.460417 0.274537 0.028125 0.149074
0 0.674219 0.257407 0.022396 0.150000
0 0.630990 0.222222 0.047396 0.157407
0 0.380469 0.071296 0.027604 0.150000
0 0.296094 0.022685 0.020313 0.119444
0 0.033594 0.740741 0.033854 0.207407
0 0.651563 0.081019 0.031250 0.108333
0 0.293229 0.285185 0.026042 0.172222
0 0.280469 0.301389 0.034896 0.184259
0 0.240885 0.076852 0.025521 0.144444
0 0.208073 0.080556 0.024479 0.148148
0 0.292969 0.136574 0.024479 0.154630
0 0.266667 0.112963 0.029167 0.148148
0 0.199479 0.178704 0.028125 0.162963
0 0.265365 0.210648 0.026562 0.147222
0 0.167187 0.194907 0.027083 0.156481
0 0.121615 0.196296 0.025521 0.151852
0 0.151302 0.169907 0.034896 0.169444
0 0.230469 0.891667 0.049479 0.246296
