0 0.734635 0.637037 0.053646 0.224074
0 0.241146 0.370833 0.039583 0.204630
0 0.074219 0.622685 0.043229 0.230556
0 0.916146 0.519907 0.039583 0.193519
0 0.605729 0.979630 0.042708 0.237037
0 0.353646 0.820833 0.052083 0.232407
0 0.377865 0.242593 0.040104 0.103704
0 0.367969 0.325463 0.029687 0.112037
0 0.429688 0.218519 0.031250 0.161111
0 0.789063 0.131944 0.027083 0.136111
0 0.744271 0.245833 0.027083 0.154630
0 0.725260 0.255093 0.033854 0.171296
0 0.369531 0.245370 0.023438 0.157407
0 0.500781 0.280556 0.034896 0.174074
0 0.068750 0.410648 0.025000 0.173148
0 0.078385 0.392593 0.027604 0.187037
0 0.428906 0.277778 0.032813 0.174074
0 0.450260 0.286574 0.026562 0.154630
0 0.658333 0.247222 0.022917 0.150000
0 0.605729 0.215741 0.034375 0.159259
0 0.380469 0.071296 0.027604 0.150000
0 0.053906 0.719444 0.039063 0.205556
0 0.651563 0.081019 0.031250 0.108333
0 0.300781 0.297685 0.026562 0.171296
0 0.287500 0.311574 0.036458 0.184259
0 0.245312 0.068056 0.027083 0.141667
0 0.208073 0.070370 0.024479 0.148148
0 0.292969 0.136574 0.024479 0.154630
0 0.266406 0.112963 0.029687 0.148148
0 0.199479 0.178704 0.028125 0.162963
0 0.264062 0.224537 0.028125 0.149074
0 0.165104 0.193519 0.027083 0.157407
0 0.189062 0.161574 0.022917 0.160185
0 0.122656 0.194444 0.025521 0.151852
0 0.150521 0.169444 0.033333 0.168519
0 0.230990 0.860185 0.051562 0.250000
0 0.778385 -0.018519 0.024479 0.127778
