0 0.733854 0.637037 0.053125 0.224074
0 0.238542 0.327778 0.039583 0.203704
0 0.074479 0.621296 0.041667 0.229630
0 0.916146 0.519907 0.039583 0.193519
0 0.554427 0.964815 0.035937 0.253704
0 0.353646 0.820833 0.052083 0.232407
0 0.377865 0.242593 0.040104 0.103704
0 0.367969 0.325463 0.029687 0.112037
0 0.429688 0.218519 0.031250 0.161111
0 0.789583 0.131481 0.027083 0.137037
0 0.684635 0.229167 0.025521 0.147222
0 0.666406 0.237037 0.028646 0.164815
0 0.313281 0.226389 0.034896 0.156481
0 0.462500 0.267593 0.037500 0.172222
0 0.069010 0.410648 0.024479 0.173148
0 0.079687 0.393056 0.030208 0.187963
0 0.408333 0.325926 0.035417 0.181481
0 0.431771 0.334722 0.030208 0.167593
0 0.604427 0.219444 0.024479 0.148148
0 0.532552 0.200000 0.041146 0.157407
0 0.380469 0.071296 0.027604 0.150000
0 0.125000 0.654630 0.032292 0.198148
0 0.651563 0.082407 0.031250 0.109259
0 0.326562 0.337963 0.030208 0.175926
0 0.291927 0.349537 0.033854 0.189815
0 0.249479 0.039352 0.026042 0.137963
0 0.215104 0.037500 0.022917 0.147222
0 0.293229 0.136574 0.025000 0.154630
0 0.241406 0.113889 0.032813 0.150000
0 0.199219 0.179167 0.027604 0.162037
0 0.273958 0.273148 0.029167 0.155556
0 0.164063 0.195370 0.027083 0.157407
0 0.189844 0.162963 0.023438 0.159259
0 0.124479 0.193519 0.028125 0.151852
0 0.146094 0.172685 0.028646 0.169444
0 0.196875 0.012963 0.022917 0.142593
0 0.235677 0.761111 0.048438 0.246296
0 0.803646 0.014352 0.025000 0.126852
