0 0.734375 0.637037 0.053125 0.224074
0 0.239062 0.348148 0.038542 0.203704
0 0.073698 0.621759 0.043229 0.232407
0 0.916146 0.519907 0.039583 0.193519
0 0.575781 0.975463 0.042188 0.247222
0 0.353646 0.820833 0.052083 0.232407
0 0.377865 0.242593 0.040104 0.103704
0 0.367969 0.325463 0.029687 0.112037
0 0.429688 0.218519 0.031250 0.161111
0 0.789583 0.131944 0.027083 0.136111
0 0.709375 0.234259 0.026042 0.146296
0 0.697656 0.244444 0.026562 0.166667
0 0.477083 0.281944 0.039583 0.178704
0 0.069010 0.410648 0.024479 0.173148
0 0.078906 0.393056 0.028646 0.187963
0 0.416406 0.301852 0.030729 0.170370
0 0.436979 0.308333 0.028125 0.159259
0 0.633594 0.231019 0.027604 0.149074
0 0.565625 0.206944 0.043750 0.158333
0 0.380469 0.071296 0.027604 0.150000
0 0.098177 0.687037 0.044271 0.200000
0 0.651563 0.081944 0.031250 0.108333
0 0.315625 0.317130 0.028125 0.176852
0 0.291406 0.332870 0.028646 0.189815
0 0.247656 0.052778 0.024479 0.140741
0 0.210417 0.053241 0.022917 0.147222
0 0.293229 0.136574 0.025000 0.154630
0 0.260937 0.108796 0.027083 0.147222
0 0.199219 0.179167 0.027604 0.162037
0 0.264323 0.247685 0.030729 0.156481
0 0.164063 0.194444 0.027083 0.157407
0 0.190104 0.163889 0.022917 0.162963
0 0.127083 0.192130 0.025000 0.152778
0 0.148698 0.169907 0.026562 0.171296
0 0.227344 0.810648 0.052604 0.247222
0 0.793490 -0.001389 0.024479 0.126852
