0 0.734896 0.637500 0.053125 0.223148
0 0.242188 0.387963 0.040625 0.211111
0 0.074740 0.623148 0.043229 0.229630
0 0.916406 0.519907 0.039063 0.193519
0 0.621875 0.980093 0.043750 0.208333
0 0.353646 0.820833 0.052083 0.232407
0 0.367969 0.325463 0.029687 0.112037
0 0.429688 0.218519 0.031250 0.161111
0 0.789063 0.131944 0.027083 0.136111
0 0.766667 0.255556 0.031250 0.159259
0 0.742188 0.265741 0.029167 0.177778
0 0.384375 0.251852 0.027083 0.161111
0 0.515104 0.271759 0.037500 0.171296
0 0.070052 0.412037 0.025521 0.175926
0 0.078125 0.392130 0.027083 0.186111
0 0.439323 0.264352 0.031771 0.173148
0 0.460938 0.273148 0.028125 0.150000
0 0.675260 0.257407 0.022396 0.150000
0 0.632031 0.222222 0.045312 0.157407
0 0.380469 0.070833 0.027604 0.150926
0 0.296094 0.022685 0.020313 0.119444
0 0.033073 0.741667 0.033854 0.207407
0 0.651563 0.081019 0.031250 0.108333
0 0.292187 0.283333 0.026042 0.172222
0 0.280208 0.299537 0.035417 0.184259
0 0.240885 0.076852 0.025521 0.144444
0 0.208073 0.081481 0.024479 0.148148
0 0.292969 0.136574 0.024479 0.154630
0 0.266667 0.112963 0.029167 0.148148
0 0.199479 0.178704 0.028125 0.162963
0 0.265104 0.208796 0.027083 0.147222
0 0.166667 0.193981 0.027083 0.156481
0 0.188542 0.160185 0.022917 0.159259
0 0.121615 0.196296 0.025521 0.151852
0 0.151042 0.169907 0.034375 0.169444
0 0.230990 0.893519 0.049479 0.246296
