0 0.734375 0.637037 0.053125 0.224074
0 0.239062 0.342593 0.038542 0.203704
0 0.074219 0.620370 0.043229 0.233333
0 0.916146 0.519907 0.039583 0.193519
0 0.569010 0.973611 0.039063 0.250926
0 0.353646 0.820833 0.052083 0.232407
0 0.377865 0.242593 0.040104 0.103704
0 0.367969 0.325463 0.029687 0.112037
0 0.429688 0.218519 0.031250 0.161111
0 0.789583 0.131944 0.027083 0.136111
0 0.701823 0.235648 0.025521 0.145370
0 0.689844 0.243056 0.029687 0.165741
0 0.329688 0.237500 0.033333 0.145370
0 0.470573 0.278241 0.035937 0.176852
0 0.069010 0.410648 0.024479 0.173148
0 0.079167 0.393056 0.029167 0.187963
0 0.413802 0.310185 0.032813 0.172222
0 0.436198 0.316204 0.030729 0.163889
0 0.625260 0.228241 0.026562 0.149074
0 0.557031 0.202315 0.036979 0.156481
0 0.380469 0.071296 0.027604 0.150000
0 0.106510 0.676852 0.039063 0.200000
0 0.651563 0.081944 0.031250 0.108333
0 0.319271 0.324074 0.029167 0.177778
0 0.291667 0.338426 0.028125 0.189815
0 0.250000 0.047685 0.026042 0.139815
0 0.210938 0.046759 0.022917 0.147222
0 0.293229 0.136574 0.025000 0.154630
0 0.255990 0.109259 0.025521 0.148148
0 0.199219 0.179167 0.027604 0.162037
0 0.266927 0.255093 0.029687 0.156481
0 0.164063 0.194444 0.027083 0.157407
0 0.190625 0.162500 0.022917 0.160185
0 0.126562 0.192130 0.026042 0.152778
0 0.148438 0.170833 0.027083 0.171296
0 0.230729 0.792130 0.048958 0.243519
0 0.797917 0.002315 0.025000 0.126852
