0 0.733854 0.637037 0.053125 0.224074
0 0.238542 0.316667 0.039583 0.203704
0 0.073958 0.621296 0.043750 0.229630
0 0.916146 0.519907 0.039583 0.193519
0 0.542188 0.969907 0.035417 0.260185
0 0.353646 0.820833 0.052083 0.232407
0 0.377865 0.242593 0.040104 0.103704
0 0.367969 0.325463 0.029687 0.112037
0 0.429688 0.218519 0.031250 0.161111
0 0.789583 0.131481 0.027083 0.137037
0 0.670573 0.225463 0.026562 0.147222
0 0.649219 0.232870 0.031771 0.165741
0 0.302344 0.219907 0.033854 0.158333
0 0.467708 0.259722 0.039583 0.169444
0 0.069010 0.410648 0.024479 0.173148
0 0.079948 0.393056 0.030729 0.187963
0 0.405990 0.336574 0.034896 0.180556
0 0.432031 0.346296 0.031771 0.168519
0 0.592448 0.214352 0.021354 0.147222
0 0.511719 0.192593 0.029687 0.157407
0 0.380469 0.071296 0.027604 0.150000
0 0.135677 0.637963 0.034896 0.198148
0 0.651563 0.082407 0.031250 0.109259
0 0.329948 0.351389 0.029687 0.173148
0 0.290365 0.362500 0.031771 0.193519
0 0.250000 0.030093 0.026042 0.137963
0 0.219792 0.026389 0.022917 0.147222
0 0.293229 0.136574 0.025000 0.154630
0 0.235677 0.112963 0.028646 0.148148
0 0.199219 0.179167 0.027604 0.162037
0 0.279427 0.284259 0.028646 0.155556
0 0.164063 0.195370 0.027083 0.157407
0 0.188802 0.164352 0.023438 0.162037
0 0.124479 0.193519 0.028125 0.151852
0 0.146354 0.172685 0.028125 0.169444
0 0.193490 0.024074 0.023438 0.146296
0 0.234896 0.731944 0.047917 0.237963
0 0.805208 0.026389 0.025000 0.126852
0 0.012500 0.673611 0.054167 0.221296
