0 0.733854 0.637037 0.053125 0.224074
0 0.238542 0.315741 0.039583 0.203704
0 0.073698 0.621296 0.044271 0.229630
0 0.916146 0.519907 0.039583 0.193519
0 0.540104 0.970370 0.035417 0.259259
0 0.353646 0.820833 0.052083 0.232407
0 0.377865 0.242593 0.040104 0.103704
0 0.367969 0.325463 0.029687 0.112037
0 0.429688 0.218519 0.031250 0.161111
0 0.789844 0.131481 0.027604 0.137037
0 0.668750 0.224537 0.025000 0.149074
0 0.647656 0.231019 0.030729 0.165741
0 0.301302 0.217593 0.033854 0.157407
0 0.468750 0.256481 0.039583 0.168519
0 0.069010 0.410648 0.024479 0.173148
0 0.079948 0.393056 0.030729 0.187963
0 0.405990 0.339352 0.034896 0.180556
0 0.432292 0.349074 0.033333 0.168519
0 0.590104 0.213426 0.021875 0.147222
0 0.509375 0.192593 0.033333 0.157407
0 0.380469 0.071296 0.027604 0.150000
0 0.136458 0.634259 0.034375 0.198148
0 0.651563 0.082407 0.031250 0.109259
0 0.330469 0.354630 0.029687 0.174074
0 0.290625 0.363889 0.031250 0.192593
0 0.250521 0.029167 0.026042 0.137963
0 0.220052 0.024537 0.023438 0.147222
0 0.293229 0.136574 0.025000 0.154630
0 0.234115 0.112963 0.029687 0.148148
0 0.199219 0.179167 0.027604 0.162037
0 0.280990 0.287037 0.028646 0.155556
0 0.164063 0.195370 0.027083 0.157407
0 0.188802 0.164815 0.023438 0.162963
0 0.124479 0.193519 0.028125 0.151852
0 0.146354 0.172685 0.028125 0.169444
0 0.192969 0.024537 0.024479 0.145370
0 0.235677 0.725926 0.046354 0.235185
0 0.805729 0.027315 0.025000 0.126852
0 0.019531 0.675926 0.056771 0.220370
