0 0.734115 0.637037 0.053646 0.224074
0 0.238802 0.333333 0.039063 0.203704
0 0.074479 0.619907 0.042708 0.232407
0 0.916146 0.519907 0.039583 0.193519
0 0.559375 0.968056 0.036458 0.252778
0 0.353646 0.820833 0.052083 0.232407
0 0.377865 0.242593 0.040104 0.103704
0 0.367969 0.325463 0.029687 0.112037
0 0.429688 0.218519 0.031250 0.161111
0 0.789583 0.131481 0.027083 0.137037
0 0.690625 0.233333 0.025000 0.146296
0 0.675521 0.239815 0.030208 0.164815
0 0.319531 0.231481 0.032813 0.151852
0 0.463802 0.272685 0.035937 0.175000
0 0.069010 0.410648 0.024479 0.173148
0 0.079427 0.393056 0.029687 0.187963
0 0.410156 0.321296 0.035937 0.177778
0 0.434115 0.329167 0.031771 0.167593
0 0.611719 0.223148 0.024479 0.148148
0 0.538021 0.202315 0.037500 0.156481
0 0.380469 0.071296 0.027604 0.150000
0 0.118229 0.662037 0.032292 0.198148
0 0.651563 0.081944 0.031250 0.108333
0 0.324479 0.333796 0.030208 0.176852
0 0.292187 0.345833 0.031250 0.189815
0 0.250781 0.041667 0.026562 0.138889
0 0.213021 0.039352 0.022917 0.147222
0 0.293229 0.136574 0.025000 0.154630
0 0.246615 0.112037 0.028646 0.150000
0 0.199219 0.179167 0.027604 0.162037
0 0.271354 0.267593 0.029167 0.155556
0 0.164063 0.195370 0.027083 0.157407
0 0.190625 0.162500 0.022917 0.158333
0 0.125260 0.192593 0.027604 0.151852
0 0.146875 0.172222 0.028125 0.170370
0 0.198437 0.011111 0.022917 0.142593
0 0.235677 0.772685 0.046354 0.245370
0 0.802604 0.008796 0.025000 0.126852
