0 0.733594 0.637037 0.053646 0.224074
0 0.238542 0.306481 0.039583 0.201852
0 0.073177 0.621296 0.047396 0.229630
0 0.916146 0.519907 0.039583 0.193519
0 0.529948 0.973611 0.035937 0.252778
0 0.353646 0.820833 0.052083 0.232407
0 0.377865 0.242593 0.040104 0.103704
0 0.367969 0.325463 0.029687 0.112037
0 0.429688 0.218519 0.031250 0.161111
0 0.790104 0.131481 0.027083 0.137037
0 0.657292 0.213426 0.020833 0.150926
0 0.629427 0.224537 0.035937 0.169444
0 0.294792 0.205093 0.029167 0.147222
0 0.475000 0.245833 0.044792 0.171296
0 0.069010 0.410648 0.024479 0.173148
0 0.080208 0.393056 0.031250 0.187963
0 0.407292 0.349074 0.036458 0.181481
0 0.433854 0.357407 0.036458 0.166667
0 0.572656 0.206019 0.027604 0.145370
0 0.488802 0.187500 0.025521 0.158333
0 0.380469 0.071296 0.027604 0.150000
0 0.137240 0.609722 0.030729 0.189815
0 0.651563 0.082407 0.031250 0.109259
0 0.330208 0.369907 0.030208 0.176852
0 0.289583 0.376852 0.032292 0.192593
0 0.251563 0.019907 0.026042 0.137963
0 0.293490 0.136574 0.024479 0.154630
0 0.224479 0.112963 0.033333 0.146296
0 0.198958 0.179167 0.027083 0.162037
0 0.290104 0.298611 0.030208 0.154630
0 0.164063 0.195370 0.027083 0.157407
0 0.188021 0.164352 0.022917 0.162037
0 0.124479 0.193519 0.028125 0.151852
0 0.146615 0.172685 0.027604 0.169444
0 0.191146 0.026852 0.027083 0.148148
0 0.241406 0.708333 0.046354 0.235185
0 0.812240 0.029630 0.027604 0.125926
0 0.044531 0.688426 0.059896 0.221296
