0 0.733854 0.637037 0.053125 0.224074
0 0.238542 0.308796 0.039583 0.202778
0 0.073438 0.621296 0.046875 0.229630
0 0.916146 0.519907 0.039583 0.193519
0 0.531771 0.972685 0.035417 0.254630
0 0.353646 0.820833 0.052083 0.232407
0 0.377865 0.242593 0.040104 0.103704
0 0.367969 0.325463 0.029687 0.112037
0 0.429688 0.218519 0.031250 0.161111
0 0.790104 0.131481 0.027083 0.137037
0 0.659375 0.216204 0.020833 0.150926
0 0.634896 0.225000 0.033333 0.168519
0 0.296354 0.207407 0.031250 0.150000
0 0.473698 0.246759 0.042188 0.169444
0 0.069010 0.410648 0.024479 0.173148
0 0.080208 0.393056 0.031250 0.187963
0 0.406771 0.348148 0.036458 0.181481
0 0.433594 0.356944 0.035937 0.167593
0 0.576562 0.207407 0.026042 0.144444
0 0.494010 0.189352 0.031771 0.158333
0 0.380469 0.071296 0.027604 0.150000
0 0.137760 0.615741 0.031771 0.192593
0 0.651563 0.082407 0.031250 0.109259
0 0.330990 0.367130 0.029687 0.176852
0 0.290104 0.373611 0.031250 0.191667
0 0.251563 0.022685 0.026042 0.137963
0 0.293490 0.136574 0.024479 0.154630
0 0.226563 0.112963 0.032292 0.146296
0 0.198958 0.179167 0.027083 0.162037
0 0.288021 0.296296 0.029167 0.155556
0 0.164063 0.195370 0.027083 0.157407
0 0.188021 0.164815 0.022917 0.162963
0 0.124479 0.193519 0.028125 0.151852
0 0.146615 0.172685 0.027604 0.169444
0 0.191406 0.026389 0.026562 0.147222
0 0.239844 0.710648 0.045312 0.234259
0 0.810156 0.029630 0.026562 0.125926
0 0.039583 0.684722 0.059375 0.219444
