0 0.733333 0.637037 0.053125 0.224074
0 0.238802 0.302315 0.039063 0.200926
0 0.072917 0.621296 0.048958 0.229630
0 0.916146 0.519907 0.039583 0.193519
0 0.525781 0.974537 0.035937 0.250926
0 0.353646 0.820833 0.052083 0.232407
0 0.377865 0.242593 0.040104 0.103704
0 0.367969 0.325463 0.029687 0.112037
0 0.429688 0.218519 0.031250 0.161111
0 0.790104 0.131481 0.027083 0.137037
0 0.650781 0.211111 0.025521 0.151852
0 0.623177 0.219907 0.034896 0.169444
0 0.290885 0.200926 0.029687 0.146296
0 0.477865 0.239352 0.042188 0.173148
0 0.069271 0.410648 0.025000 0.173148
0 0.079427 0.392593 0.029687 0.187037
0 0.408333 0.356481 0.035417 0.185185
0 0.434896 0.362963 0.036458 0.170370
0 0.564063 0.203704 0.028125 0.146296
0 0.380469 0.071296 0.027604 0.150000
0 0.136198 0.602778 0.030729 0.190741
0 0.651563 0.082407 0.031250 0.109259
0 0.329948 0.375000 0.030729 0.175926
0 0.287760 0.384722 0.035937 0.195370
0 0.252604 0.015278 0.026042 0.137963
0 0.293490 0.136574 0.024479 0.154630
0 0.221615 0.112500 0.033854 0.147222
0 0.198958 0.178241 0.027083 0.162037
0 0.294010 0.303241 0.029687 0.154630
0 0.164063 0.195370 0.027083 0.157407
0 0.187500 0.163889 0.022917 0.161111
0 0.124479 0.193519 0.028125 0.151852
0 0.147135 0.172685 0.026562 0.169444
0 0.191927 0.029630 0.027604 0.148148
0 0.235677 0.693056 0.048438 0.234259
0 0.815365 0.032407 0.028646 0.125926
0 0.053906 0.702315 0.059896 0.226852
