0 0.733854 0.637037 0.053125 0.224074
0 0.238542 0.317593 0.039583 0.203704
0 0.073958 0.621296 0.043750 0.229630
0 0.916146 0.519907 0.039583 0.193519
0 0.543229 0.969907 0.035417 0.260185
0 0.353646 0.820833 0.052083 0.232407
0 0.377865 0.242593 0.040104 0.103704
0 0.367969 0.325463 0.029687 0.112037
0 0.429688 0.218519 0.031250 0.161111
0 0.789583 0.131481 0.027083 0.137037
0 0.671615 0.226389 0.027604 0.147222
0 0.650000 0.233796 0.032292 0.165741
0 0.302865 0.221296 0.033854 0.159259
0 0.467448 0.261111 0.040104 0.170370
0 0.069010 0.410648 0.024479 0.173148
0 0.079948 0.393056 0.030729 0.187963
0 0.406250 0.335648 0.034375 0.180556
0 0.431771 0.344907 0.031250 0.167593
0 0.593750 0.214815 0.021875 0.146296
0 0.513021 0.192593 0.027083 0.157407
0 0.380469 0.071296 0.027604 0.150000
0 0.135417 0.639815 0.035417 0.198148
0 0.651563 0.082407 0.031250 0.109259
0 0.329688 0.350000 0.029167 0.172222
0 0.290625 0.362037 0.032292 0.194444
0 0.250000 0.031019 0.026042 0.137963
0 0.219792 0.028241 0.022917 0.147222
0 0.293229 0.136574 0.025000 0.154630
0 0.236719 0.112963 0.028646 0.148148
0 0.199219 0.179167 0.027604 0.162037
0 0.278646 0.283333 0.029167 0.155556
0 0.164063 0.195370 0.027083 0.157407
0 0.188802 0.164352 0.023438 0.162037
0 0.124479 0.193519 0.028125 0.151852
0 0.146354 0.172685 0.028125 0.169444
0 0.193750 0.024074 0.022917 0.146296
0 0.234375 0.734722 0.048958 0.237963
0 0.804948 0.025463 0.024479 0.126852
0 0.009375 0.673148 0.053125 0.222222
