0 0.764323 0.641667 0.049479 0.227778
0 0.255469 0.236111 0.038021 0.190741
0 0.115625 0.645833 0.044792 0.232407
0 0.915885 0.519907 0.040104 0.193519
0 0.514062 0.974537 0.044792 0.249074
0 0.377865 0.242593 0.040104 0.103704
0 0.367969 0.325463 0.029687 0.112037
0 0.429427 0.218519 0.030729 0.161111
0 0.781510 0.107407 0.026562 0.135185
0 0.594531 0.166204 0.030729 0.150926
0 0.557813 0.179167 0.031250 0.167593
0 0.279687 0.187963 0.026042 0.164815
0 0.507552 0.165278 0.034896 0.163889
0 0.069531 0.410648 0.025521 0.173148
0 0.051562 0.393056 0.042708 0.187963
0 0.443229 0.439352 0.043750 0.200926
0 0.477083 0.441667 0.038542 0.179630
0 0.460677 0.172685 0.020313 0.139815
0 0.403906 0.172222 0.023438 0.159259
0 0.380469 0.072685 0.026562 0.149074
0 0.136198 0.490741 0.030729 0.185185
0 0.651563 0.082407 0.031250 0.109259
0 0.310156 0.474537 0.032813 0.195370
0 0.264323 0.468519 0.038021 0.207407
0 0.294010 0.136574 0.023438 0.154630
0 0.197917 0.182407 0.026042 0.161111
0 0.388281 0.392593 0.035937 0.168519
0 0.164583 0.194907 0.027083 0.156481
0 0.188542 0.165741 0.022917 0.162963
0 0.127083 0.193519 0.030208 0.150000
0 0.141667 0.175926 0.023958 0.170370
0 0.465625 -0.020370 0.018750 0.131481
0 0.215365 0.083796 0.029687 0.147222
0 0.220833 0.544907 0.046875 0.219444
0 0.987500 0.641204 0.038542 0.213889
0 0.868490 0.087037 0.029687 0.135185
0 0.794792 -0.012500 0.022917 0.119444
0 0.157552 0.845833 0.045312 0.250926
0 0.162500 0.776389 0.047917 0.239815
