0 0.754687 0.633333 0.051042 0.225926
0 0.254688 0.246296 0.038542 0.192593
0 0.100781 0.640278 0.044271 0.230556
0 0.915885 0.519907 0.040104 0.193519
0 0.510156 0.969907 0.041146 0.256481
0 0.377865 0.242593 0.040104 0.103704
0 0.429427 0.218519 0.030729 0.161111
0 0.784115 0.112963 0.026562 0.135185
0 0.605208 0.167593 0.026042 0.151852
0 0.566667 0.186574 0.028125 0.173148
0 0.281510 0.190278 0.029687 0.165741
0 0.505990 0.173611 0.034896 0.162037
0 0.069531 0.410648 0.025521 0.173148
0 0.050260 0.393056 0.045312 0.187963
0 0.438281 0.420833 0.042188 0.193519
0 0.472656 0.425463 0.041146 0.175000
0 0.471875 0.173148 0.025000 0.140741
0 0.406510 0.170370 0.024479 0.157407
0 0.380469 0.072685 0.026562 0.149074
0 0.134635 0.510648 0.030729 0.186111
0 0.651563 0.082407 0.031250 0.109259
0 0.314323 0.454630 0.032813 0.187037
0 0.271354 0.454167 0.035417 0.208333
0 0.235937 -0.019907 0.032292 0.136111
0 0.293750 0.136574 0.023958 0.154630
0 0.198437 0.181481 0.026042 0.161111
0 0.371615 0.374074 0.026562 0.161111
0 0.164583 0.194907 0.027083 0.156481
0 0.188281 0.165278 0.023438 0.162037
0 0.124479 0.193519 0.028125 0.151852
0 0.141406 0.174074 0.022396 0.168519
0 0.208594 0.079167 0.030729 0.147222
0 0.222135 0.559259 0.044271 0.218519
0 0.990625 0.662963 0.039583 0.214815
0 0.863542 0.084722 0.032292 0.136111
0 0.787240 -0.019907 0.022396 0.117593
0 0.147656 0.822222 0.046354 0.250000
0 0.140885 0.749074 0.044271 0.235185
