0 0.751823 0.633333 0.051562 0.225926
0 0.254427 0.248611 0.038021 0.193519
0 0.096615 0.638889 0.044271 0.229630
0 0.915885 0.519907 0.040104 0.193519
0 0.508073 0.969444 0.040104 0.257407
0 0.377865 0.242593 0.040104 0.103704
0 0.429427 0.218519 0.030729 0.161111
0 0.784115 0.115741 0.026562 0.135185
0 0.607292 0.170370 0.026042 0.151852
0 0.568750 0.187963 0.028125 0.172222
0 0.281250 0.190278 0.029167 0.165741
0 0.505729 0.176389 0.035417 0.162037
0 0.069271 0.410648 0.025000 0.173148
0 0.050260 0.393056 0.045312 0.187963
0 0.436719 0.418519 0.042188 0.192593
0 0.470573 0.422685 0.041146 0.175000
0 0.475000 0.173611 0.025000 0.141667
0 0.408073 0.170370 0.024479 0.157407
0 0.380469 0.072685 0.026562 0.149074
0 0.133854 0.512500 0.030208 0.184259
0 0.651563 0.082407 0.031250 0.109259
0 0.315885 0.451852 0.032813 0.187037
0 0.271615 0.450926 0.035937 0.207407
0 0.233073 -0.020833 0.029687 0.137963
0 0.293750 0.136574 0.023958 0.154630
0 0.198437 0.181019 0.026042 0.162037
0 0.367708 0.371296 0.027083 0.161111
0 0.164583 0.194907 0.027083 0.156481
0 0.188021 0.165278 0.023958 0.162037
0 0.124479 0.193519 0.028125 0.151852
0 0.141927 0.173611 0.022396 0.167593
0 0.206771 0.076389 0.030208 0.147222
0 0.223437 0.563889 0.043750 0.218519
0 0.991146 0.666667 0.039583 0.214815
0 0.859375 0.081481 0.032292 0.135185
0 0.785677 -0.021759 0.022396 0.117593
0 0.145573 0.817130 0.046354 0.250926
0 0.135156 0.743981 0.047396 0.234259
