0 0.765885 0.643519 0.049479 0.227778
0 0.255469 0.234259 0.038021 0.190741
0 0.118229 0.646759 0.044792 0.232407
0 0.915885 0.519907 0.040104 0.193519
0 0.513542 0.974537 0.045833 0.249074
0 0.377865 0.242593 0.040104 0.103704
0 0.367969 0.325463 0.029687 0.112037
0 0.429427 0.218519 0.030729 0.161111
0 0.780990 0.105556 0.026562 0.135185
0 0.592969 0.164815 0.029687 0.150000
0 0.556250 0.178241 0.031250 0.167593
0 0.279687 0.186574 0.026042 0.163889
0 0.507292 0.162963 0.034375 0.162963
0 0.069531 0.410648 0.025521 0.173148
0 0.051562 0.393056 0.042708 0.187963
0 0.443750 0.440278 0.044792 0.199074
0 0.477604 0.443519 0.038542 0.179630
0 0.459115 0.173148 0.020313 0.140741
0 0.403646 0.172222 0.022917 0.159259
0 0.380469 0.072685 0.026562 0.149074
0 0.136198 0.487500 0.030729 0.184259
0 0.651563 0.082407 0.031250 0.109259
0 0.309115 0.476389 0.032813 0.195370
0 0.263281 0.469444 0.036979 0.205556
0 0.294010 0.136574 0.023438 0.154630
0 0.197917 0.182407 0.026042 0.161111
0 0.392969 0.395370 0.035937 0.170370
0 0.164583 0.194907 0.027083 0.156481
0 0.188542 0.165741 0.022917 0.162963
0 0.127604 0.193519 0.029167 0.150000
0 0.141667 0.175926 0.023958 0.170370
0 0.465104 -0.019444 0.018750 0.133333
0 0.216667 0.085648 0.029167 0.147222
0 0.222656 0.541667 0.046354 0.218519
0 0.986458 0.640278 0.037500 0.213889
0 0.869531 0.089352 0.029687 0.136111
0 0.796875 -0.012037 0.022917 0.120370
0 0.159635 0.851389 0.045312 0.252778
0 0.166667 0.781481 0.048958 0.240741
