0 0.750781 0.633796 0.051562 0.225000
0 0.254167 0.249537 0.038542 0.193519
0 0.095312 0.638426 0.043750 0.228704
0 0.915885 0.519907 0.040104 0.193519
0 0.507813 0.968981 0.039583 0.258333
0 0.377865 0.242593 0.040104 0.103704
0 0.429427 0.218519 0.030729 0.161111
0 0.784115 0.116667 0.026562 0.135185
0 0.608073 0.171759 0.025521 0.152778
0 0.569531 0.188426 0.028646 0.171296
0 0.281250 0.190278 0.029167 0.165741
0 0.505469 0.177778 0.035937 0.162963
0 0.069271 0.410648 0.025000 0.173148
0 0.050260 0.393056 0.045312 0.187963
0 0.436198 0.418056 0.042188 0.191667
0 0.469792 0.422222 0.040625 0.175926
0 0.476042 0.174074 0.025000 0.140741
0 0.408594 0.170370 0.024479 0.157407
0 0.380469 0.072685 0.026562 0.149074
0 0.133594 0.513426 0.030729 0.184259
0 0.651563 0.082407 0.031250 0.109259
0 0.316406 0.451389 0.032813 0.187963
0 0.271875 0.450000 0.036458 0.207407
0 0.272396 -0.025463 0.026042 0.137963
0 0.232292 -0.021296 0.028125 0.138889
0 0.293750 0.136574 0.023958 0.154630
0 0.198437 0.181019 0.026042 0.162037
0 0.366146 0.370370 0.027083 0.161111
0 0.164583 0.194907 0.027083 0.156481
0 0.188021 0.165278 0.023958 0.162037
0 0.124479 0.193519 0.028125 0.151852
0 0.142187 0.173611 0.022917 0.167593
0 0.205990 0.075463 0.029687 0.147222
0 0.223958 0.566667 0.043750 0.218519
0 0.991406 0.666667 0.039063 0.214815
0 0.858333 0.080556 0.032292 0.135185
0 0.785677 -0.021759 0.022396 0.117593
0 0.144010 0.814815 0.046354 0.250000
0 0.133333 0.742593 0.048958 0.233333
