0 0.756250 0.634259 0.051042 0.225926
0 0.254688 0.244444 0.038542 0.192593
0 0.103385 0.641204 0.044271 0.230556
0 0.915885 0.519907 0.040104 0.193519
0 0.510938 0.970370 0.041667 0.255556
0 0.377865 0.242593 0.040104 0.103704
0 0.429427 0.218519 0.030729 0.161111
0 0.784115 0.111111 0.026562 0.135185
0 0.603125 0.167130 0.027083 0.150926
0 0.564844 0.185185 0.028646 0.172222
0 0.280990 0.189352 0.028646 0.165741
0 0.505990 0.171759 0.034896 0.162037
0 0.069531 0.410648 0.025521 0.173148
0 0.050521 0.393056 0.044792 0.187963
0 0.439062 0.424074 0.042708 0.194444
0 0.473438 0.427778 0.040625 0.175926
0 0.469792 0.172685 0.023958 0.139815
0 0.405990 0.170370 0.024479 0.157407
0 0.380469 0.072685 0.026562 0.149074
0 0.134635 0.506944 0.030729 0.186111
0 0.651563 0.082407 0.031250 0.109259
0 0.313281 0.458333 0.032813 0.188889
0 0.270052 0.456944 0.035937 0.208333
0 0.236979 -0.021759 0.030208 0.136111
0 0.293750 0.136574 0.023958 0.154630
0 0.198437 0.181481 0.026042 0.161111
0 0.374219 0.377315 0.028646 0.162037
0 0.164583 0.194907 0.027083 0.156481
0 0.188281 0.165278 0.023438 0.162037
0 0.124740 0.193056 0.028646 0.150926
0 0.141406 0.174074 0.022396 0.168519
0 0.465625 -0.026389 0.018750 0.134259
0 0.209635 0.079630 0.030729 0.146296
0 0.221094 0.556944 0.045312 0.219444
0 0.990104 0.658333 0.039583 0.214815
0 0.864323 0.084722 0.031771 0.136111
0 0.787760 -0.018056 0.022396 0.117593
0 0.149479 0.825926 0.045833 0.250000
0 0.144792 0.754167 0.044792 0.236111
