0 0.741146 0.635648 0.053125 0.225000
0 0.252083 0.259722 0.038542 0.195370
0 0.083333 0.633333 0.043750 0.227778
0 0.915885 0.519907 0.040104 0.193519
0 0.504167 0.966667 0.036458 0.262963
0 0.377865 0.242593 0.040104 0.103704
0 0.367969 0.325463 0.029687 0.112037
0 0.429427 0.218519 0.030729 0.161111
0 0.785417 0.123148 0.027083 0.137037
0 0.616927 0.181481 0.025521 0.151852
0 0.577344 0.192130 0.028646 0.167593
0 0.281771 0.191667 0.027083 0.164815
0 0.503646 0.191204 0.036458 0.163889
0 0.069271 0.410648 0.025000 0.173148
0 0.050521 0.392593 0.043750 0.187037
0 0.431510 0.408796 0.042188 0.189815
0 0.463281 0.412037 0.040104 0.175926
0 0.489323 0.177778 0.021354 0.142593
0 0.414583 0.172222 0.026042 0.153704
0 0.380729 0.072222 0.027083 0.150000
0 0.131771 0.526389 0.030208 0.186111
0 0.651563 0.082407 0.031250 0.109259
0 0.321354 0.437500 0.032292 0.187963
0 0.275000 0.439352 0.037500 0.204630
0 0.268750 -0.015278 0.026042 0.137963
0 0.225260 -0.017593 0.022396 0.142593
0 0.293750 0.136574 0.023958 0.154630
0 0.198698 0.180093 0.026562 0.162037
0 0.164583 0.194907 0.027083 0.156481
0 0.187760 0.164352 0.023438 0.160185
0 0.124479 0.193519 0.028125 0.151852
0 0.144010 0.173148 0.023438 0.164815
0 0.201563 0.069444 0.028125 0.148148
0 0.225260 0.593056 0.045312 0.223148
0 0.996094 0.679630 0.039063 0.214815
0 0.846875 0.071759 0.030208 0.132407
0 0.129688 0.790278 0.043750 0.239815
0 0.111719 0.726389 0.055729 0.230556
