0 0.733333 0.637037 0.053125 0.224074
0 0.239062 0.291667 0.038542 0.200000
0 0.072917 0.623148 0.047917 0.229630
0 0.915885 0.519907 0.040104 0.193519
0 0.514323 0.969444 0.035937 0.248148
0 0.354167 0.821759 0.052083 0.232407
0 0.377865 0.242593 0.040104 0.103704
0 0.367969 0.325463 0.029687 0.112037
0 0.429427 0.218519 0.030729 0.161111
0 0.790104 0.131481 0.027083 0.137037
0 0.639844 0.203704 0.021354 0.151852
0 0.607031 0.213426 0.029687 0.171296
0 0.285156 0.196296 0.025521 0.161111
0 0.485937 0.224537 0.035417 0.169444
0 0.069271 0.410648 0.025000 0.173148
0 0.077083 0.391204 0.031250 0.184259
0 0.411719 0.372222 0.035937 0.187037
0 0.439844 0.379167 0.035937 0.176852
0 0.538802 0.194907 0.023438 0.145370
0 0.458333 0.181481 0.023958 0.159259
0 0.380729 0.072222 0.027083 0.150000
0 0.133073 0.579167 0.029687 0.191667
0 0.651563 0.082407 0.031250 0.109259
0 0.329948 0.390741 0.029687 0.172222
0 0.282552 0.398148 0.038021 0.198148
0 0.255729 0.007870 0.026042 0.137963
0 0.222135 0.004167 0.023438 0.147222
0 0.293490 0.136574 0.024479 0.154630
0 0.210156 0.114352 0.026562 0.150926
0 0.198958 0.178241 0.027083 0.162037
0 0.306510 0.328704 0.027604 0.162963
0 0.164063 0.195370 0.027083 0.157407
0 0.186979 0.162500 0.022917 0.158333
0 0.124479 0.193519 0.028125 0.151852
0 0.147656 0.173148 0.027604 0.166667
0 0.193229 0.054630 0.028125 0.148148
0 0.230469 0.656944 0.042188 0.225000
0 0.821875 0.048148 0.028125 0.133333
0 0.075521 0.725000 0.056250 0.231481
0 0.029167 0.675463 0.060417 0.219444
