0 0.733333 0.637037 0.053125 0.224074
0 0.238802 0.297685 0.039063 0.200926
0 0.072656 0.621296 0.049479 0.229630
0 0.915885 0.519907 0.040104 0.193519
0 0.520833 0.974537 0.035417 0.249074
0 0.353646 0.820833 0.052083 0.232407
0 0.377865 0.242593 0.040104 0.103704
0 0.367969 0.325463 0.029687 0.112037
0 0.429427 0.218519 0.030729 0.161111
0 0.790104 0.131481 0.027083 0.137037
0 0.643490 0.209722 0.030729 0.152778
0 0.617188 0.213889 0.030208 0.170370
0 0.286719 0.197685 0.030729 0.150926
0 0.480990 0.230093 0.035937 0.173148
0 0.069271 0.410648 0.025000 0.173148
0 0.078385 0.391667 0.028646 0.185185
0 0.409375 0.365741 0.033333 0.188889
0 0.436198 0.370833 0.035937 0.176852
0 0.552083 0.200926 0.027083 0.148148
0 0.469792 0.185185 0.030208 0.155556
0 0.380729 0.072222 0.027083 0.150000
0 0.134375 0.595370 0.030208 0.194444
0 0.651563 0.082407 0.031250 0.109259
0 0.329688 0.380556 0.030208 0.172222
0 0.284896 0.391667 0.040625 0.198148
0 0.253646 0.010648 0.026042 0.137963
0 0.293490 0.136574 0.024479 0.154630
0 0.217969 0.113426 0.032813 0.149074
0 0.198958 0.178241 0.027083 0.162037
0 0.298438 0.309722 0.028125 0.154630
0 0.164063 0.195370 0.027083 0.157407
0 0.186979 0.162963 0.022917 0.159259
0 0.124479 0.193519 0.028125 0.151852
0 0.147656 0.173611 0.025521 0.167593
0 0.193229 0.036111 0.028125 0.148148
0 0.231250 0.675926 0.046875 0.231481
0 0.817969 0.036574 0.028646 0.126852
0 0.063542 0.713426 0.060417 0.230556
0 0.000781 0.664352 0.050521 0.215741
