0 0.733333 0.637037 0.053125 0.224074
0 0.244271 0.278704 0.038542 0.198148
0 0.072917 0.626852 0.044792 0.229630
0 0.915885 0.519907 0.040104 0.193519
0 0.505990 0.965741 0.035937 0.264815
0 0.353125 0.820833 0.050000 0.232407
0 0.377865 0.242593 0.040104 0.103704
0 0.367969 0.325463 0.029687 0.112037
0 0.429427 0.218519 0.030729 0.161111
0 0.790104 0.131481 0.027083 0.137037
0 0.631771 0.193981 0.021875 0.154630
0 0.594531 0.202778 0.029687 0.168519
0 0.281510 0.194444 0.023438 0.162963
0 0.491927 0.209722 0.039063 0.165741
0 0.069271 0.410648 0.025000 0.173148
0 0.419792 0.388426 0.037500 0.187963
0 0.449219 0.391204 0.036979 0.176852
0 0.520052 0.186574 0.018229 0.143519
0 0.439062 0.177778 0.033333 0.157407
0 0.380729 0.072222 0.027083 0.150000
0 0.128646 0.556481 0.031250 0.187037
0 0.651563 0.082407 0.031250 0.109259
0 0.324740 0.411574 0.030729 0.184259
0 0.281771 0.414352 0.035417 0.200926
0 0.259375 -0.003241 0.026042 0.137963
0 0.221354 -0.005093 0.022917 0.145370
0 0.293490 0.136574 0.024479 0.154630
0 0.201823 0.116204 0.026562 0.150926
0 0.198958 0.179167 0.027083 0.162037
0 0.164583 0.194907 0.027083 0.156481
0 0.188021 0.164352 0.022917 0.158333
0 0.124479 0.193519 0.028125 0.151852
0 0.146615 0.172685 0.025521 0.165741
0 0.195313 0.056481 0.028125 0.148148
0 0.227604 0.631019 0.047917 0.226852
0 0.833073 0.058333 0.029687 0.133333
0 0.099479 0.750926 0.055208 0.235185
0 0.066667 0.693981 0.050000 0.226852
