0 0.775781 0.652315 0.047396 0.228704
0 0.256250 0.224537 0.037500 0.189815
0 0.134375 0.651389 0.046875 0.234259
0 0.915625 0.519907 0.040625 0.193519
0 0.511198 0.973148 0.046354 0.246296
0 0.377865 0.242593 0.040104 0.103704
0 0.367969 0.325463 0.029687 0.112037
0 0.429427 0.218519 0.030729 0.161111
0 0.778646 0.096296 0.027083 0.135185
0 0.584896 0.159722 0.026042 0.147222
0 0.547917 0.173611 0.031250 0.167593
0 0.280729 0.181019 0.026042 0.160185
0 0.505208 0.151852 0.032292 0.162963
0 0.069531 0.410648 0.025521 0.173148
0 0.446615 0.450463 0.047396 0.195370
0 0.480729 0.455556 0.039583 0.179630
0 0.450000 0.174537 0.026042 0.143519
0 0.402604 0.172685 0.022917 0.156481
0 0.380469 0.072685 0.026562 0.149074
0 0.137500 0.473148 0.030208 0.181481
0 0.651563 0.082407 0.031250 0.109259
0 0.302865 0.487963 0.033854 0.194444
0 0.258854 0.481019 0.033333 0.204630
0 0.294010 0.136574 0.023438 0.154630
0 0.197917 0.182407 0.026042 0.161111
0 0.416927 0.406481 0.033854 0.174074
0 0.163542 0.198148 0.027083 0.157407
0 0.189062 0.165741 0.022917 0.162963
0 0.129427 0.195370 0.026562 0.148148
0 0.140625 0.175926 0.023958 0.170370
0 0.117188 0.174074 0.020833 0.159259
0 0.462500 -0.013426 0.018750 0.134259
0 0.222396 0.093519 0.029167 0.150000
0 0.224740 0.518056 0.042188 0.212037
0 0.982292 0.625926 0.034375 0.207407
0 0.878385 0.100000 0.028646 0.140741
0 0.806250 -0.002778 0.027083 0.120370
0 0.171875 0.873148 0.048958 0.255556
0 0.183854 0.803241 0.048958 0.241667
