0 0.740365 0.636111 0.053646 0.224074
0 0.251563 0.260648 0.038542 0.195370
0 0.082812 0.633333 0.043750 0.227778
0 0.915885 0.519907 0.040104 0.193519
0 0.504167 0.965741 0.036458 0.262963
0 0.377865 0.242593 0.040104 0.103704
0 0.367969 0.325463 0.029687 0.112037
0 0.429427 0.218519 0.030729 0.161111
0 0.785417 0.123148 0.027083 0.137037
0 0.617708 0.181481 0.026042 0.151852
0 0.577865 0.192130 0.028646 0.167593
0 0.281510 0.191667 0.026562 0.164815
0 0.503385 0.192593 0.035937 0.164815
0 0.069271 0.410648 0.025000 0.173148
0 0.050521 0.392130 0.043750 0.186111
0 0.431250 0.406944 0.041667 0.189815
0 0.462500 0.410648 0.039583 0.176852
0 0.414844 0.172222 0.026562 0.153704
0 0.380729 0.072222 0.027083 0.150000
0 0.131510 0.528704 0.029687 0.187037
0 0.651563 0.082407 0.031250 0.109259
0 0.321615 0.435648 0.031771 0.187963
0 0.275260 0.438426 0.036979 0.204630
0 0.267708 -0.014352 0.026042 0.137963
0 0.224740 -0.016667 0.022396 0.142593
0 0.293750 0.136574 0.023958 0.154630
0 0.198698 0.180093 0.026562 0.162037
0 0.164583 0.194907 0.027083 0.156481
0 0.187500 0.163889 0.022917 0.159259
0 0.124479 0.193519 0.028125 0.151852
0 0.144271 0.173148 0.023958 0.164815
0 0.201042 0.068519 0.028125 0.148148
0 0.224219 0.594444 0.045312 0.224074
0 0.997135 0.682407 0.039063 0.214815
0 0.846094 0.070833 0.029687 0.132407
0 0.128125 0.787500 0.043750 0.237963
0 0.109896 0.725000 0.054167 0.231481
