0 0.783854 0.658333 0.046875 0.229630
0 0.256250 0.217130 0.037500 0.187963
0 0.148438 0.652778 0.051042 0.235185
0 0.915625 0.519907 0.040625 0.193519
0 0.508073 0.971296 0.042188 0.248148
0 0.377865 0.242593 0.040104 0.103704
0 0.367969 0.325463 0.029687 0.112037
0 0.429427 0.218519 0.030729 0.161111
0 0.776042 0.087963 0.027083 0.133333
0 0.578385 0.156944 0.026562 0.147222
0 0.542708 0.168981 0.031250 0.167593
0 0.280208 0.177778 0.023958 0.159259
0 0.504167 0.144907 0.032292 0.162037
0 0.069531 0.410648 0.025521 0.173148
0 0.448437 0.463889 0.047917 0.200000
0 0.481510 0.466667 0.039063 0.179630
0 0.443750 0.172685 0.031250 0.141667
0 0.400000 0.172685 0.023958 0.156481
0 0.380469 0.072685 0.026562 0.149074
0 0.139063 0.464352 0.030208 0.180556
0 0.651563 0.082407 0.031250 0.109259
0 0.297917 0.500000 0.033333 0.196296
0 0.257292 0.494444 0.032292 0.209259
0 0.294010 0.136574 0.023438 0.154630
0 0.178646 0.122685 0.027083 0.149074
0 0.198177 0.182870 0.026562 0.162037
0 0.432292 0.412963 0.033333 0.170370
0 0.161979 0.200000 0.027083 0.157407
0 0.189583 0.165278 0.022917 0.162037
0 0.128906 0.195370 0.027604 0.148148
0 0.140104 0.176852 0.023958 0.170370
0 0.460938 -0.007407 0.018750 0.135185
0 0.224740 0.097222 0.028646 0.151852
0 0.221094 0.506019 0.041146 0.210185
0 0.979948 0.611111 0.033854 0.201852
0 0.886979 0.106944 0.029167 0.141667
0 0.179948 0.895370 0.050521 0.255556
0 0.192708 0.820833 0.042708 0.243519
