0 0.777344 0.653704 0.047396 0.229630
0 0.256250 0.222685 0.037500 0.189815
0 0.137500 0.651389 0.047917 0.234259
0 0.915625 0.519907 0.040625 0.193519
0 0.510677 0.972685 0.045312 0.245370
0 0.377865 0.242593 0.040104 0.103704
0 0.367969 0.325463 0.029687 0.112037
0 0.429427 0.218519 0.030729 0.161111
0 0.778125 0.093981 0.027083 0.134259
0 0.583333 0.159722 0.026042 0.147222
0 0.546875 0.172685 0.031250 0.167593
0 0.280990 0.179630 0.025521 0.159259
0 0.504948 0.150926 0.031771 0.162963
0 0.069531 0.410648 0.025521 0.173148
0 0.447135 0.454167 0.047396 0.197222
0 0.481250 0.457870 0.039583 0.178704
0 0.448177 0.174074 0.028646 0.142593
0 0.402344 0.172685 0.023438 0.156481
0 0.380469 0.072685 0.026562 0.149074
0 0.138021 0.471296 0.030208 0.181481
0 0.651563 0.082407 0.031250 0.109259
0 0.301823 0.489815 0.033854 0.194444
0 0.258594 0.484722 0.032813 0.206481
0 0.294010 0.136574 0.023438 0.154630
0 0.197917 0.182407 0.026042 0.161111
0 0.420312 0.407870 0.033333 0.173148
0 0.163021 0.198611 0.027083 0.156481
0 0.189062 0.165741 0.022917 0.162963
0 0.129427 0.195370 0.026562 0.148148
0 0.140625 0.176852 0.023958 0.170370
0 0.117188 0.174074 0.020833 0.159259
0 0.461979 -0.011574 0.018750 0.134259
0 0.222917 0.093519 0.029167 0.150000
0 0.224219 0.513889 0.041146 0.211111
0 0.981250 0.620833 0.034375 0.206481
0 0.880469 0.101852 0.028646 0.140741
0 0.174479 0.876852 0.050000 0.255556
0 0.185156 0.805556 0.047396 0.240741
