0 0.742188 0.635648 0.053125 0.225000
0 0.252604 0.258796 0.038542 0.195370
0 0.083854 0.633796 0.043750 0.228704
0 0.915885 0.519907 0.040104 0.193519
0 0.504167 0.967130 0.036458 0.262037
0 0.377865 0.242593 0.040104 0.103704
0 0.367969 0.325463 0.029687 0.112037
0 0.429427 0.218519 0.030729 0.161111
0 0.785156 0.123148 0.026562 0.137037
0 0.615885 0.180556 0.025521 0.151852
0 0.576562 0.192130 0.029167 0.167593
0 0.281510 0.191667 0.027604 0.164815
0 0.503906 0.189815 0.035937 0.164815
0 0.069271 0.410648 0.025000 0.173148
0 0.050521 0.392593 0.043750 0.187037
0 0.432031 0.409722 0.042188 0.189815
0 0.463802 0.412963 0.040104 0.175926
0 0.488021 0.177315 0.021875 0.141667
0 0.414063 0.171759 0.026042 0.154630
0 0.380729 0.072222 0.027083 0.150000
0 0.131771 0.525000 0.030208 0.185185
0 0.651563 0.082407 0.031250 0.109259
0 0.321094 0.439352 0.032813 0.187963
0 0.274479 0.440278 0.037500 0.204630
0 0.269271 -0.016204 0.026042 0.137963
0 0.225781 -0.018519 0.022396 0.142593
0 0.293750 0.136574 0.023958 0.154630
0 0.198698 0.180093 0.026562 0.162037
0 0.164583 0.194907 0.027083 0.156481
0 0.187760 0.164352 0.023438 0.160185
0 0.124479 0.193519 0.028125 0.151852
0 0.144010 0.173148 0.023438 0.164815
0 0.201563 0.069444 0.028125 0.148148
0 0.225781 0.591667 0.045312 0.224074
0 0.995052 0.676852 0.039063 0.214815
0 0.847656 0.072222 0.030729 0.133333
0 0.131250 0.793519 0.043750 0.240741
0 0.113802 0.727778 0.056771 0.231481
