0 0.787500 0.660648 0.045833 0.228704
0 0.255729 0.214815 0.037500 0.188889
0 0.154948 0.653704 0.052604 0.237037
0 0.915625 0.519907 0.040625 0.193519
0 0.506250 0.971759 0.039583 0.252778
0 0.377865 0.242593 0.040104 0.103704
0 0.367969 0.325463 0.029687 0.112037
0 0.429427 0.218519 0.030729 0.161111
0 0.774479 0.086574 0.026042 0.132407
0 0.575260 0.153241 0.026562 0.147222
0 0.541667 0.166204 0.031250 0.167593
0 0.278906 0.176852 0.023438 0.161111
0 0.503906 0.140741 0.032813 0.161111
0 0.069531 0.410648 0.025521 0.173148
0 0.448698 0.467593 0.047396 0.201852
0 0.480469 0.474537 0.036979 0.182407
0 0.443490 0.171296 0.026562 0.142593
0 0.398177 0.172685 0.023438 0.156481
0 0.380469 0.072685 0.026562 0.149074
0 0.139063 0.458333 0.030208 0.181481
0 0.651563 0.082407 0.031250 0.109259
0 0.296615 0.507870 0.033854 0.199074
0 0.256250 0.496759 0.032292 0.210185
0 0.294010 0.136574 0.023438 0.154630
0 0.177604 0.122685 0.027083 0.149074
0 0.198437 0.182870 0.027083 0.162037
0 0.438021 0.416667 0.035417 0.170370
0 0.161458 0.200000 0.027083 0.157407
0 0.189844 0.165278 0.022396 0.162037
0 0.128385 0.195370 0.028646 0.148148
0 0.139583 0.176852 0.023958 0.170370
0 0.460677 -0.006481 0.018229 0.137037
0 0.226042 0.100463 0.027083 0.152778
0 0.219010 0.502315 0.042188 0.210185
0 0.979687 0.608796 0.033333 0.199074
0 0.889062 0.108796 0.029167 0.141667
0 0.183073 0.907407 0.050521 0.255556
0 0.197917 0.831944 0.039583 0.247222
0 0.202604 -0.020370 0.022917 0.124074
