0 0.743750 0.635185 0.053125 0.224074
0 0.253125 0.256944 0.038542 0.195370
0 0.084896 0.634259 0.043750 0.227778
0 0.915885 0.519907 0.040104 0.193519
0 0.504167 0.968056 0.036458 0.262037
0 0.377865 0.242593 0.040104 0.103704
0 0.367969 0.325463 0.029687 0.112037
0 0.429427 0.218519 0.030729 0.161111
0 0.784635 0.122685 0.026562 0.136111
0 0.614323 0.179630 0.025521 0.151852
0 0.575260 0.191667 0.028646 0.168519
0 0.281510 0.191667 0.027604 0.164815
0 0.504427 0.187037 0.035937 0.164815
0 0.069271 0.410648 0.025000 0.173148
0 0.050260 0.392593 0.044271 0.187037
0 0.432552 0.411574 0.042188 0.189815
0 0.464844 0.415278 0.040104 0.176852
0 0.485156 0.176389 0.023438 0.141667
0 0.413021 0.171759 0.025000 0.156481
0 0.380729 0.072222 0.027083 0.150000
0 0.132031 0.521296 0.029687 0.183333
0 0.651563 0.082407 0.031250 0.109259
0 0.320573 0.442593 0.032813 0.188889
0 0.273698 0.442130 0.038021 0.204630
0 0.270313 -0.018056 0.026042 0.137963
0 0.226302 -0.020370 0.022396 0.142593
0 0.293750 0.136574 0.023958 0.154630
0 0.198698 0.180093 0.026562 0.162037
0 0.164583 0.194907 0.027083 0.156481
0 0.187760 0.164815 0.023438 0.161111
0 0.124479 0.193519 0.028125 0.151852
0 0.143750 0.173148 0.022917 0.164815
0 0.202083 0.070370 0.028125 0.148148
0 0.227344 0.589352 0.045312 0.223148
0 0.993490 0.672222 0.039063 0.214815
0 0.849219 0.074074 0.031771 0.133333
0 0.134375 0.798148 0.043750 0.242593
0 0.117969 0.731019 0.058854 0.230556
