0 0.733854 0.637037 0.053125 0.224074
0 0.244792 0.276852 0.038542 0.198148
0 0.073177 0.627778 0.044271 0.229630
0 0.915885 0.519907 0.040104 0.193519
0 0.505729 0.965278 0.036458 0.263889
0 0.353125 0.820833 0.050000 0.232407
0 0.377865 0.242593 0.040104 0.103704
0 0.367969 0.325463 0.029687 0.112037
0 0.429427 0.218519 0.030729 0.161111
0 0.790104 0.131481 0.027083 0.137037
0 0.630469 0.192130 0.022396 0.152778
0 0.591927 0.202315 0.031771 0.169444
0 0.281771 0.193981 0.023958 0.163889
0 0.493229 0.206944 0.038542 0.165741
0 0.069271 0.410648 0.025000 0.173148
0 0.421354 0.390741 0.037500 0.188889
0 0.450781 0.393519 0.036979 0.175926
0 0.517188 0.185648 0.017708 0.143519
0 0.436458 0.176852 0.029167 0.155556
0 0.380729 0.072222 0.027083 0.150000
0 0.128385 0.554630 0.030729 0.188889
0 0.651563 0.082407 0.031250 0.109259
0 0.324479 0.412500 0.031250 0.182407
0 0.281771 0.415741 0.035417 0.200000
0 0.260417 -0.005093 0.026042 0.137963
0 0.221354 -0.005556 0.022917 0.144444
0 0.293750 0.136574 0.023958 0.154630
0 0.200781 0.116204 0.026562 0.150926
0 0.198958 0.179167 0.027083 0.162037
0 0.164583 0.194907 0.027083 0.156481
0 0.188021 0.164815 0.022917 0.157407
0 0.124479 0.193519 0.028125 0.151852
0 0.146615 0.172685 0.025521 0.165741
0 0.196354 0.057407 0.028125 0.148148
0 0.225781 0.625463 0.048438 0.226852
0 0.835938 0.059722 0.030208 0.132407
0 0.103385 0.754630 0.056771 0.235185
0 0.071094 0.695370 0.047396 0.225926
