0 0.781771 0.657407 0.046875 0.229630
0 0.256250 0.218519 0.037500 0.188889
0 0.145313 0.652778 0.050000 0.235185
0 0.915625 0.519907 0.040625 0.193519
0 0.509115 0.971296 0.043229 0.246296
0 0.377865 0.242593 0.040104 0.103704
0 0.367969 0.325463 0.029687 0.112037
0 0.429427 0.218519 0.030729 0.161111
0 0.777083 0.088889 0.028125 0.133333
0 0.579427 0.158796 0.026562 0.147222
0 0.543750 0.169907 0.031250 0.167593
0 0.280729 0.178241 0.025000 0.158333
0 0.504167 0.147222 0.032292 0.162963
0 0.069531 0.410648 0.025521 0.173148
0 0.448437 0.462037 0.047917 0.200000
0 0.482031 0.463426 0.040104 0.178704
0 0.444010 0.173148 0.033854 0.142593
0 0.401042 0.172685 0.023958 0.156481
0 0.380469 0.072685 0.026562 0.149074
0 0.139063 0.467593 0.030208 0.181481
0 0.651563 0.082407 0.031250 0.109259
0 0.298698 0.495833 0.033854 0.195370
0 0.257292 0.492593 0.032292 0.209259
0 0.294010 0.136574 0.023438 0.154630
0 0.178646 0.122685 0.027083 0.149074
0 0.197917 0.182870 0.026042 0.162037
0 0.429167 0.411111 0.032292 0.170370
0 0.162500 0.200000 0.027083 0.157407
0 0.189583 0.165278 0.022917 0.162037
0 0.128906 0.195370 0.027604 0.148148
0 0.140104 0.176852 0.023958 0.170370
0 0.460938 -0.008333 0.018750 0.133333
0 0.223958 0.095833 0.029167 0.150926
0 0.221875 0.506944 0.040625 0.210185
0 0.979948 0.612500 0.033854 0.202778
0 0.885937 0.105093 0.029167 0.141667
0 0.178385 0.889815 0.050521 0.255556
0 0.190104 0.815278 0.043750 0.241667
