0 0.761458 0.639352 0.050000 0.226852
0 0.254948 0.238889 0.038021 0.192593
0 0.111719 0.644444 0.044271 0.231481
0 0.915885 0.519907 0.040104 0.193519
0 0.513281 0.973611 0.043229 0.250926
0 0.377865 0.242593 0.040104 0.103704
0 0.429427 0.218519 0.030729 0.161111
0 0.782031 0.108333 0.026562 0.135185
0 0.596875 0.167130 0.030208 0.150926
0 0.560156 0.181019 0.030729 0.169444
0 0.279948 0.188889 0.026562 0.164815
0 0.507292 0.168056 0.035417 0.163889
0 0.069531 0.410648 0.025521 0.173148
0 0.051302 0.393056 0.043229 0.187963
0 0.441927 0.435185 0.043229 0.200000
0 0.475781 0.437500 0.039063 0.178704
0 0.463542 0.172685 0.020833 0.139815
0 0.404687 0.171296 0.023958 0.159259
0 0.380469 0.072685 0.026562 0.149074
0 0.135677 0.495833 0.030729 0.186111
0 0.651563 0.082407 0.031250 0.109259
0 0.311458 0.469444 0.032292 0.194444
0 0.266146 0.465278 0.037500 0.208333
0 0.294010 0.136574 0.023438 0.154630
0 0.198437 0.181481 0.026042 0.161111
0 0.383073 0.387963 0.033854 0.166667
0 0.164583 0.194907 0.027083 0.156481
0 0.188281 0.165741 0.023438 0.162963
0 0.126042 0.193056 0.030208 0.150926
0 0.141927 0.175000 0.023438 0.170370
0 0.465625 -0.022222 0.018750 0.131481
0 0.213281 0.082407 0.029687 0.146296
0 0.218490 0.551389 0.047396 0.221296
0 0.988542 0.644444 0.039583 0.214815
0 0.866667 0.085185 0.030208 0.135185
0 0.791667 -0.014815 0.022917 0.118519
0 0.154427 0.837500 0.045312 0.249074
0 0.156250 0.768981 0.046875 0.239815
