0 0.735677 0.637037 0.053646 0.224074
0 0.248438 0.268519 0.038542 0.196296
0 0.077083 0.630093 0.043750 0.228704
0 0.915885 0.519907 0.040104 0.193519
0 0.504687 0.964352 0.036458 0.263889
0 0.352604 0.820370 0.048958 0.231481
0 0.377865 0.242593 0.040104 0.103704
0 0.367969 0.325463 0.029687 0.112037
0 0.429427 0.218519 0.030729 0.161111
0 0.788542 0.128241 0.027083 0.137963
0 0.624479 0.186111 0.025000 0.151852
0 0.583854 0.197222 0.032292 0.166667
0 0.281771 0.193056 0.025000 0.163889
0 0.499219 0.200000 0.035937 0.164815
0 0.069271 0.410648 0.025000 0.173148
0 0.427344 0.399074 0.039063 0.190741
0 0.456771 0.402315 0.038542 0.176852
0 0.423698 0.173148 0.024479 0.151852
0 0.380729 0.072222 0.027083 0.150000
0 0.129688 0.543519 0.030208 0.190741
0 0.651563 0.082407 0.031250 0.109259
0 0.323177 0.421759 0.031771 0.182407
0 0.279427 0.426389 0.035937 0.200926
0 0.264062 -0.009722 0.026042 0.137963
0 0.222656 -0.010185 0.022396 0.142593
0 0.293750 0.136574 0.023958 0.154630
0 0.197656 0.118056 0.026562 0.150926
0 0.198958 0.179167 0.027083 0.162037
0 0.164583 0.194907 0.027083 0.156481
0 0.187500 0.163889 0.022917 0.157407
0 0.124479 0.193519 0.028125 0.151852
0 0.145573 0.172685 0.024479 0.165741
0 0.198958 0.062963 0.028125 0.148148
0 0.221354 0.607870 0.046875 0.225000
0 1.002344 0.700926 0.039063 0.214815
0 0.839844 0.066204 0.029687 0.132407
0 0.114583 0.765278 0.046875 0.232407
0 0.090885 0.709259 0.047396 0.229630
