0 0.733333 0.637037 0.053125 0.224074
0 0.238802 0.295370 0.039063 0.200000
0 0.072656 0.622222 0.049479 0.229630
0 0.915885 0.519907 0.040104 0.193519
0 0.518750 0.972685 0.035417 0.249074
0 0.353646 0.820833 0.052083 0.232407
0 0.377865 0.242593 0.040104 0.103704
0 0.367969 0.325463 0.029687 0.112037
0 0.429427 0.218519 0.030729 0.161111
0 0.790104 0.131481 0.027083 0.137037
0 0.641927 0.207407 0.027604 0.151852
0 0.613802 0.213889 0.029687 0.170370
0 0.285938 0.196759 0.029167 0.154630
0 0.482552 0.228241 0.035937 0.171296
0 0.069271 0.410648 0.025000 0.173148
0 0.077865 0.391667 0.029687 0.185185
0 0.409896 0.368056 0.034375 0.187963
0 0.437240 0.373611 0.035937 0.176852
0 0.547656 0.198611 0.025521 0.147222
0 0.465885 0.183796 0.028646 0.156481
0 0.380729 0.072222 0.027083 0.150000
0 0.133854 0.589815 0.030208 0.194444
0 0.651563 0.082407 0.031250 0.109259
0 0.329688 0.383333 0.030208 0.172222
0 0.283854 0.393519 0.039583 0.198148
0 0.254167 0.009722 0.026042 0.137963
0 0.293490 0.136574 0.024479 0.154630
0 0.215365 0.113426 0.030729 0.149074
0 0.198958 0.178241 0.027083 0.162037
0 0.301042 0.315741 0.028125 0.157407
0 0.164063 0.195370 0.027083 0.157407
0 0.186979 0.162963 0.022917 0.159259
0 0.124479 0.193519 0.028125 0.151852
0 0.147396 0.173611 0.026042 0.167593
0 0.193229 0.041667 0.028125 0.148148
0 0.230469 0.668981 0.044271 0.228704
0 0.819271 0.040278 0.028125 0.128704
0 0.067187 0.716204 0.060417 0.230556
0 0.010417 0.668056 0.054167 0.217593
