0 0.733333 0.637037 0.053125 0.224074
0 0.238802 0.293981 0.039063 0.200926
0 0.072656 0.622222 0.048438 0.229630
0 0.915885 0.519907 0.040104 0.193519
0 0.517188 0.971296 0.035417 0.248148
0 0.353646 0.820833 0.052083 0.232407
0 0.377865 0.242593 0.040104 0.103704
0 0.367969 0.325463 0.029687 0.112037
0 0.429427 0.218519 0.030729 0.161111
0 0.790104 0.131481 0.027083 0.137037
0 0.641406 0.206019 0.025521 0.152778
0 0.611458 0.213426 0.030208 0.171296
0 0.285677 0.196759 0.027604 0.156481
0 0.483594 0.226852 0.035937 0.170370
0 0.069271 0.410648 0.025000 0.173148
0 0.077604 0.391204 0.030208 0.184259
0 0.410677 0.368981 0.034896 0.187963
0 0.438281 0.375463 0.035937 0.176852
0 0.544792 0.197222 0.025000 0.146296
0 0.463281 0.182870 0.026562 0.158333
0 0.380729 0.072222 0.027083 0.150000
0 0.133594 0.586111 0.029687 0.192593
0 0.651563 0.082407 0.031250 0.109259
0 0.329688 0.386111 0.030208 0.172222
0 0.283594 0.395370 0.039063 0.198148
0 0.254688 0.008796 0.026042 0.137963
0 0.221615 0.007870 0.023438 0.147222
0 0.293490 0.136574 0.024479 0.154630
0 0.213542 0.113889 0.029167 0.150000
0 0.198958 0.178241 0.027083 0.162037
0 0.302865 0.320370 0.027604 0.159259
0 0.164063 0.195370 0.027083 0.157407
0 0.186979 0.162500 0.022917 0.158333
0 0.124479 0.193519 0.028125 0.151852
0 0.147656 0.173148 0.026562 0.166667
0 0.193229 0.046296 0.028125 0.148148
0 0.230208 0.664352 0.042708 0.226852
0 0.820052 0.043056 0.028646 0.130556
0 0.069531 0.718056 0.059896 0.230556
0 0.016667 0.669907 0.057292 0.217593
