0 0.744531 0.634722 0.052604 0.225000
0 0.253646 0.256019 0.038542 0.195370
0 0.085938 0.635185 0.043750 0.227778
0 0.915885 0.519907 0.040104 0.193519
0 0.504167 0.968519 0.036458 0.261111
0 0.377865 0.242593 0.040104 0.103704
0 0.367969 0.325463 0.029687 0.112037
0 0.429427 0.218519 0.030729 0.161111
0 0.784375 0.122222 0.027083 0.135185
0 0.613281 0.179167 0.025521 0.152778
0 0.574740 0.191667 0.028646 0.168519
0 0.281510 0.191204 0.027604 0.165741
0 0.504687 0.185648 0.036458 0.163889
0 0.069271 0.410648 0.025000 0.173148
0 0.050260 0.392593 0.044271 0.187037
0 0.432812 0.412500 0.042708 0.189815
0 0.465365 0.416204 0.040104 0.176852
0 0.483854 0.176389 0.023958 0.141667
0 0.412760 0.171759 0.024479 0.156481
0 0.380729 0.072222 0.027083 0.150000
0 0.132031 0.518981 0.029687 0.182407
0 0.651563 0.082407 0.031250 0.109259
0 0.320313 0.444444 0.033333 0.188889
0 0.273177 0.443056 0.038021 0.204630
0 0.270833 -0.018981 0.026042 0.137963
0 0.226823 -0.021296 0.022396 0.142593
0 0.293750 0.136574 0.023958 0.154630
0 0.198698 0.180093 0.026562 0.162037
0 0.164583 0.194907 0.027083 0.156481
0 0.187760 0.164815 0.023438 0.161111
0 0.124479 0.193519 0.028125 0.151852
0 0.143750 0.173148 0.022917 0.164815
0 0.202604 0.070370 0.028125 0.148148
0 0.226823 0.586111 0.045312 0.222222
0 0.992969 0.670370 0.039063 0.214815
0 0.850000 0.075000 0.032292 0.133333
0 0.135677 0.800463 0.044271 0.243519
0 0.120052 0.732870 0.059896 0.230556
