0 0.746615 0.634722 0.052604 0.225000
0 0.254167 0.254167 0.038542 0.193519
0 0.088542 0.635648 0.043750 0.228704
0 0.915885 0.519907 0.040104 0.193519
0 0.504687 0.968981 0.037500 0.260185
0 0.377865 0.242593 0.040104 0.103704
0 0.367969 0.325463 0.029687 0.112037
0 0.429427 0.218519 0.030729 0.161111
0 0.784115 0.122222 0.026562 0.135185
0 0.611719 0.177315 0.025521 0.152778
0 0.573177 0.191204 0.028646 0.169444
0 0.281250 0.190741 0.028125 0.164815
0 0.505208 0.182870 0.036458 0.163889
0 0.069271 0.410648 0.025000 0.173148
0 0.050260 0.393056 0.045312 0.187963
0 0.433594 0.414352 0.042188 0.189815
0 0.466667 0.418056 0.040625 0.176852
0 0.481250 0.175463 0.025000 0.141667
0 0.411458 0.171296 0.023958 0.157407
0 0.380729 0.072222 0.027083 0.150000
0 0.132552 0.516667 0.029687 0.181481
0 0.651563 0.082407 0.031250 0.109259
0 0.319271 0.447222 0.033333 0.188889
0 0.272656 0.444907 0.038021 0.206481
0 0.271875 -0.020833 0.026042 0.137963
0 0.227865 -0.022685 0.023438 0.141667
0 0.293750 0.136574 0.023958 0.154630
0 0.198698 0.180556 0.026562 0.161111
0 0.164583 0.194907 0.027083 0.156481
0 0.188021 0.165278 0.023958 0.162037
0 0.124479 0.193519 0.028125 0.151852
0 0.143229 0.173611 0.022917 0.165741
0 0.203385 0.071296 0.028646 0.148148
0 0.226042 0.580556 0.044792 0.222222
0 0.992448 0.669444 0.039063 0.214815
0 0.851823 0.076389 0.032813 0.134259
0 0.138021 0.804167 0.044792 0.245370
0 0.123698 0.735185 0.056771 0.231481
