0 0.782813 0.658333 0.046875 0.229630
0 0.256250 0.217593 0.037500 0.188889
0 0.147135 0.652778 0.050521 0.235185
0 0.915625 0.519907 0.040625 0.193519
0 0.508854 0.971759 0.042708 0.247222
0 0.377865 0.242593 0.040104 0.103704
0 0.367969 0.325463 0.029687 0.112037
0 0.429427 0.218519 0.030729 0.161111
0 0.776302 0.087963 0.027604 0.133333
0 0.578906 0.157870 0.026562 0.147222
0 0.543229 0.168981 0.031250 0.167593
0 0.280469 0.178241 0.024479 0.158333
0 0.504167 0.146296 0.032292 0.162963
0 0.069531 0.410648 0.025521 0.173148
0 0.448437 0.462963 0.047917 0.200000
0 0.481771 0.465278 0.039583 0.178704
0 0.444010 0.173148 0.032813 0.142593
0 0.400521 0.172685 0.023958 0.156481
0 0.380469 0.072685 0.026562 0.149074
0 0.139063 0.465741 0.030208 0.181481
0 0.651563 0.082407 0.031250 0.109259
0 0.298177 0.498148 0.033854 0.196296
0 0.257292 0.493519 0.032292 0.209259
0 0.294010 0.136574 0.023438 0.154630
0 0.178646 0.122685 0.027083 0.149074
0 0.197917 0.182870 0.026042 0.162037
0 0.430469 0.412037 0.032813 0.170370
0 0.162500 0.200000 0.027083 0.157407
0 0.189583 0.165278 0.022917 0.162037
0 0.128906 0.195370 0.027604 0.148148
0 0.140104 0.176852 0.023958 0.170370
0 0.460938 -0.007870 0.018750 0.134259
0 0.224219 0.096759 0.028646 0.150926
0 0.221615 0.506019 0.041146 0.210185
0 0.979948 0.612037 0.033854 0.201852
0 0.886458 0.106019 0.029167 0.141667
0 0.179427 0.892593 0.050521 0.255556
0 0.191406 0.817593 0.043229 0.242593
