0 0.733333 0.637037 0.053125 0.224074
0 0.239583 0.289352 0.038542 0.199074
0 0.072656 0.624074 0.047396 0.229630
0 0.915885 0.519907 0.040104 0.193519
0 0.512760 0.968519 0.035937 0.251852
0 0.353906 0.820833 0.051562 0.232407
0 0.377865 0.242593 0.040104 0.103704
0 0.367969 0.325463 0.029687 0.112037
0 0.429427 0.218519 0.030729 0.161111
0 0.790104 0.131481 0.027083 0.137037
0 0.638542 0.202315 0.020833 0.152778
0 0.605208 0.211111 0.029167 0.170370
0 0.284375 0.195370 0.025000 0.161111
0 0.486458 0.222222 0.036458 0.168519
0 0.069271 0.410648 0.025000 0.173148
0 0.076563 0.391667 0.031250 0.185185
0 0.412500 0.374074 0.036458 0.187037
0 0.440885 0.380093 0.035937 0.176852
0 0.536198 0.193056 0.022396 0.145370
0 0.455469 0.180556 0.027604 0.159259
0 0.380729 0.072222 0.027083 0.150000
0 0.132031 0.575000 0.029687 0.190741
0 0.651563 0.082407 0.031250 0.109259
0 0.328906 0.394444 0.029687 0.175926
0 0.282292 0.400463 0.037500 0.199074
0 0.255729 0.006019 0.026042 0.137963
0 0.221615 0.002315 0.023438 0.147222
0 0.293490 0.136574 0.024479 0.154630
0 0.208594 0.114352 0.026562 0.150926
0 0.198958 0.178241 0.027083 0.162037
0 0.308073 0.329630 0.027604 0.162963
0 0.164063 0.195370 0.027083 0.157407
0 0.186979 0.162500 0.022917 0.158333
0 0.124479 0.193519 0.028125 0.151852
0 0.147396 0.172685 0.027083 0.165741
0 0.193229 0.054630 0.028125 0.148148
0 0.230990 0.654630 0.043229 0.225926
0 0.822917 0.049074 0.028125 0.133333
0 0.078646 0.728241 0.054167 0.232407
0 0.034896 0.678241 0.059375 0.221296
