0 0.734375 0.637037 0.053125 0.224074
0 0.245833 0.275000 0.038542 0.198148
0 0.073177 0.627778 0.044271 0.229630
0 0.915885 0.519907 0.040104 0.193519
0 0.505469 0.964352 0.036979 0.263889
0 0.352865 0.820370 0.049479 0.231481
0 0.377865 0.242593 0.040104 0.103704
0 0.367969 0.325463 0.029687 0.112037
0 0.429427 0.218519 0.030729 0.161111
0 0.790104 0.131481 0.027083 0.137037
0 0.629167 0.190278 0.022917 0.152778
0 0.589583 0.201852 0.033333 0.168519
0 0.281771 0.193981 0.023958 0.163889
0 0.494792 0.204630 0.037500 0.164815
0 0.069271 0.410648 0.025000 0.173148
0 0.422656 0.393056 0.036979 0.189815
0 0.452083 0.395833 0.037500 0.176852
0 0.514583 0.184722 0.017708 0.143519
0 0.380729 0.072222 0.027083 0.150000
0 0.128385 0.553241 0.030729 0.189815
0 0.651563 0.082407 0.031250 0.109259
0 0.323958 0.413426 0.031250 0.180556
0 0.281771 0.416204 0.035417 0.199074
0 0.261458 -0.006944 0.026042 0.137963
0 0.221615 -0.006019 0.022396 0.143519
0 0.293750 0.136574 0.023958 0.154630
0 0.199740 0.116204 0.026562 0.150926
0 0.198958 0.179167 0.027083 0.162037
0 0.164583 0.194907 0.027083 0.156481
0 0.188021 0.164352 0.022917 0.156481
0 0.124479 0.193519 0.028125 0.151852
0 0.146354 0.172685 0.025000 0.165741
0 0.196875 0.058333 0.028125 0.148148
0 0.224219 0.620833 0.049479 0.226852
0 0.836198 0.062500 0.030729 0.132407
0 0.106250 0.757407 0.056250 0.235185
0 0.075260 0.697222 0.045312 0.225926
