0 0.733333 0.637037 0.053125 0.224074
0 0.238802 0.298611 0.039063 0.200926
0 0.072656 0.621296 0.049479 0.229630
0 0.915885 0.519907 0.040104 0.193519
0 0.522396 0.975000 0.035417 0.250000
0 0.353646 0.820833 0.052083 0.232407
0 0.377865 0.242593 0.040104 0.103704
0 0.367969 0.325463 0.029687 0.112037
0 0.429427 0.218519 0.030729 0.161111
0 0.790104 0.131481 0.027083 0.137037
0 0.645052 0.210648 0.030729 0.152778
0 0.619271 0.215278 0.031250 0.169444
0 0.287500 0.198148 0.031250 0.150000
0 0.480208 0.231944 0.037500 0.173148
0 0.069271 0.410648 0.025000 0.173148
0 0.078646 0.392130 0.028125 0.186111
0 0.409115 0.363889 0.033854 0.188889
0 0.435677 0.368519 0.035937 0.175926
0 0.555469 0.201852 0.027604 0.148148
0 0.472396 0.185648 0.030208 0.156481
0 0.380469 0.071296 0.027604 0.150000
0 0.134896 0.598148 0.030208 0.194444
0 0.651563 0.082407 0.031250 0.109259
0 0.329948 0.378241 0.030729 0.173148
0 0.285677 0.390278 0.040104 0.197222
0 0.253125 0.011574 0.026042 0.137963
0 0.293490 0.136574 0.024479 0.154630
0 0.219271 0.112963 0.033333 0.148148
0 0.198958 0.178241 0.027083 0.162037
0 0.297135 0.307407 0.028646 0.153704
0 0.164063 0.195370 0.027083 0.157407
0 0.187500 0.163426 0.022917 0.160185
0 0.124479 0.193519 0.028125 0.151852
0 0.147656 0.173148 0.025521 0.168519
0 0.192708 0.033333 0.028125 0.148148
0 0.231510 0.680556 0.048438 0.233333
0 0.817448 0.035185 0.028646 0.125926
0 0.060937 0.711574 0.060417 0.230556
0 -0.005208 0.662500 0.047917 0.215741
