0 0.748437 0.634259 0.052083 0.225926
0 0.254167 0.252315 0.038542 0.193519
0 0.091146 0.636574 0.043750 0.228704
0 0.915885 0.519907 0.040104 0.193519
0 0.505990 0.968981 0.038021 0.260185
0 0.377865 0.242593 0.040104 0.103704
0 0.429427 0.218519 0.030729 0.161111
0 0.784115 0.119444 0.026562 0.135185
0 0.610156 0.175463 0.025521 0.152778
0 0.571615 0.189815 0.028646 0.170370
0 0.281510 0.190741 0.028646 0.164815
0 0.505208 0.181019 0.036458 0.163889
0 0.069271 0.410648 0.025000 0.173148
0 0.050260 0.393056 0.045312 0.187963
0 0.434635 0.415741 0.042188 0.190741
0 0.467708 0.419907 0.040625 0.176852
0 0.479167 0.175000 0.025000 0.140741
0 0.410417 0.171296 0.023958 0.157407
0 0.380729 0.072222 0.027083 0.150000
0 0.132813 0.515278 0.030208 0.182407
0 0.651563 0.082407 0.031250 0.109259
0 0.318229 0.449074 0.033333 0.188889
0 0.272396 0.446759 0.037500 0.206481
0 0.271875 -0.022685 0.026042 0.137963
0 0.229687 -0.022222 0.025000 0.140741
0 0.293750 0.136574 0.023958 0.154630
0 0.198698 0.180556 0.026562 0.161111
0 0.362240 0.367593 0.027604 0.161111
0 0.164583 0.194907 0.027083 0.156481
0 0.188021 0.165278 0.023958 0.162037
0 0.124479 0.193519 0.028125 0.151852
0 0.142708 0.173611 0.022917 0.165741
0 0.204427 0.073148 0.028646 0.148148
0 0.225260 0.575000 0.044271 0.220370
0 0.991927 0.668519 0.039063 0.214815
0 0.854427 0.078241 0.032813 0.134259
0 0.140365 0.808796 0.045312 0.247222
0 0.127344 0.738426 0.053646 0.232407
