0 0.733333 0.637037 0.053125 0.224074
0 0.238802 0.294907 0.039063 0.200926
0 0.072917 0.622222 0.048958 0.229630
0 0.915885 0.519907 0.040104 0.193519
0 0.517969 0.972222 0.035937 0.248148
0 0.353646 0.820833 0.052083 0.232407
0 0.377865 0.242593 0.040104 0.103704
0 0.367969 0.325463 0.029687 0.112037
0 0.429427 0.218519 0.030729 0.161111
0 0.790104 0.131481 0.027083 0.137037
0 0.641927 0.206944 0.026562 0.152778
0 0.612760 0.213889 0.029687 0.170370
0 0.285938 0.197222 0.028125 0.155556
0 0.483073 0.227315 0.035937 0.171296
0 0.069271 0.410648 0.025000 0.173148
0 0.077865 0.391667 0.029687 0.185185
0 0.410417 0.368981 0.034375 0.187963
0 0.437760 0.374537 0.035937 0.176852
0 0.546094 0.198148 0.025521 0.146296
0 0.464844 0.183333 0.027604 0.157407
0 0.380729 0.072222 0.027083 0.150000
0 0.133854 0.588426 0.030208 0.193519
0 0.651563 0.082407 0.031250 0.109259
0 0.329688 0.385185 0.030208 0.172222
0 0.283854 0.394444 0.039583 0.198148
0 0.254688 0.009722 0.026042 0.137963
0 0.221615 0.008796 0.023438 0.147222
0 0.293490 0.136574 0.024479 0.154630
0 0.214583 0.113889 0.030208 0.150000
0 0.198958 0.178241 0.027083 0.162037
0 0.302083 0.318056 0.028125 0.158333
0 0.164063 0.195370 0.027083 0.157407
0 0.186979 0.162963 0.022917 0.159259
0 0.124479 0.193519 0.028125 0.151852
0 0.147656 0.173611 0.026562 0.167593
0 0.193229 0.044444 0.028125 0.148148
0 0.230208 0.666667 0.043750 0.227778
0 0.819792 0.041667 0.028125 0.129630
0 0.068490 0.717130 0.059896 0.230556
0 0.013281 0.668981 0.055729 0.217593
