0 0.757031 0.635185 0.050521 0.225926
0 0.254688 0.243519 0.038542 0.192593
0 0.104948 0.642130 0.044271 0.230556
0 0.915885 0.519907 0.040104 0.193519
0 0.511198 0.970833 0.042188 0.254630
0 0.377865 0.242593 0.040104 0.103704
0 0.429427 0.218519 0.030729 0.161111
0 0.783594 0.111111 0.026562 0.135185
0 0.601823 0.167130 0.027604 0.150926
0 0.564063 0.184259 0.029167 0.172222
0 0.280729 0.189352 0.028125 0.165741
0 0.506250 0.171296 0.035417 0.162963
0 0.069531 0.410648 0.025521 0.173148
0 0.050521 0.393056 0.044792 0.187963
0 0.439583 0.425926 0.042708 0.196296
0 0.473698 0.429630 0.040104 0.175926
0 0.468490 0.172685 0.023438 0.139815
0 0.405729 0.170370 0.023958 0.157407
0 0.380469 0.072685 0.026562 0.149074
0 0.134635 0.505093 0.030729 0.186111
0 0.651563 0.082407 0.031250 0.109259
0 0.313021 0.459722 0.032292 0.189815
0 0.269271 0.457870 0.036458 0.208333
0 0.237500 -0.022685 0.029167 0.136111
0 0.293750 0.136574 0.023958 0.154630
0 0.198437 0.181481 0.026042 0.161111
0 0.375781 0.378704 0.029687 0.162963
0 0.164583 0.194907 0.027083 0.156481
0 0.188281 0.165278 0.023438 0.162037
0 0.125000 0.193056 0.029167 0.150926
0 0.141406 0.174074 0.022396 0.168519
0 0.465625 -0.025926 0.018750 0.133333
0 0.210156 0.080093 0.030729 0.147222
0 0.220573 0.556019 0.045312 0.219444
0 0.990104 0.656481 0.039583 0.214815
0 0.864583 0.084722 0.031250 0.136111
0 0.788281 -0.018056 0.022396 0.117593
0 0.150000 0.827315 0.045833 0.249074
0 0.146615 0.756481 0.045312 0.237037
