0 0.733333 0.637037 0.053125 0.224074
0 0.238802 0.292593 0.039063 0.200000
0 0.072656 0.623148 0.048438 0.229630
0 0.915885 0.519907 0.040104 0.193519
0 0.515625 0.970370 0.035417 0.248148
0 0.353646 0.820833 0.052083 0.232407
0 0.377865 0.242593 0.040104 0.103704
0 0.367969 0.325463 0.029687 0.112037
0 0.429427 0.218519 0.030729 0.161111
0 0.790104 0.131481 0.027083 0.137037
0 0.640365 0.204630 0.023438 0.151852
0 0.609115 0.213426 0.029687 0.171296
0 0.285156 0.196296 0.026562 0.159259
0 0.484635 0.225463 0.035937 0.169444
0 0.069271 0.410648 0.025000 0.173148
0 0.077344 0.391204 0.030729 0.184259
0 0.410938 0.370370 0.035417 0.187037
0 0.438802 0.377315 0.035937 0.176852
0 0.541667 0.195833 0.023958 0.145370
0 0.460677 0.181944 0.025521 0.158333
0 0.380729 0.072222 0.027083 0.150000
0 0.133073 0.582407 0.029687 0.192593
0 0.651563 0.082407 0.031250 0.109259
0 0.329688 0.387963 0.030208 0.172222
0 0.282813 0.396296 0.038542 0.198148
0 0.255208 0.007870 0.026042 0.137963
0 0.221615 0.006019 0.023438 0.147222
0 0.293490 0.136574 0.024479 0.154630
0 0.211719 0.113889 0.027604 0.150000
0 0.198958 0.178241 0.027083 0.162037
0 0.304427 0.324074 0.027604 0.161111
0 0.164063 0.195370 0.027083 0.157407
0 0.186979 0.162500 0.022917 0.158333
0 0.124479 0.193519 0.028125 0.151852
0 0.147396 0.173148 0.027083 0.166667
0 0.193229 0.050000 0.028125 0.148148
0 0.229948 0.659722 0.041146 0.225000
0 0.820833 0.045370 0.028125 0.131481
0 0.072396 0.721296 0.058333 0.231481
0 0.022917 0.672222 0.059375 0.218519
