0 0.733333 0.637037 0.053125 0.224074
0 0.238802 0.291667 0.039063 0.200000
0 0.072917 0.623148 0.047917 0.229630
0 0.915885 0.519907 0.040104 0.193519
0 0.514844 0.969444 0.035937 0.248148
0 0.353646 0.820833 0.052083 0.232407
0 0.377865 0.242593 0.040104 0.103704
0 0.367969 0.325463 0.029687 0.112037
0 0.429427 0.218519 0.030729 0.161111
0 0.790104 0.131481 0.027083 0.137037
0 0.639844 0.203704 0.022396 0.151852
0 0.608073 0.213426 0.029687 0.171296
0 0.284896 0.195833 0.026042 0.160185
0 0.485156 0.224537 0.035937 0.169444
0 0.069271 0.410648 0.025000 0.173148
0 0.077083 0.391204 0.031250 0.184259
0 0.411198 0.371296 0.035937 0.187037
0 0.439323 0.378241 0.035937 0.176852
0 0.540104 0.194907 0.023958 0.145370
0 0.459375 0.181481 0.025000 0.159259
0 0.380729 0.072222 0.027083 0.150000
0 0.133073 0.580556 0.029687 0.192593
0 0.651563 0.082407 0.031250 0.109259
0 0.329688 0.388889 0.030208 0.172222
0 0.282552 0.397222 0.038021 0.198148
0 0.255208 0.007870 0.026042 0.137963
0 0.221615 0.005093 0.023438 0.147222
0 0.293490 0.136574 0.024479 0.154630
0 0.210938 0.113889 0.027083 0.150000
0 0.198958 0.178241 0.027083 0.162037
0 0.305469 0.326389 0.027604 0.162037
0 0.164063 0.195370 0.027083 0.157407
0 0.186979 0.162500 0.022917 0.158333
0 0.124479 0.193519 0.028125 0.151852
0 0.147396 0.173148 0.027083 0.166667
0 0.193229 0.051852 0.028125 0.148148
0 0.230208 0.657870 0.041667 0.225000
0 0.821354 0.046759 0.028125 0.132407
0 0.073958 0.723148 0.057292 0.231481
0 0.026302 0.674074 0.060937 0.218519
