0 0.733333 0.637037 0.053125 0.224074
0 0.238802 0.298611 0.039063 0.200926
0 0.072917 0.621296 0.050000 0.229630
0 0.915885 0.519907 0.040104 0.193519
0 0.521875 0.975463 0.035417 0.249074
0 0.353646 0.820833 0.052083 0.232407
0 0.377865 0.242593 0.040104 0.103704
0 0.367969 0.325463 0.029687 0.112037
0 0.429427 0.218519 0.030729 0.161111
0 0.790104 0.131481 0.027083 0.137037
0 0.644010 0.210648 0.031771 0.152778
0 0.618750 0.214352 0.030208 0.169444
0 0.286979 0.198148 0.031250 0.150000
0 0.480729 0.231019 0.036458 0.173148
0 0.069271 0.410648 0.025000 0.173148
0 0.078646 0.392130 0.028125 0.186111
0 0.409375 0.365741 0.033333 0.188889
0 0.436198 0.369907 0.035937 0.176852
0 0.553906 0.201852 0.027604 0.148148
0 0.471354 0.186111 0.031250 0.155556
0 0.380990 0.072222 0.027604 0.150000
0 0.134896 0.597685 0.030208 0.195370
0 0.651563 0.082407 0.031250 0.109259
0 0.329948 0.379630 0.030729 0.172222
0 0.285417 0.391667 0.040625 0.198148
0 0.253646 0.011574 0.026042 0.137963
0 0.293490 0.136574 0.024479 0.154630
0 0.219271 0.113426 0.033333 0.149074
0 0.198958 0.178241 0.027083 0.162037
0 0.297917 0.308333 0.028125 0.153704
0 0.164063 0.195370 0.027083 0.157407
0 0.187500 0.163426 0.022917 0.160185
0 0.124479 0.193519 0.028125 0.151852
0 0.147917 0.174074 0.025000 0.168519
0 0.193229 0.034259 0.028125 0.148148
0 0.231250 0.678241 0.047917 0.232407
0 0.817969 0.036111 0.028646 0.125926
0 0.062240 0.712500 0.059896 0.230556
0 -0.002344 0.663426 0.049479 0.215741
