0 0.773958 0.650463 0.047917 0.228704
0 0.255990 0.226389 0.038021 0.189815
0 0.131250 0.650926 0.045833 0.233333
0 0.915625 0.519907 0.040625 0.193519
0 0.511719 0.974074 0.047396 0.246296
0 0.377865 0.242593 0.040104 0.103704
0 0.367969 0.325463 0.029687 0.112037
0 0.429427 0.218519 0.030729 0.161111
0 0.778906 0.098148 0.026562 0.135185
0 0.586458 0.159722 0.026042 0.147222
0 0.549479 0.174537 0.031250 0.167593
0 0.280729 0.181481 0.026042 0.161111
0 0.505729 0.153241 0.032292 0.162037
0 0.069531 0.410648 0.025521 0.173148
0 0.446094 0.447222 0.047396 0.194444
0 0.480469 0.453704 0.039063 0.179630
0 0.452083 0.174537 0.022917 0.143519
0 0.402865 0.172685 0.022396 0.156481
0 0.380469 0.072685 0.026562 0.149074
0 0.136979 0.474074 0.030208 0.181481
0 0.651563 0.082407 0.031250 0.109259
0 0.304427 0.486111 0.033854 0.194444
0 0.259375 0.477315 0.033333 0.202778
0 0.294010 0.136574 0.023438 0.154630
0 0.197917 0.182407 0.026042 0.161111
0 0.413281 0.405093 0.034896 0.175000
0 0.163542 0.197685 0.027083 0.156481
0 0.189062 0.165741 0.022917 0.162963
0 0.129688 0.195370 0.026042 0.148148
0 0.141146 0.175926 0.023958 0.170370
0 0.117188 0.174074 0.020833 0.159259
0 0.463021 -0.014815 0.018750 0.135185
0 0.221875 0.092593 0.029167 0.150000
0 0.225521 0.522685 0.042708 0.213889
0 0.982812 0.630556 0.034375 0.209259
0 0.876042 0.098611 0.028125 0.139815
0 0.804688 -0.004630 0.026042 0.120370
0 0.169792 0.870370 0.047917 0.255556
0 0.182031 0.800000 0.050521 0.242593
