0 0.759896 0.637500 0.050000 0.226852
0 0.254948 0.240741 0.038021 0.192593
0 0.108594 0.643056 0.044271 0.230556
0 0.915885 0.519907 0.040104 0.193519
0 0.512500 0.972685 0.042708 0.252778
0 0.377865 0.242593 0.040104 0.103704
0 0.429427 0.218519 0.030729 0.161111
0 0.783073 0.109259 0.026562 0.135185
0 0.598958 0.167130 0.029167 0.150926
0 0.561719 0.182407 0.029687 0.170370
0 0.280208 0.188889 0.027083 0.164815
0 0.506771 0.169444 0.035417 0.162963
0 0.069531 0.410648 0.025521 0.173148
0 0.051042 0.393056 0.043750 0.187963
0 0.440885 0.431481 0.043229 0.198148
0 0.475000 0.434259 0.039583 0.177778
0 0.465625 0.172685 0.021875 0.139815
0 0.405208 0.170833 0.023958 0.158333
0 0.380469 0.072685 0.026562 0.149074
0 0.135156 0.499537 0.030729 0.186111
0 0.651563 0.082407 0.031250 0.109259
0 0.311979 0.465741 0.032292 0.192593
0 0.267448 0.462500 0.036979 0.208333
0 0.293750 0.136574 0.023958 0.154630
0 0.198437 0.181481 0.026042 0.161111
0 0.380208 0.384259 0.032292 0.164815
0 0.164583 0.194907 0.027083 0.156481
0 0.188281 0.165741 0.023438 0.162963
0 0.125781 0.193056 0.029687 0.150926
0 0.141667 0.174537 0.022917 0.169444
0 0.465625 -0.023611 0.018750 0.132407
0 0.211979 0.081481 0.030208 0.146296
0 0.219271 0.552778 0.046875 0.220370
0 0.989062 0.649074 0.039583 0.214815
0 0.865885 0.085185 0.030729 0.135185
0 0.789844 -0.015278 0.022396 0.117593
0 0.152344 0.832870 0.045312 0.249074
