0 0.752604 0.633333 0.051042 0.225926
0 0.254427 0.247685 0.038021 0.193519
0 0.097917 0.639352 0.043750 0.228704
0 0.915885 0.519907 0.040104 0.193519
0 0.508854 0.969444 0.040625 0.257407
0 0.377865 0.242593 0.040104 0.103704
0 0.429427 0.218519 0.030729 0.161111
0 0.784115 0.114815 0.026562 0.135185
0 0.606510 0.169444 0.025521 0.151852
0 0.567969 0.187037 0.028646 0.172222
0 0.281250 0.190278 0.029167 0.165741
0 0.505729 0.175463 0.035417 0.162037
0 0.069271 0.410648 0.025000 0.173148
0 0.050260 0.393056 0.045312 0.187963
0 0.437240 0.419444 0.042188 0.192593
0 0.471094 0.423611 0.041146 0.175000
0 0.473958 0.173148 0.025000 0.140741
0 0.407552 0.170370 0.024479 0.157407
0 0.380469 0.072685 0.026562 0.149074
0 0.134115 0.512037 0.030729 0.185185
0 0.651563 0.082407 0.031250 0.109259
0 0.315365 0.452778 0.032813 0.187037
0 0.271615 0.451852 0.035937 0.207407
0 0.233854 -0.020833 0.030208 0.137963
0 0.293750 0.136574 0.023958 0.154630
0 0.198437 0.181019 0.026042 0.162037
0 0.368750 0.372222 0.027083 0.161111
0 0.164583 0.194907 0.027083 0.156481
0 0.188021 0.165278 0.023958 0.162037
0 0.124479 0.193519 0.028125 0.151852
0 0.141667 0.173611 0.022917 0.167593
0 0.207292 0.077315 0.030208 0.147222
0 0.223177 0.561574 0.043229 0.217593
0 0.991146 0.665741 0.039583 0.214815
0 0.860938 0.082407 0.032292 0.135185
0 0.786198 -0.020833 0.022396 0.117593
0 0.146094 0.818519 0.046354 0.250000
0 0.136979 0.745370 0.045833 0.235185
