0 0.733333 0.637037 0.053125 0.224074
0 0.243229 0.280556 0.038542 0.198148
0 0.073177 0.626852 0.045312 0.229630
0 0.915885 0.519907 0.040104 0.193519
0 0.506250 0.966667 0.035417 0.264815
0 0.353385 0.820833 0.050521 0.232407
0 0.377865 0.242593 0.040104 0.103704
0 0.367969 0.325463 0.029687 0.112037
0 0.429427 0.218519 0.030729 0.161111
0 0.790104 0.131481 0.027083 0.137037
0 0.633073 0.195833 0.021354 0.154630
0 0.596875 0.203241 0.028125 0.169444
0 0.281510 0.194444 0.023438 0.162963
0 0.490365 0.212037 0.040104 0.166667
0 0.069271 0.410648 0.025000 0.173148
0 0.418490 0.386111 0.038021 0.187037
0 0.447917 0.388889 0.036458 0.175926
0 0.522656 0.187500 0.018229 0.143519
0 0.441927 0.179167 0.038021 0.158333
0 0.380729 0.072222 0.027083 0.150000
0 0.128646 0.557870 0.031250 0.186111
0 0.651563 0.082407 0.031250 0.109259
0 0.325260 0.410648 0.030729 0.186111
0 0.281771 0.413889 0.035417 0.201852
0 0.258333 -0.001389 0.026042 0.137963
0 0.221094 -0.004630 0.023438 0.146296
0 0.293490 0.136574 0.024479 0.154630
0 0.202865 0.116204 0.026562 0.150926
0 0.198958 0.179167 0.027083 0.162037
0 0.317969 0.338426 0.028646 0.162037
0 0.164583 0.194907 0.027083 0.156481
0 0.188021 0.164815 0.022917 0.159259
0 0.124479 0.193519 0.028125 0.151852
0 0.146875 0.172685 0.026042 0.165741
0 0.194792 0.055556 0.028125 0.148148
0 0.229427 0.636111 0.047396 0.227778
0 0.830469 0.057407 0.028646 0.133333
0 0.095833 0.746759 0.053125 0.234259
0 0.061979 0.692130 0.052083 0.226852
