0 0.785677 0.659722 0.046354 0.228704
0 0.256250 0.216204 0.037500 0.187963
0 0.151823 0.653241 0.051562 0.236111
0 0.915625 0.519907 0.040625 0.193519
0 0.507292 0.971759 0.040625 0.250926
0 0.377865 0.242593 0.040104 0.103704
0 0.367969 0.325463 0.029687 0.112037
0 0.429427 0.218519 0.030729 0.161111
0 0.775260 0.087037 0.026562 0.133333
0 0.576823 0.155093 0.026562 0.147222
0 0.542188 0.168056 0.031250 0.167593
0 0.279687 0.177315 0.023958 0.160185
0 0.504167 0.143056 0.032292 0.162037
0 0.069531 0.410648 0.025521 0.173148
0 0.448698 0.466204 0.047396 0.200926
0 0.480990 0.470833 0.038021 0.180556
0 0.443750 0.172222 0.029167 0.142593
0 0.399219 0.172685 0.023438 0.156481
0 0.380469 0.072685 0.026562 0.149074
0 0.139063 0.461574 0.030208 0.180556
0 0.651563 0.082407 0.031250 0.109259
0 0.297396 0.504167 0.033333 0.197222
0 0.256771 0.495833 0.032292 0.210185
0 0.294010 0.136574 0.023438 0.154630
0 0.178125 0.122685 0.027083 0.149074
0 0.198177 0.182870 0.026562 0.162037
0 0.435417 0.414815 0.034375 0.170370
0 0.161979 0.200000 0.027083 0.157407
0 0.189844 0.165278 0.022396 0.162037
0 0.128646 0.195370 0.028125 0.148148
0 0.139583 0.176852 0.023958 0.170370
0 0.460938 -0.006944 0.018750 0.136111
0 0.225521 0.099074 0.028125 0.151852
0 0.220052 0.504167 0.042188 0.210185
0 0.979687 0.610185 0.033333 0.200000
0 0.888021 0.107870 0.029167 0.141667
0 0.181510 0.900926 0.050521 0.255556
0 0.195313 0.826389 0.040625 0.245370
