0 0.748958 0.633796 0.052083 0.225000
0 0.254167 0.251389 0.038542 0.193519
0 0.092448 0.637500 0.044271 0.228704
0 0.915885 0.519907 0.040104 0.193519
0 0.506510 0.969444 0.039063 0.259259
0 0.377865 0.242593 0.040104 0.103704
0 0.429427 0.218519 0.030729 0.161111
0 0.784115 0.118519 0.026562 0.135185
0 0.609635 0.174074 0.025521 0.151852
0 0.571094 0.189352 0.028646 0.171296
0 0.281510 0.190741 0.028646 0.164815
0 0.505469 0.179630 0.035937 0.162963
0 0.069271 0.410648 0.025000 0.173148
0 0.050260 0.393056 0.045312 0.187963
0 0.435156 0.416667 0.042188 0.190741
0 0.468490 0.420370 0.041146 0.175926
0 0.478125 0.174537 0.025000 0.141667
0 0.409896 0.171296 0.023958 0.157407
0 0.380729 0.072222 0.027083 0.150000
0 0.133333 0.514815 0.030208 0.183333
0 0.651563 0.082407 0.031250 0.109259
0 0.317708 0.449537 0.033333 0.187963
0 0.272135 0.447685 0.036979 0.206481
0 0.272396 -0.023611 0.026042 0.137963
0 0.230469 -0.021759 0.026562 0.139815
0 0.293750 0.136574 0.023958 0.154630
0 0.198698 0.180556 0.026562 0.161111
0 0.363802 0.368519 0.027604 0.161111
0 0.164583 0.194907 0.027083 0.156481
0 0.188021 0.165278 0.023958 0.162037
0 0.124479 0.193519 0.028125 0.151852
0 0.142708 0.173611 0.022917 0.165741
0 0.205208 0.074074 0.029167 0.148148
0 0.224740 0.572222 0.044271 0.220370
0 0.991927 0.667593 0.039063 0.214815
0 0.855729 0.079167 0.032292 0.134259
0 0.141667 0.810185 0.045833 0.248148
0 0.129688 0.739815 0.052083 0.233333
