0 0.733333 0.637037 0.053125 0.224074
0 0.239062 0.290278 0.038542 0.199074
0 0.072917 0.624074 0.047917 0.229630
0 0.915885 0.519907 0.040104 0.193519
0 0.513281 0.968519 0.035937 0.250000
0 0.353906 0.820833 0.051562 0.232407
0 0.377865 0.242593 0.040104 0.103704
0 0.367969 0.325463 0.029687 0.112037
0 0.429427 0.218519 0.030729 0.161111
0 0.790104 0.131481 0.027083 0.137037
0 0.639062 0.202778 0.020833 0.151852
0 0.605990 0.212037 0.029687 0.170370
0 0.284635 0.195370 0.025521 0.161111
0 0.486198 0.223148 0.035937 0.168519
0 0.069271 0.410648 0.025000 0.173148
0 0.076563 0.391204 0.031250 0.184259
0 0.411979 0.373148 0.036458 0.187037
0 0.440365 0.379167 0.035937 0.176852
0 0.537500 0.193981 0.022917 0.145370
0 0.456771 0.180556 0.026042 0.159259
0 0.380729 0.072222 0.027083 0.150000
0 0.132552 0.576852 0.029687 0.190741
0 0.651563 0.082407 0.031250 0.109259
0 0.329427 0.392593 0.029687 0.174074
0 0.282292 0.399074 0.037500 0.198148
0 0.255729 0.006944 0.026042 0.137963
0 0.221615 0.003241 0.023438 0.147222
0 0.293490 0.136574 0.024479 0.154630
0 0.209115 0.114352 0.026562 0.150926
0 0.198958 0.178241 0.027083 0.162037
0 0.307031 0.328704 0.027604 0.162963
0 0.164063 0.195370 0.027083 0.157407
0 0.186979 0.162500 0.022917 0.158333
0 0.124479 0.193519 0.028125 0.151852
0 0.147396 0.172685 0.027083 0.165741
0 0.193229 0.054630 0.028125 0.148148
0 0.230729 0.655556 0.042708 0.225926
0 0.822396 0.048148 0.028125 0.133333
0 0.077083 0.726389 0.055208 0.232407
0 0.032031 0.676852 0.059896 0.220370
