0 0.747396 0.634722 0.052083 0.225000
0 0.254167 0.253241 0.038542 0.193519
0 0.089583 0.636111 0.043750 0.227778
0 0.915885 0.519907 0.040104 0.193519
0 0.505469 0.968981 0.038021 0.260185
0 0.377865 0.242593 0.040104 0.103704
0 0.429427 0.218519 0.030729 0.161111
0 0.784115 0.120370 0.026562 0.135185
0 0.611198 0.176389 0.025521 0.152778
0 0.572656 0.190741 0.028646 0.170370
0 0.281250 0.190741 0.028125 0.164815
0 0.505208 0.181944 0.036458 0.163889
0 0.069271 0.410648 0.025000 0.173148
0 0.050260 0.393056 0.045312 0.187963
0 0.434115 0.415278 0.042188 0.189815
0 0.467187 0.418981 0.040625 0.176852
0 0.480208 0.175463 0.025000 0.141667
0 0.410938 0.171296 0.023958 0.157407
0 0.380729 0.072222 0.027083 0.150000
0 0.132813 0.516204 0.030208 0.182407
0 0.651563 0.082407 0.031250 0.109259
0 0.318750 0.448148 0.033333 0.188889
0 0.272396 0.445833 0.037500 0.206481
0 0.271875 -0.021759 0.026042 0.137963
0 0.228906 -0.022222 0.024479 0.140741
0 0.293750 0.136574 0.023958 0.154630
0 0.198698 0.180556 0.026562 0.161111
0 0.361198 0.366667 0.027604 0.161111
0 0.164583 0.194907 0.027083 0.156481
0 0.188021 0.165278 0.023958 0.162037
0 0.124479 0.193519 0.028125 0.151852
0 0.143229 0.173611 0.022917 0.165741
0 0.203906 0.072222 0.028646 0.148148
0 0.225521 0.577778 0.044792 0.220370
0 0.992188 0.668519 0.039583 0.214815
0 0.853125 0.077315 0.032292 0.134259
0 0.139323 0.806481 0.045312 0.246296
0 0.125521 0.736574 0.055208 0.232407
