0 0.779167 0.655556 0.046875 0.229630
0 0.256250 0.220833 0.037500 0.189815
0 0.140625 0.651852 0.048958 0.235185
0 0.915625 0.519907 0.040625 0.193519
0 0.510156 0.971759 0.044271 0.245370
0 0.377865 0.242593 0.040104 0.103704
0 0.367969 0.325463 0.029687 0.112037
0 0.429427 0.218519 0.030729 0.161111
0 0.777344 0.091667 0.027604 0.133333
0 0.581771 0.159722 0.026042 0.147222
0 0.545312 0.171759 0.031250 0.167593
0 0.280990 0.179167 0.025521 0.158333
0 0.504427 0.149537 0.031771 0.163889
0 0.069531 0.410648 0.025521 0.173148
0 0.447656 0.457407 0.047396 0.198148
0 0.481510 0.459722 0.040104 0.178704
0 0.446094 0.174074 0.031771 0.142593
0 0.402083 0.172685 0.023958 0.156481
0 0.380469 0.072685 0.026562 0.149074
0 0.138542 0.470370 0.030208 0.181481
0 0.651563 0.082407 0.031250 0.109259
0 0.300260 0.491667 0.033854 0.194444
0 0.258073 0.488426 0.032813 0.208333
0 0.294010 0.136574 0.023438 0.154630
0 0.179167 0.122685 0.027083 0.149074
0 0.197917 0.182407 0.026042 0.161111
0 0.423958 0.409259 0.032292 0.172222
0 0.163021 0.199074 0.027083 0.157407
0 0.189323 0.165741 0.022396 0.162963
0 0.129167 0.195370 0.027083 0.148148
0 0.140625 0.176852 0.023958 0.170370
0 0.461458 -0.010185 0.018750 0.133333
0 0.223437 0.094444 0.029167 0.150000
0 0.223698 0.509722 0.040104 0.210185
0 0.980469 0.616204 0.033854 0.204630
0 0.882813 0.103241 0.029167 0.141667
0 0.176302 0.881481 0.050521 0.255556
0 0.186719 0.807870 0.046354 0.239815
