0 0.739323 0.636111 0.053646 0.224074
0 0.251042 0.261574 0.038542 0.195370
0 0.081771 0.632870 0.043750 0.228704
0 0.915885 0.519907 0.040104 0.193519
0 0.504167 0.965741 0.036458 0.262963
0 0.377865 0.242593 0.040104 0.103704
0 0.367969 0.325463 0.029687 0.112037
0 0.429427 0.218519 0.030729 0.161111
0 0.785937 0.123611 0.027083 0.137963
0 0.618490 0.181944 0.025521 0.150926
0 0.578646 0.192593 0.029167 0.166667
0 0.281510 0.191667 0.026562 0.164815
0 0.502865 0.193519 0.035937 0.164815
0 0.069271 0.410648 0.025000 0.173148
0 0.050781 0.392130 0.043229 0.186111
0 0.430990 0.406019 0.042188 0.189815
0 0.461979 0.409259 0.039583 0.175926
0 0.415365 0.171759 0.027604 0.152778
0 0.380729 0.072222 0.027083 0.150000
0 0.131250 0.530093 0.030208 0.187963
0 0.651563 0.082407 0.031250 0.109259
0 0.321875 0.434259 0.032292 0.187037
0 0.275781 0.437500 0.036979 0.204630
0 0.267188 -0.013426 0.026042 0.137963
0 0.224740 -0.015741 0.022396 0.142593
0 0.293750 0.136574 0.023958 0.154630
0 0.198698 0.180093 0.026562 0.162037
0 0.164583 0.194907 0.027083 0.156481
0 0.187500 0.163889 0.022917 0.159259
0 0.124479 0.193519 0.028125 0.151852
0 0.144531 0.173148 0.023438 0.164815
0 0.200521 0.068519 0.028125 0.148148
0 0.223698 0.595833 0.045312 0.223148
0 0.997656 0.684259 0.039063 0.214815
0 0.845313 0.069907 0.029167 0.132407
0 0.126562 0.784722 0.043750 0.237963
0 0.107812 0.723148 0.053125 0.231481
