0 0.736979 0.637037 0.054167 0.224074
0 0.250000 0.264352 0.038542 0.195370
0 0.080208 0.631944 0.043750 0.228704
0 0.915885 0.519907 0.040104 0.193519
0 0.504167 0.964352 0.036458 0.263889
0 0.352344 0.820370 0.048438 0.231481
0 0.377865 0.242593 0.040104 0.103704
0 0.367969 0.325463 0.029687 0.112037
0 0.429427 0.218519 0.030729 0.161111
0 0.786458 0.124537 0.027083 0.137963
0 0.621354 0.183796 0.026042 0.150926
0 0.580729 0.193056 0.029167 0.165741
0 0.281771 0.192593 0.026042 0.164815
0 0.502344 0.198148 0.035937 0.164815
0 0.069271 0.410648 0.025000 0.173148
0 0.051042 0.392130 0.042708 0.186111
0 0.430208 0.403241 0.041667 0.189815
0 0.460417 0.406481 0.039583 0.175926
0 0.416927 0.172685 0.028646 0.150926
0 0.380729 0.072222 0.027083 0.150000
0 0.131250 0.536111 0.030208 0.190741
0 0.651563 0.082407 0.031250 0.109259
0 0.322917 0.429167 0.031250 0.186111
0 0.277083 0.435185 0.036458 0.203704
0 0.265625 -0.009722 0.026042 0.137963
0 0.223698 -0.012963 0.022396 0.142593
0 0.293750 0.136574 0.023958 0.154630
0 0.196615 0.119907 0.026562 0.150926
0 0.198958 0.180093 0.027083 0.162037
0 0.164583 0.194907 0.027083 0.156481
0 0.187500 0.163426 0.022917 0.158333
0 0.124479 0.193519 0.028125 0.151852
0 0.144792 0.173148 0.023958 0.164815
0 0.200000 0.067593 0.028125 0.148148
0 0.221615 0.600000 0.045312 0.224074
0 1.000260 0.691667 0.039063 0.214815
0 0.843229 0.067593 0.028125 0.131481
0 0.121615 0.775926 0.044271 0.235185
0 0.101563 0.718519 0.050000 0.231481
