0 0.763281 0.641204 0.049479 0.226852
0 0.255469 0.237500 0.038021 0.191667
0 0.114323 0.645370 0.044271 0.231481
0 0.915885 0.519907 0.040104 0.193519
0 0.514323 0.975000 0.044271 0.250000
0 0.377865 0.242593 0.040104 0.103704
0 0.429427 0.218519 0.030729 0.161111
0 0.781510 0.107407 0.026562 0.135185
0 0.595313 0.167130 0.031250 0.150926
0 0.558854 0.180093 0.031250 0.167593
0 0.279687 0.188889 0.026042 0.164815
0 0.507813 0.167130 0.035417 0.163889
0 0.069531 0.410648 0.025521 0.173148
0 0.051562 0.393519 0.042708 0.188889
0 0.443229 0.438889 0.043750 0.201852
0 0.477083 0.440741 0.038542 0.179630
0 0.461719 0.172685 0.020313 0.139815
0 0.404427 0.172222 0.023438 0.159259
0 0.380469 0.072685 0.026562 0.149074
0 0.136198 0.493056 0.030729 0.186111
0 0.651563 0.082407 0.031250 0.109259
0 0.310937 0.473611 0.032292 0.195370
0 0.265104 0.468519 0.038542 0.207407
0 0.294010 0.136574 0.023438 0.154630
0 0.198437 0.182407 0.026042 0.161111
0 0.386198 0.392130 0.035937 0.167593
0 0.165104 0.194907 0.027083 0.156481
0 0.188542 0.165741 0.022917 0.162963
0 0.126823 0.193519 0.030729 0.150000
0 0.142187 0.175926 0.023958 0.170370
0 0.466146 -0.020370 0.018750 0.131481
0 0.214844 0.083333 0.029687 0.146296
0 0.219792 0.547222 0.046875 0.220370
0 0.987760 0.641667 0.039063 0.214815
0 0.867969 0.086111 0.029687 0.135185
0 0.793750 -0.013426 0.022917 0.119444
0 0.156510 0.843056 0.045312 0.250926
0 0.160156 0.773611 0.047396 0.239815
