0 0.733854 0.637037 0.053125 0.224074
0 0.244271 0.277778 0.038542 0.198148
0 0.073177 0.626852 0.044271 0.229630
0 0.915885 0.519907 0.040104 0.193519
0 0.505990 0.965741 0.035937 0.264815
0 0.353125 0.820833 0.050000 0.232407
0 0.377865 0.242593 0.040104 0.103704
0 0.367969 0.325463 0.029687 0.112037
0 0.429427 0.218519 0.030729 0.161111
0 0.790104 0.131481 0.027083 0.137037
0 0.630990 0.193519 0.022396 0.153704
0 0.593490 0.202778 0.030729 0.168519
0 0.281771 0.194444 0.023958 0.162963
0 0.492708 0.208796 0.038542 0.165741
0 0.069271 0.410648 0.025000 0.173148
0 0.420833 0.389815 0.037500 0.188889
0 0.450260 0.392593 0.036979 0.175926
0 0.518750 0.186574 0.017708 0.143519
0 0.438021 0.177315 0.031250 0.156481
0 0.380729 0.072222 0.027083 0.150000
0 0.128646 0.556019 0.031250 0.187963
0 0.651563 0.082407 0.031250 0.109259
0 0.324740 0.412037 0.030729 0.183333
0 0.281771 0.415278 0.035417 0.200926
0 0.259896 -0.004167 0.026042 0.137963
0 0.221354 -0.005556 0.022917 0.144444
0 0.293750 0.136574 0.023958 0.154630
0 0.201302 0.116204 0.026562 0.150926
0 0.198958 0.179167 0.027083 0.162037
0 0.164583 0.194907 0.027083 0.156481
0 0.188021 0.164815 0.022917 0.157407
0 0.124479 0.193519 0.028125 0.151852
0 0.146615 0.172685 0.025521 0.165741
0 0.195833 0.056481 0.028125 0.148148
0 0.226823 0.628241 0.048438 0.226852
0 0.834375 0.058796 0.030208 0.132407
0 0.101563 0.752778 0.056250 0.235185
0 0.068750 0.694444 0.048958 0.225926
