0 0.758854 0.637037 0.050000 0.225926
0 0.254948 0.241667 0.038021 0.192593
0 0.107552 0.643056 0.044271 0.230556
0 0.915885 0.519907 0.040104 0.193519
0 0.511979 0.972222 0.042708 0.253704
0 0.377865 0.242593 0.040104 0.103704
0 0.429427 0.218519 0.030729 0.161111
0 0.783073 0.110185 0.026562 0.135185
0 0.600260 0.167130 0.028646 0.150926
0 0.562760 0.183333 0.029687 0.170370
0 0.280469 0.189352 0.027604 0.165741
0 0.506771 0.170370 0.035417 0.162963
0 0.069531 0.410648 0.025521 0.173148
0 0.050781 0.393056 0.044271 0.187963
0 0.440625 0.429630 0.042708 0.198148
0 0.474740 0.432870 0.040104 0.176852
0 0.466667 0.172685 0.022917 0.139815
0 0.405208 0.170833 0.023958 0.158333
0 0.380469 0.072685 0.026562 0.149074
0 0.135156 0.501389 0.030729 0.186111
0 0.651563 0.082407 0.031250 0.109259
0 0.312500 0.463889 0.032292 0.190741
0 0.267969 0.461111 0.036979 0.207407
0 0.293750 0.136574 0.023958 0.154630
0 0.198437 0.181481 0.026042 0.161111
0 0.378646 0.382870 0.031250 0.163889
0 0.164583 0.194907 0.027083 0.156481
0 0.188281 0.165741 0.023438 0.162963
0 0.125521 0.193056 0.029167 0.150926
0 0.141667 0.174537 0.022917 0.169444
0 0.465625 -0.024074 0.018750 0.133333
0 0.211458 0.081019 0.030208 0.147222
0 0.219531 0.553704 0.046354 0.220370
0 0.989583 0.651852 0.039583 0.214815
0 0.865625 0.085185 0.031250 0.135185
0 0.789323 -0.016204 0.022396 0.117593
0 0.151562 0.831019 0.045833 0.249074
