0 0.767708 0.645370 0.048958 0.227778
0 0.255469 0.232407 0.038021 0.190741
0 0.121094 0.647685 0.044271 0.232407
0 0.915885 0.519907 0.040104 0.193519
0 0.513281 0.975000 0.046354 0.248148
0 0.377865 0.242593 0.040104 0.103704
0 0.367969 0.325463 0.029687 0.112037
0 0.429427 0.218519 0.030729 0.161111
0 0.780469 0.103704 0.026562 0.135185
0 0.591667 0.163426 0.028125 0.149074
0 0.554688 0.178241 0.031250 0.167593
0 0.280208 0.185648 0.026042 0.163889
0 0.507031 0.160648 0.033854 0.162037
0 0.069531 0.410648 0.025521 0.173148
0 0.051562 0.393056 0.042708 0.187963
0 0.444531 0.441204 0.045312 0.197222
0 0.478646 0.446296 0.038542 0.179630
0 0.457813 0.173611 0.019792 0.141667
0 0.403646 0.172685 0.022917 0.158333
0 0.380469 0.072685 0.026562 0.149074
0 0.136458 0.484259 0.030208 0.183333
0 0.651563 0.082407 0.031250 0.109259
0 0.308333 0.478704 0.033333 0.194444
0 0.262500 0.470833 0.036458 0.204630
0 0.294010 0.136574 0.023438 0.154630
0 0.197917 0.182407 0.026042 0.161111
0 0.397917 0.397685 0.035417 0.171296
0 0.164583 0.195833 0.027083 0.156481
0 0.188542 0.165741 0.022917 0.162963
0 0.128385 0.194444 0.028646 0.150000
0 0.141667 0.175926 0.023958 0.170370
0 0.464583 -0.018519 0.018750 0.133333
0 0.218229 0.087963 0.029167 0.148148
0 0.224219 0.537500 0.045312 0.217593
0 0.985677 0.639815 0.036979 0.212963
0 0.870833 0.091667 0.029167 0.137037
0 0.798958 -0.010648 0.022917 0.121296
0 0.161719 0.856944 0.045312 0.254630
0 0.171094 0.786574 0.050521 0.241667
