0 0.853385 0.690741 0.048438 0.225926
0 0.258854 0.155093 0.035417 0.178704
0 0.364323 0.626852 0.049479 0.224074
0 0.915365 0.519907 0.041146 0.193519
0 0.532552 0.970370 0.046354 0.259259
0 0.377865 0.242593 0.040104 0.103704
0 0.367969 0.325463 0.029687 0.112037
0 0.429167 0.218519 0.030208 0.159259
0 0.765365 0.009722 0.026562 0.121296
0 0.539323 0.112963 0.027604 0.148148
0 0.509115 0.100926 0.032813 0.159259
0 0.493490 0.043056 0.029687 0.141667
0 0.070052 0.410648 0.026562 0.173148
0 0.467187 0.582407 0.048958 0.212963
0 0.500260 0.587500 0.040104 0.195370
0 0.406771 0.162963 0.032292 0.107407
0 0.384115 0.162037 0.030729 0.153704
0 0.384635 0.060648 0.026562 0.136111
0 0.120313 0.342130 0.028125 0.165741
0 0.651563 0.082407 0.031250 0.109259
0 0.242188 0.652315 0.036458 0.215741
0 0.187240 0.632870 0.046354 0.223148
0 0.298698 0.136111 0.029687 0.151852
0 0.182292 0.127315 0.031250 0.150926
0 0.200521 0.180556 0.027083 0.162963
0 0.617969 0.533333 0.035937 0.187037
0 0.161979 0.195370 0.027083 0.157407
0 0.192969 0.162500 0.026562 0.160185
0 0.129427 0.202315 0.031771 0.143519
0 0.445052 0.037500 0.029687 0.147222
0 0.235937 0.159722 0.027083 0.162037
0 0.254948 0.346759 0.040104 0.189815
0 0.935156 0.488889 0.035937 0.192593
0 0.940365 0.180556 0.033854 0.150000
0 0.944531 0.137037 0.034896 0.153704
0 0.869271 0.116667 0.030208 0.153704
0 0.322135 1.027315 0.045312 0.145370
0 0.232552 0.031481 0.025521 0.127778
0 0.205208 0.032870 0.033333 0.128704
