0 0.825521 0.681944 0.042708 0.225000
0 0.251563 0.188426 0.037500 0.184259
0 0.241146 0.647222 0.052083 0.233333
0 0.915625 0.519907 0.040625 0.193519
0 0.510677 0.973611 0.038021 0.250926
0 0.377865 0.242593 0.040104 0.103704
0 0.367969 0.325463 0.029687 0.112037
0 0.429427 0.218519 0.030729 0.161111
0 0.767969 0.052778 0.028646 0.125926
0 0.554167 0.140741 0.026042 0.150000
0 0.524479 0.142130 0.031250 0.167593
0 0.281510 0.168981 0.020313 0.156481
0 0.499479 0.097685 0.031250 0.152778
0 0.069792 0.411111 0.026042 0.174074
0 0.459635 0.517130 0.044271 0.206481
0 0.486198 0.518519 0.034896 0.187037
0 0.412240 0.157407 0.020313 0.140741
0 0.386719 0.166667 0.027604 0.157407
0 0.382292 0.077315 0.026042 0.141667
0 0.134896 0.403704 0.030208 0.172222
0 0.651563 0.082407 0.031250 0.109259
0 0.278906 0.560185 0.033854 0.200000
0 0.232031 0.556019 0.044271 0.213889
0 0.294271 0.136111 0.025000 0.153704
0 0.181771 0.121759 0.027083 0.149074
0 0.203906 0.180093 0.028646 0.163889
0 0.521094 0.461111 0.033854 0.181481
0 0.162500 0.200000 0.027083 0.157407
0 0.123698 0.202778 0.027604 0.148148
0 0.129948 0.181481 0.023438 0.174074
0 0.149219 0.155556 0.028646 0.159259
0 0.452865 0.011111 0.023438 0.142593
0 0.234635 0.127315 0.029687 0.154630
0 0.241927 0.431019 0.042188 0.199074
0 0.970573 0.556481 0.034896 0.192593
0 0.914583 0.138426 0.029167 0.143519
0 1.002344 0.134722 0.029687 0.147222
0 0.844531 0.048611 0.026562 0.141667
0 0.229687 0.987500 0.048958 0.225000
0 0.255990 0.930093 0.054688 0.247222
0 0.229427 0.003704 0.022396 0.125926
0 0.205208 0.005093 0.021875 0.126852
