0 0.844792 0.695833 0.042708 0.223148
0 0.249219 0.166667 0.035937 0.181481
0 0.307552 0.642130 0.054688 0.223148
0 0.915365 0.519907 0.041146 0.193519
0 0.522917 0.971296 0.042708 0.246296
0 0.377865 0.242593 0.040104 0.103704
0 0.367969 0.325463 0.029687 0.112037
0 0.429427 0.218519 0.030729 0.161111
0 0.759635 0.031019 0.025521 0.121296
0 0.544531 0.126852 0.027604 0.148148
0 0.512240 0.120833 0.032813 0.163889
0 0.277865 0.158333 0.025521 0.157407
0 0.496875 0.067593 0.030208 0.146296
0 0.069792 0.411111 0.026042 0.174074
0 0.461719 0.550000 0.042188 0.209259
0 0.495312 0.553241 0.039583 0.191667
0 0.406510 0.153704 0.021354 0.131481
0 0.382552 0.164815 0.028646 0.155556
0 0.379948 0.075926 0.025521 0.144444
0 0.124740 0.370833 0.027604 0.169444
0 0.651563 0.082407 0.031250 0.109259
0 0.259375 0.606019 0.033333 0.213889
0 0.209375 0.595370 0.045833 0.225926
0 0.294531 0.135648 0.026562 0.152778
0 0.183333 0.127315 0.029167 0.152778
0 0.202083 0.179630 0.027083 0.162963
0 0.569792 0.497685 0.032292 0.186111
0 0.161979 0.197685 0.027083 0.156481
0 0.124479 0.202315 0.031250 0.145370
0 0.131510 0.183333 0.028646 0.166667
0 0.446354 0.027778 0.029167 0.146296
0 0.236198 0.146296 0.029687 0.159259
0 0.248698 0.386574 0.035937 0.195370
0 0.958594 0.518056 0.032813 0.193519
0 0.931250 0.160185 0.029167 0.146296
0 0.966927 0.139815 0.031771 0.146296
0 0.861719 0.081944 0.027604 0.150926
0 0.262500 1.028241 0.053125 0.145370
0 0.296354 0.989815 0.058333 0.220370
0 0.232552 0.012963 0.024479 0.127778
0 0.209635 0.019907 0.022396 0.126852
