0 0.853646 0.696759 0.042708 0.225000
0 0.254167 0.156944 0.035417 0.178704
0 0.350000 0.631481 0.050000 0.227778
0 0.915365 0.519907 0.041146 0.193519
0 0.531250 0.967130 0.046875 0.262037
0 0.377865 0.242593 0.040104 0.103704
0 0.367969 0.325463 0.029687 0.112037
0 0.429427 0.218519 0.030729 0.161111
0 0.761719 0.014352 0.026562 0.121296
0 0.541406 0.117593 0.027604 0.148148
0 0.510938 0.106481 0.031250 0.161111
0 0.274740 0.148148 0.025521 0.155556
0 0.493750 0.051389 0.029167 0.139815
0 0.070052 0.410648 0.026562 0.173148
0 0.464062 0.571296 0.043750 0.212963
0 0.496354 0.577778 0.037500 0.196296
0 0.406250 0.159259 0.030208 0.114815
0 0.382552 0.163426 0.028646 0.154630
0 0.381510 0.065741 0.026562 0.138889
0 0.121615 0.354167 0.027604 0.169444
0 0.651563 0.082407 0.031250 0.109259
0 0.247917 0.634259 0.036458 0.211111
0 0.193750 0.622685 0.047917 0.228704
0 0.295573 0.135185 0.028646 0.151852
0 0.181771 0.127315 0.032292 0.150926
0 0.200521 0.180556 0.027083 0.162963
0 0.600260 0.522222 0.039063 0.185185
0 0.160938 0.195833 0.027083 0.156481
0 0.128906 0.201852 0.028646 0.144444
0 0.444792 0.033333 0.028125 0.146296
0 0.236979 0.153704 0.029167 0.161111
0 0.252083 0.363889 0.042708 0.194444
0 0.944271 0.496296 0.035417 0.192593
0 0.940625 0.175926 0.034375 0.150000
0 0.947656 0.135648 0.032813 0.154630
0 0.872135 0.106019 0.038021 0.154630
0 0.316927 1.013426 0.046354 0.173148
0 0.234375 0.023148 0.023958 0.127778
0 0.207292 0.031481 0.032292 0.129630
