0 0.799740 0.667593 0.045312 0.227778
0 0.254688 0.207407 0.037500 0.187037
0 0.183073 0.655093 0.047396 0.237963
0 0.915625 0.519907 0.040625 0.193519
0 0.502604 0.966667 0.037500 0.255556
0 0.377865 0.242593 0.040104 0.103704
0 0.367969 0.325463 0.029687 0.112037
0 0.429427 0.218519 0.030729 0.161111
0 0.772917 0.075926 0.028125 0.131481
0 0.564323 0.150463 0.028646 0.147222
0 0.538021 0.157870 0.031250 0.167593
0 0.277344 0.171759 0.021354 0.158333
0 0.502865 0.125000 0.030729 0.153704
0 0.069531 0.410648 0.025521 0.173148
0 0.452604 0.484259 0.041667 0.196296
0 0.480469 0.485185 0.035937 0.177778
0 0.437500 0.168519 0.027083 0.142593
0 0.394271 0.169444 0.021875 0.155556
0 0.380469 0.073148 0.026562 0.148148
0 0.137760 0.437500 0.029687 0.175000
0 0.651563 0.082407 0.031250 0.109259
0 0.292969 0.523611 0.033854 0.195370
0 0.249740 0.512963 0.033854 0.212963
0 0.294271 0.136574 0.022917 0.154630
0 0.177604 0.122685 0.027083 0.149074
0 0.200260 0.181944 0.028646 0.163889
0 0.158854 0.201852 0.027083 0.157407
0 0.193229 0.164815 0.027083 0.161111
0 0.126302 0.197685 0.028646 0.150926
0 0.460677 0.002778 0.018229 0.135185
0 0.232292 0.109259 0.032292 0.153704
0 0.227604 0.477315 0.042708 0.208333
0 0.979167 0.592130 0.035417 0.197222
0 0.897917 0.120833 0.029167 0.141667
0 0.828125 0.021296 0.031250 0.129630
0 0.196875 0.937037 0.050000 0.255556
0 0.218750 0.862500 0.052083 0.252778
0 0.203125 -0.010185 0.022917 0.124074
