0 0.853646 0.691204 0.047917 0.225000
0 0.258333 0.155556 0.035417 0.177778
0 0.363281 0.627315 0.050521 0.225000
0 0.915365 0.519907 0.041146 0.193519
0 0.532552 0.969907 0.046354 0.260185
0 0.377865 0.242593 0.040104 0.103704
0 0.367969 0.325463 0.029687 0.112037
0 0.429167 0.218519 0.030208 0.159259
0 0.764844 0.009722 0.026562 0.121296
0 0.539323 0.112963 0.027604 0.148148
0 0.509635 0.101852 0.032813 0.159259
0 0.493490 0.044444 0.029687 0.140741
0 0.070052 0.410648 0.026562 0.173148
0 0.466667 0.581481 0.047917 0.212963
0 0.499740 0.586574 0.040104 0.195370
0 0.406771 0.162500 0.032292 0.108333
0 0.384115 0.162500 0.030729 0.154630
0 0.384375 0.061574 0.026042 0.136111
0 0.120573 0.343981 0.027604 0.165741
0 0.651563 0.082407 0.031250 0.109259
0 0.242708 0.650000 0.036458 0.214815
0 0.188281 0.632407 0.046354 0.224074
0 0.298177 0.136111 0.029687 0.151852
0 0.182292 0.127315 0.031250 0.150926
0 0.200521 0.180556 0.027083 0.162963
0 0.615885 0.532407 0.036979 0.187037
0 0.161979 0.195833 0.027083 0.156481
0 0.192969 0.162500 0.026562 0.160185
0 0.129427 0.202315 0.030729 0.143519
0 0.445052 0.037037 0.029687 0.148148
0 0.236198 0.159259 0.027604 0.161111
0 0.254688 0.348611 0.040625 0.189815
0 0.936198 0.489352 0.035937 0.191667
0 0.940625 0.180093 0.034375 0.150926
0 0.944792 0.137037 0.034375 0.153704
0 0.869271 0.114815 0.031250 0.153704
0 0.321615 1.025463 0.045312 0.149074
0 0.232813 0.030556 0.025000 0.127778
0 0.205208 0.031944 0.033333 0.128704
