0 0.827865 0.683333 0.043229 0.224074
0 0.251302 0.186574 0.036979 0.184259
0 0.248438 0.645833 0.053125 0.234259
0 0.915625 0.519907 0.040625 0.193519
0 0.512760 0.974537 0.038021 0.249074
0 0.377865 0.242593 0.040104 0.103704
0 0.367969 0.325463 0.029687 0.112037
0 0.429427 0.218519 0.030729 0.161111
0 0.767969 0.051389 0.029687 0.125000
0 0.553646 0.138889 0.026042 0.150000
0 0.522917 0.140278 0.031250 0.167593
0 0.281250 0.168056 0.020833 0.156481
0 0.498958 0.094444 0.031250 0.151852
0 0.069792 0.411111 0.026042 0.174074
0 0.460156 0.520833 0.044271 0.208333
0 0.486198 0.522685 0.034896 0.187963
0 0.410938 0.156481 0.019792 0.140741
0 0.385937 0.166204 0.028125 0.156481
0 0.381771 0.077315 0.026042 0.141667
0 0.133854 0.399537 0.030208 0.171296
0 0.651563 0.082407 0.031250 0.109259
0 0.277344 0.562963 0.033854 0.200000
0 0.230729 0.560185 0.043750 0.214815
0 0.294271 0.136111 0.025000 0.153704
0 0.182812 0.121759 0.027083 0.149074
0 0.203906 0.179630 0.027604 0.162963
0 0.526563 0.463889 0.032292 0.181481
0 0.162500 0.200000 0.027083 0.157407
0 0.123177 0.202778 0.027604 0.146296
0 0.129948 0.181481 0.023438 0.174074
0 0.148177 0.155556 0.028646 0.161111
0 0.452083 0.011574 0.023958 0.143519
0 0.235417 0.129630 0.030208 0.155556
0 0.242708 0.425926 0.040625 0.198148
0 0.970052 0.552778 0.034896 0.192593
0 0.915885 0.140278 0.028646 0.143519
0 0.997656 0.133796 0.029687 0.147222
0 0.847135 0.051389 0.026562 0.141667
0 0.233854 0.990741 0.050000 0.218519
0 0.259896 0.936111 0.054167 0.246296
0 0.229687 0.005093 0.022917 0.126852
0 0.206250 0.005093 0.021875 0.126852
