0 0.829948 0.685648 0.046354 0.223148
0 0.250260 0.181481 0.036979 0.183333
0 0.265104 0.645833 0.048958 0.226852
0 0.915625 0.519907 0.040625 0.193519
0 0.515885 0.975926 0.040104 0.244444
0 0.377865 0.242593 0.040104 0.103704
0 0.367969 0.325463 0.029687 0.112037
0 0.429427 0.218519 0.030729 0.161111
0 0.765365 0.044444 0.027604 0.124074
0 0.552604 0.134259 0.027083 0.148148
0 0.520573 0.133796 0.030729 0.165741
0 0.279427 0.166667 0.019271 0.157407
0 0.497396 0.090741 0.031250 0.151852
0 0.069792 0.411111 0.026042 0.174074
0 0.460156 0.522685 0.044271 0.204630
0 0.486719 0.529630 0.038021 0.190741
0 0.409896 0.155556 0.019792 0.140741
0 0.384896 0.166204 0.030208 0.156481
0 0.381250 0.077315 0.026042 0.141667
0 0.132292 0.396296 0.029167 0.170370
0 0.651563 0.082407 0.031250 0.109259
0 0.228125 0.562037 0.044792 0.214815
0 0.294271 0.135648 0.025000 0.152778
0 0.184896 0.121759 0.027083 0.149074
0 0.203906 0.179630 0.027604 0.162963
0 0.535417 0.469444 0.030208 0.181481
0 0.163542 0.200000 0.027083 0.157407
0 0.122396 0.202778 0.029167 0.146296
0 0.129948 0.182407 0.023438 0.174074
0 0.148177 0.155556 0.028646 0.161111
0 0.452083 0.015278 0.023958 0.143519
0 0.236719 0.135648 0.029687 0.158333
0 0.244792 0.416667 0.037500 0.194444
0 0.970052 0.543981 0.034896 0.193519
0 0.920573 0.143981 0.028646 0.143519
0 0.989062 0.133333 0.029167 0.146296
0 0.852083 0.056944 0.028125 0.141667
0 0.242969 0.997222 0.052604 0.205556
0 0.264583 0.947222 0.047917 0.246296
0 0.230208 0.008333 0.022917 0.127778
0 0.207292 0.006019 0.021875 0.126852
