0 0.803125 0.669444 0.044792 0.227778
0 0.254167 0.204630 0.037500 0.187037
0 0.189844 0.654630 0.052604 0.235185
0 0.915625 0.519907 0.040625 0.193519
0 0.502604 0.967593 0.037500 0.255556
0 0.377865 0.242593 0.040104 0.103704
0 0.367969 0.325463 0.029687 0.112037
0 0.429427 0.218519 0.030729 0.161111
0 0.772656 0.071759 0.028646 0.130556
0 0.562500 0.147685 0.028125 0.147222
0 0.535937 0.156019 0.031250 0.167593
0 0.277604 0.170833 0.020833 0.156481
0 0.501563 0.122685 0.031250 0.156481
0 0.069531 0.410648 0.025521 0.173148
0 0.451302 0.490278 0.040104 0.197222
0 0.481510 0.490741 0.035937 0.181481
0 0.433594 0.166667 0.025521 0.142593
0 0.392708 0.169444 0.022917 0.155556
0 0.380469 0.073611 0.026562 0.145370
0 0.137760 0.434722 0.029687 0.176852
0 0.651563 0.082407 0.031250 0.109259
0 0.290365 0.529167 0.033854 0.197222
0 0.247135 0.519444 0.034896 0.214815
0 0.294010 0.136111 0.023438 0.153704
0 0.177604 0.122685 0.027083 0.149074
0 0.200781 0.181481 0.028646 0.164815
0 0.159375 0.200926 0.027083 0.157407
0 0.193229 0.164815 0.027083 0.161111
0 0.125521 0.198611 0.028125 0.150926
0 0.132292 0.180556 0.023958 0.170370
0 0.459635 0.003704 0.019271 0.137037
0 0.232292 0.113426 0.030208 0.154630
0 0.228906 0.469907 0.042188 0.204630
0 0.977083 0.588889 0.035417 0.198148
0 0.901042 0.120833 0.029167 0.141667
0 0.830208 0.027315 0.029167 0.130556
0 0.202344 0.944444 0.050521 0.255556
0 0.221354 0.870833 0.048958 0.250926
0 0.203125 -0.008333 0.022917 0.124074
