0 0.853646 0.694907 0.044792 0.225000
0 0.255729 0.156944 0.035417 0.178704
0 0.357812 0.630093 0.056250 0.226852
0 0.915365 0.519907 0.041146 0.193519
0 0.532292 0.967593 0.046875 0.262963
0 0.377865 0.242593 0.040104 0.103704
0 0.367969 0.325463 0.029687 0.112037
0 0.429427 0.218981 0.030729 0.160185
0 0.761719 0.011574 0.026562 0.121296
0 0.540885 0.115741 0.027604 0.148148
0 0.510677 0.104630 0.031771 0.161111
0 0.274219 0.147222 0.025521 0.155556
0 0.493490 0.050463 0.028646 0.141667
0 0.070052 0.410648 0.026562 0.173148
0 0.463021 0.575463 0.042708 0.213889
0 0.497917 0.582870 0.039583 0.199074
0 0.406510 0.160648 0.031771 0.112037
0 0.382813 0.163426 0.029167 0.154630
0 0.382813 0.064815 0.027083 0.137037
0 0.121615 0.350926 0.027604 0.168519
0 0.651563 0.082407 0.031250 0.109259
0 0.245573 0.637963 0.036979 0.209259
0 0.192969 0.629167 0.049479 0.230556
0 0.296094 0.135185 0.029687 0.151852
0 0.182031 0.127315 0.031771 0.150926
0 0.200521 0.180556 0.027083 0.162963
0 0.604948 0.528241 0.042188 0.184259
0 0.161458 0.195833 0.027083 0.156481
0 0.193750 0.162963 0.026042 0.161111
0 0.129167 0.201852 0.029167 0.144444
0 0.445052 0.034722 0.028646 0.147222
0 0.236979 0.156019 0.029167 0.162037
0 0.252865 0.358796 0.042188 0.193519
0 0.941406 0.492593 0.035937 0.192593
0 0.941667 0.178241 0.036458 0.150926
0 0.946615 0.135648 0.032813 0.154630
0 0.871094 0.109259 0.035937 0.153704
0 0.319531 1.018056 0.045312 0.163889
0 0.233854 0.025926 0.023958 0.127778
0 0.206510 0.031481 0.032813 0.129630
