0 0.838542 0.691667 0.044792 0.222222
0 0.248438 0.172222 0.036458 0.181481
0 0.288021 0.641204 0.054167 0.221296
0 0.915365 0.519907 0.041146 0.193519
0 0.519271 0.975463 0.040625 0.241667
0 0.377865 0.242593 0.040104 0.103704
0 0.367969 0.325463 0.029687 0.112037
0 0.429427 0.218519 0.030729 0.161111
0 0.759115 0.033333 0.024479 0.122222
0 0.548698 0.131481 0.027604 0.148148
0 0.513802 0.128241 0.033854 0.163889
0 0.278906 0.160648 0.024479 0.154630
0 0.497656 0.077315 0.032813 0.150926
0 0.070052 0.411111 0.026562 0.174074
0 0.460938 0.542593 0.042708 0.209259
0 0.495833 0.543056 0.042708 0.189815
0 0.408594 0.152778 0.021354 0.131481
0 0.382813 0.168519 0.028125 0.155556
0 0.380208 0.077315 0.026042 0.141667
0 0.128385 0.383333 0.027604 0.168519
0 0.651563 0.082407 0.031250 0.109259
0 0.263542 0.595833 0.033333 0.210185
0 0.220573 0.584259 0.046354 0.220370
0 0.294271 0.135648 0.026042 0.152778
0 0.185156 0.125000 0.028646 0.151852
0 0.203646 0.179630 0.027083 0.162963
0 0.555990 0.490278 0.035937 0.180556
0 0.163021 0.198611 0.027083 0.156481
0 0.122917 0.202315 0.032292 0.145370
0 0.147656 0.155556 0.028646 0.161111
0 0.448958 0.023611 0.027083 0.145370
0 0.236198 0.145370 0.029687 0.159259
0 0.243490 0.402778 0.042188 0.200000
0 0.963542 0.532870 0.034375 0.193519
0 0.929427 0.158333 0.033854 0.150000
0 0.974740 0.131944 0.026562 0.152778
0 0.860938 0.074537 0.033333 0.147222
0 0.278906 0.980556 0.047396 0.238889
0 0.232031 0.012963 0.024479 0.127778
0 0.208333 0.016204 0.021875 0.126852
