0 0.843229 0.694907 0.042708 0.223148
0 0.248698 0.168056 0.035937 0.180556
0 0.302604 0.641667 0.054167 0.222222
0 0.915365 0.519907 0.041146 0.193519
0 0.522135 0.972222 0.042188 0.244444
0 0.377865 0.242593 0.040104 0.103704
0 0.367969 0.325463 0.029687 0.112037
0 0.429427 0.218519 0.030729 0.161111
0 0.759375 0.031944 0.025000 0.121296
0 0.545573 0.127778 0.027604 0.148148
0 0.512500 0.122685 0.033333 0.163889
0 0.278125 0.158796 0.025000 0.156481
0 0.497135 0.069907 0.030729 0.147222
0 0.069792 0.411111 0.026042 0.174074
0 0.461458 0.548148 0.042708 0.209259
0 0.495312 0.550463 0.040625 0.191667
0 0.407031 0.153704 0.021354 0.131481
0 0.382552 0.165741 0.028646 0.155556
0 0.379948 0.076389 0.025521 0.143519
0 0.125781 0.373611 0.027604 0.169444
0 0.651563 0.082407 0.031250 0.109259
0 0.260417 0.603704 0.033333 0.212963
0 0.211979 0.592593 0.045833 0.224074
0 0.294531 0.135648 0.026562 0.152778
0 0.183854 0.126389 0.029167 0.152778
0 0.202604 0.179630 0.027083 0.162963
0 0.566146 0.495833 0.033333 0.184259
0 0.161979 0.197685 0.027083 0.156481
0 0.123958 0.202315 0.031250 0.145370
0 0.131250 0.183333 0.028125 0.166667
0 0.447135 0.026852 0.028646 0.146296
0 0.236198 0.146296 0.029687 0.159259
0 0.247396 0.390278 0.037500 0.197222
0 0.959896 0.521759 0.033333 0.193519
0 0.930729 0.159722 0.030208 0.147222
0 0.968750 0.137500 0.030208 0.147222
0 0.860677 0.080093 0.026562 0.150926
0 0.291927 0.987500 0.055729 0.225000
0 0.232552 0.012963 0.024479 0.127778
0 0.209375 0.018981 0.021875 0.126852
