0 0.846354 0.696759 0.041667 0.223148
0 0.249219 0.165278 0.035937 0.180556
0 0.312760 0.643056 0.054688 0.223148
0 0.915365 0.519907 0.041146 0.193519
0 0.524219 0.970833 0.043229 0.247222
0 0.377865 0.242593 0.040104 0.103704
0 0.367969 0.325463 0.029687 0.112037
0 0.429427 0.218519 0.030729 0.161111
0 0.759896 0.031019 0.026042 0.121296
0 0.544010 0.125926 0.027604 0.148148
0 0.511979 0.119444 0.032292 0.162963
0 0.277865 0.158333 0.025521 0.157407
0 0.497135 0.065278 0.029687 0.145370
0 0.069792 0.411111 0.026042 0.174074
0 0.462240 0.552315 0.042188 0.210185
0 0.495573 0.556019 0.039063 0.191667
0 0.405990 0.154630 0.021354 0.131481
0 0.382552 0.164815 0.028646 0.155556
0 0.379948 0.075926 0.025521 0.144444
0 0.124219 0.368056 0.027604 0.169444
0 0.651563 0.082407 0.031250 0.109259
0 0.258594 0.609259 0.032813 0.214815
0 0.206771 0.598611 0.045833 0.226852
0 0.294531 0.135648 0.026562 0.152778
0 0.183073 0.128241 0.029687 0.152778
0 0.202083 0.179630 0.027083 0.162963
0 0.573438 0.500000 0.031250 0.187037
0 0.161979 0.197685 0.027083 0.156481
0 0.125260 0.202778 0.030729 0.146296
0 0.132031 0.183333 0.029687 0.166667
0 0.446094 0.029630 0.029687 0.146296
0 0.236719 0.147222 0.029687 0.159259
0 0.249219 0.384722 0.035937 0.195370
0 0.957031 0.515278 0.032813 0.193519
0 0.931771 0.161574 0.028125 0.145370
0 0.963802 0.139352 0.032813 0.147222
0 0.863021 0.083796 0.028125 0.150926
0 0.299219 0.992593 0.058854 0.216667
0 0.233073 0.012963 0.024479 0.127778
0 0.210156 0.020833 0.022396 0.126852
