0 0.840365 0.692593 0.044271 0.222222
0 0.248438 0.170370 0.036458 0.181481
0 0.292708 0.641204 0.054167 0.221296
0 0.915365 0.519907 0.041146 0.193519
0 0.520052 0.974074 0.041146 0.242593
0 0.377865 0.242593 0.040104 0.103704
0 0.367969 0.325463 0.029687 0.112037
0 0.429427 0.218519 0.030729 0.161111
0 0.758854 0.032407 0.023958 0.122222
0 0.547656 0.129630 0.027604 0.148148
0 0.513281 0.126389 0.033854 0.163889
0 0.278385 0.159722 0.024479 0.154630
0 0.497396 0.074537 0.032292 0.149074
0 0.069792 0.411111 0.026042 0.174074
0 0.460938 0.544444 0.042708 0.209259
0 0.495573 0.545370 0.042188 0.190741
0 0.408073 0.152778 0.021354 0.131481
0 0.382552 0.167593 0.028646 0.155556
0 0.379948 0.076852 0.025521 0.142593
0 0.127344 0.379630 0.027604 0.168519
0 0.651563 0.082407 0.031250 0.109259
0 0.262500 0.598148 0.033333 0.211111
0 0.217448 0.586574 0.046354 0.221296
0 0.294271 0.135648 0.026042 0.152778
0 0.184635 0.125000 0.028646 0.151852
0 0.203125 0.179630 0.027083 0.162963
0 0.559115 0.491667 0.034896 0.181481
0 0.162500 0.198148 0.027083 0.157407
0 0.123177 0.202315 0.031771 0.145370
0 0.130729 0.183796 0.027083 0.167593
0 0.147656 0.155556 0.028646 0.161111
0 0.448177 0.024537 0.027604 0.145370
0 0.236198 0.145370 0.029687 0.159259
0 0.244792 0.398611 0.040625 0.199074
0 0.962240 0.529167 0.033854 0.193519
0 0.929688 0.158796 0.032292 0.149074
0 0.972656 0.133796 0.027604 0.150926
0 0.860938 0.076389 0.031250 0.149074
0 0.283333 0.982870 0.050000 0.234259
0 0.232031 0.012963 0.024479 0.127778
0 0.208854 0.017130 0.021875 0.126852
