0 0.853646 0.692593 0.046875 0.225926
0 0.257292 0.156019 0.035417 0.178704
0 0.360938 0.628241 0.053125 0.225000
0 0.915365 0.519907 0.041146 0.193519
0 0.532292 0.968519 0.046875 0.261111
0 0.377865 0.242593 0.040104 0.103704
0 0.367969 0.325463 0.029687 0.112037
0 0.429167 0.218519 0.030208 0.159259
0 0.763281 0.009722 0.026562 0.121296
0 0.539844 0.113889 0.027604 0.148148
0 0.509896 0.102315 0.032292 0.160185
0 0.271615 0.145370 0.025521 0.155556
0 0.493229 0.046759 0.029167 0.141667
0 0.070052 0.410648 0.026562 0.173148
0 0.465104 0.578704 0.045833 0.212963
0 0.498958 0.584722 0.039583 0.197222
0 0.406510 0.161574 0.031771 0.110185
0 0.383333 0.162500 0.030208 0.154630
0 0.383594 0.062500 0.026562 0.136111
0 0.120833 0.346296 0.028125 0.166667
0 0.651563 0.082407 0.031250 0.109259
0 0.243750 0.644907 0.036458 0.212037
0 0.190104 0.631019 0.047917 0.226852
0 0.297135 0.135185 0.029687 0.151852
0 0.182031 0.127315 0.031771 0.150926
0 0.200521 0.180556 0.027083 0.162963
0 0.611198 0.530556 0.039063 0.185185
0 0.161458 0.195833 0.027083 0.156481
0 0.193229 0.162500 0.026042 0.160185
0 0.129167 0.201852 0.030208 0.144444
0 0.444792 0.035648 0.029167 0.147222
0 0.236458 0.157870 0.028125 0.162037
0 0.253906 0.352778 0.041146 0.190741
0 0.938281 0.490741 0.035937 0.192593
0 0.940885 0.179167 0.034896 0.150926
0 0.945573 0.136574 0.033854 0.154630
0 0.870052 0.112963 0.032813 0.153704
0 0.321094 1.022685 0.045312 0.154630
0 0.233333 0.028704 0.025000 0.127778
0 0.205729 0.031944 0.033333 0.128704
