0 0.793229 0.663889 0.045833 0.227778
0 0.255208 0.211111 0.037500 0.187037
0 0.166927 0.654630 0.051562 0.237037
0 0.915625 0.519907 0.040625 0.193519
0 0.503906 0.970370 0.038021 0.255556
0 0.377865 0.242593 0.040104 0.103704
0 0.367969 0.325463 0.029687 0.112037
0 0.429427 0.218519 0.030729 0.161111
0 0.772917 0.082870 0.025000 0.132407
0 0.570833 0.150463 0.027083 0.147222
0 0.539583 0.162500 0.031250 0.167593
0 0.277865 0.174537 0.022396 0.160185
0 0.503646 0.133333 0.032292 0.157407
0 0.069531 0.410648 0.025521 0.173148
0 0.450000 0.474537 0.045833 0.200926
0 0.479687 0.481019 0.035417 0.182407
0 0.441146 0.169907 0.023958 0.141667
0 0.395833 0.171296 0.022917 0.155556
0 0.380469 0.072685 0.026562 0.149074
0 0.138542 0.448611 0.030208 0.178704
0 0.651563 0.082407 0.031250 0.109259
0 0.294792 0.516667 0.033333 0.200000
0 0.253906 0.502778 0.032813 0.211111
0 0.294010 0.136574 0.023438 0.154630
0 0.177604 0.122685 0.027083 0.149074
0 0.199219 0.182407 0.027604 0.162963
0 0.159896 0.200926 0.027083 0.157407
0 0.191146 0.164815 0.023958 0.161111
0 0.127344 0.195833 0.028646 0.149074
0 0.137500 0.177778 0.023958 0.170370
0 0.460677 -0.003241 0.018229 0.137963
0 0.228646 0.104630 0.028125 0.153704
0 0.222917 0.491667 0.042708 0.209259
0 0.979687 0.601852 0.034375 0.198148
0 0.892708 0.114352 0.029167 0.141667
0 0.823177 0.011574 0.030729 0.130556
0 0.188542 0.921296 0.050000 0.255556
0 0.207812 0.846759 0.043750 0.250926
0 0.202604 -0.014815 0.022917 0.124074
