0 0.805208 0.670833 0.044792 0.226852
0 0.254167 0.203241 0.037500 0.186111
0 0.193229 0.654630 0.055208 0.233333
0 0.915625 0.519907 0.040625 0.193519
0 0.502865 0.967593 0.038021 0.255556
0 0.377865 0.242593 0.040104 0.103704
0 0.367969 0.325463 0.029687 0.112037
0 0.429427 0.218519 0.030729 0.161111
0 0.772656 0.069907 0.028646 0.130556
0 0.561719 0.146296 0.027604 0.146296
0 0.534896 0.156019 0.031250 0.167593
0 0.277865 0.170370 0.020313 0.155556
0 0.501042 0.121296 0.031250 0.157407
0 0.069531 0.410648 0.025521 0.173148
0 0.450521 0.493056 0.039583 0.197222
0 0.482031 0.493519 0.035937 0.183333
0 0.431510 0.165741 0.024479 0.142593
0 0.392448 0.169444 0.023438 0.155556
0 0.380729 0.074074 0.026042 0.144444
0 0.138021 0.433333 0.029167 0.177778
0 0.651563 0.082407 0.031250 0.109259
0 0.288802 0.531944 0.033854 0.197222
0 0.246094 0.522685 0.035937 0.215741
0 0.294010 0.136111 0.023438 0.153704
0 0.177604 0.122685 0.027083 0.149074
0 0.201042 0.181481 0.029167 0.164815
0 0.479427 0.431944 0.032813 0.169444
0 0.159375 0.200926 0.027083 0.157407
0 0.125000 0.199074 0.028125 0.151852
0 0.459115 0.004167 0.019271 0.137963
0 0.232292 0.115278 0.029167 0.154630
0 0.229427 0.466204 0.042188 0.202778
0 0.976042 0.587500 0.035417 0.199074
0 0.903125 0.120833 0.029167 0.141667
0 0.831771 0.030556 0.028125 0.131481
0 0.205469 0.948148 0.050521 0.255556
0 0.222656 0.874537 0.047396 0.250926
0 0.203125 -0.006481 0.022917 0.124074
