0 0.795833 0.665278 0.045833 0.228704
0 0.255208 0.209259 0.037500 0.187037
0 0.174219 0.655093 0.048438 0.237963
0 0.915625 0.519907 0.040625 0.193519
0 0.503385 0.968519 0.038021 0.255556
0 0.377865 0.242593 0.040104 0.103704
0 0.367969 0.325463 0.029687 0.112037
0 0.429427 0.218519 0.030729 0.161111
0 0.773177 0.080093 0.026562 0.132407
0 0.567969 0.150463 0.027604 0.147222
0 0.539063 0.160648 0.031250 0.167593
0 0.277604 0.173148 0.021875 0.159259
0 0.503385 0.129630 0.031771 0.155556
0 0.069531 0.410648 0.025521 0.173148
0 0.451042 0.478241 0.043750 0.199074
0 0.479948 0.482870 0.035937 0.180556
0 0.439583 0.168981 0.025000 0.141667
0 0.395052 0.170370 0.022396 0.155556
0 0.380469 0.072685 0.026562 0.149074
0 0.138021 0.443981 0.030208 0.176852
0 0.651563 0.082407 0.031250 0.109259
0 0.294010 0.519444 0.033854 0.198148
0 0.252083 0.506944 0.033333 0.212037
0 0.294010 0.136574 0.023438 0.154630
0 0.177604 0.122685 0.027083 0.149074
0 0.199740 0.181944 0.027604 0.163889
0 0.159375 0.200926 0.027083 0.157407
0 0.191927 0.164815 0.025521 0.161111
0 0.126823 0.196296 0.028646 0.150000
0 0.460677 -0.000926 0.018229 0.137037
0 0.230208 0.106481 0.030208 0.153704
0 0.225000 0.485185 0.042708 0.209259
0 0.979687 0.597222 0.035417 0.198148
0 0.894792 0.117130 0.029167 0.141667
0 0.826042 0.015741 0.033333 0.129630
0 0.191667 0.928704 0.050000 0.255556
0 0.213021 0.853704 0.047917 0.251852
0 0.203125 -0.012037 0.022917 0.124074
