0 0.844010 0.694907 0.042188 0.223148
0 0.248958 0.167130 0.036458 0.180556
0 0.304948 0.642130 0.054688 0.223148
0 0.915365 0.519907 0.041146 0.193519
0 0.522396 0.971759 0.042708 0.245370
0 0.377865 0.242593 0.040104 0.103704
0 0.367969 0.325463 0.029687 0.112037
0 0.429427 0.218519 0.030729 0.161111
0 0.759635 0.031481 0.025521 0.122222
0 0.545052 0.126852 0.027604 0.148148
0 0.512240 0.121759 0.032813 0.163889
0 0.277865 0.158796 0.025521 0.156481
0 0.497135 0.068519 0.030729 0.146296
0 0.069792 0.411111 0.026042 0.174074
0 0.461719 0.549074 0.042188 0.209259
0 0.495573 0.551852 0.040104 0.190741
0 0.406510 0.153704 0.021354 0.131481
0 0.382552 0.165741 0.028646 0.155556
0 0.379948 0.075926 0.025521 0.144444
0 0.125260 0.372222 0.027604 0.168519
0 0.651563 0.082407 0.031250 0.109259
0 0.259896 0.604630 0.033333 0.212963
0 0.210677 0.593981 0.046354 0.225000
0 0.294531 0.135648 0.026562 0.152778
0 0.183333 0.126852 0.029167 0.151852
0 0.202083 0.179630 0.027083 0.162963
0 0.567969 0.496296 0.032813 0.185185
0 0.161979 0.197685 0.027083 0.156481
0 0.124479 0.202315 0.031250 0.145370
0 0.131510 0.183333 0.028646 0.166667
0 0.446875 0.027315 0.029167 0.145370
0 0.236198 0.146296 0.029687 0.159259
0 0.247917 0.387963 0.036458 0.196296
0 0.959115 0.519907 0.032813 0.193519
0 0.930990 0.160185 0.029687 0.146296
0 0.967708 0.138426 0.031250 0.147222
0 0.860938 0.081019 0.027083 0.150926
0 0.261979 1.026852 0.053125 0.148148
0 0.294271 0.988889 0.057292 0.222222
0 0.232552 0.012963 0.024479 0.127778
0 0.209375 0.018981 0.021875 0.126852
