0 0.831250 0.687037 0.047917 0.222222
0 0.249740 0.179630 0.036979 0.183333
0 0.273438 0.645833 0.046875 0.223148
0 0.915625 0.519907 0.040625 0.193519
0 0.517448 0.976852 0.041146 0.242593
0 0.377865 0.242593 0.040104 0.103704
0 0.367969 0.325463 0.029687 0.112037
0 0.429427 0.218519 0.030729 0.161111
0 0.764323 0.041204 0.026562 0.123148
0 0.552344 0.132407 0.027604 0.148148
0 0.519531 0.130556 0.030729 0.164815
0 0.278906 0.166204 0.018229 0.158333
0 0.496875 0.089815 0.031250 0.151852
0 0.069792 0.411111 0.026042 0.174074
0 0.460417 0.523611 0.043750 0.202778
0 0.486979 0.533796 0.039583 0.191667
0 0.409896 0.155556 0.019792 0.140741
0 0.384896 0.166667 0.031250 0.155556
0 0.381250 0.077315 0.026042 0.141667
0 0.131771 0.395370 0.029167 0.170370
0 0.651563 0.082407 0.031250 0.109259
0 0.226823 0.563426 0.045312 0.213889
0 0.294271 0.135648 0.025000 0.152778
0 0.185938 0.121759 0.027083 0.149074
0 0.203906 0.179630 0.027604 0.162963
0 0.540104 0.472222 0.029167 0.181481
0 0.164063 0.200000 0.027083 0.157407
0 0.122135 0.202778 0.029687 0.146296
0 0.129948 0.183333 0.023438 0.174074
0 0.148177 0.155556 0.028646 0.161111
0 0.452344 0.018056 0.024479 0.143519
0 0.237760 0.138889 0.029687 0.159259
0 0.244792 0.413426 0.038542 0.195370
0 0.969271 0.540278 0.034375 0.193519
0 0.923177 0.146759 0.028646 0.143519
0 0.985677 0.132407 0.028646 0.148148
0 0.855208 0.062037 0.031250 0.142593
0 0.246875 1.002315 0.053125 0.195370
0 0.267188 0.953241 0.045833 0.245370
0 0.230729 0.009722 0.022917 0.128704
0 0.207292 0.008796 0.021875 0.126852
