0 0.813542 0.675000 0.043750 0.225926
0 0.253125 0.198148 0.037500 0.185185
0 0.211198 0.653704 0.052604 0.229630
0 0.915625 0.519907 0.040625 0.193519
0 0.503906 0.969907 0.038021 0.254630
0 0.377865 0.242593 0.040104 0.103704
0 0.367969 0.325463 0.029687 0.112037
0 0.429427 0.218519 0.030729 0.161111
0 0.770573 0.061574 0.027604 0.128704
0 0.557813 0.144444 0.026042 0.148148
0 0.530729 0.150463 0.031250 0.167593
0 0.279948 0.169907 0.020313 0.154630
0 0.500000 0.113426 0.032292 0.158333
0 0.069531 0.410648 0.025521 0.173148
0 0.453646 0.501389 0.040625 0.197222
0 0.484896 0.502778 0.036458 0.185185
0 0.422396 0.162500 0.022917 0.141667
0 0.390625 0.168519 0.026042 0.155556
0 0.382292 0.076389 0.026042 0.141667
0 0.138021 0.423611 0.029167 0.176852
0 0.651563 0.082407 0.031250 0.109259
0 0.284375 0.546759 0.034375 0.200926
0 0.239844 0.535185 0.041146 0.214815
0 0.294271 0.136111 0.023958 0.153704
0 0.177604 0.122685 0.027083 0.149074
0 0.202344 0.181481 0.029687 0.164815
0 0.495573 0.444444 0.034896 0.172222
0 0.160417 0.200926 0.027083 0.157407
0 0.123958 0.200926 0.028125 0.151852
0 0.153646 0.161111 0.029167 0.146296
0 0.457552 0.008333 0.021354 0.140741
0 0.232552 0.121296 0.027604 0.155556
0 0.229427 0.454167 0.043229 0.200926
0 0.972135 0.572685 0.034896 0.195370
0 0.909375 0.127315 0.031250 0.143519
0 0.839323 0.040741 0.035937 0.137037
0 0.215885 0.970833 0.052604 0.249074
0 0.232552 0.895370 0.042188 0.248148
0 0.228125 -0.002778 0.021875 0.124074
0 0.204687 -0.004630 0.022917 0.124074
