0 0.834115 0.688889 0.046354 0.222222
0 0.249219 0.176389 0.036979 0.182407
0 0.279167 0.643519 0.050000 0.222222
0 0.915625 0.519907 0.040625 0.193519
0 0.517969 0.975926 0.041146 0.242593
0 0.377865 0.242593 0.040104 0.103704
0 0.367969 0.325463 0.029687 0.112037
0 0.429427 0.218519 0.030729 0.161111
0 0.762240 0.037500 0.025521 0.123148
0 0.550781 0.131481 0.027604 0.148148
0 0.516927 0.129167 0.031771 0.163889
0 0.278646 0.163426 0.020833 0.156481
0 0.497135 0.084259 0.031771 0.151852
0 0.069792 0.411111 0.026042 0.174074
0 0.460417 0.530556 0.043750 0.205556
0 0.490365 0.537037 0.041146 0.190741
0 0.409115 0.153704 0.020313 0.137037
0 0.383854 0.166667 0.030208 0.155556
0 0.380729 0.077315 0.026042 0.141667
0 0.130208 0.390278 0.028125 0.169444
0 0.651563 0.082407 0.031250 0.109259
0 0.267448 0.585648 0.033854 0.204630
0 0.223958 0.571296 0.045833 0.216667
0 0.294531 0.135648 0.025521 0.152778
0 0.185417 0.122685 0.028125 0.150926
0 0.203646 0.179630 0.027083 0.162963
0 0.546094 0.479167 0.031771 0.180556
0 0.163542 0.199074 0.027083 0.157407
0 0.122135 0.202315 0.030729 0.145370
0 0.129948 0.183333 0.024479 0.172222
0 0.147656 0.155556 0.028646 0.161111
0 0.450781 0.019907 0.025521 0.143519
0 0.236719 0.140741 0.029687 0.159259
0 0.243490 0.410185 0.041146 0.198148
0 0.967187 0.537963 0.034375 0.194444
0 0.925260 0.150926 0.030729 0.146296
0 0.981250 0.131019 0.027083 0.150926
0 0.859375 0.068519 0.035417 0.144444
0 0.252344 1.009259 0.052604 0.181481
0 0.271354 0.965278 0.045833 0.243519
0 0.231250 0.011111 0.023958 0.127778
0 0.207812 0.012500 0.021875 0.126852
