0 0.853125 0.700926 0.038542 0.224074
0 0.250000 0.159259 0.035417 0.179630
0 0.332813 0.635185 0.048958 0.224074
0 0.915365 0.519907 0.041146 0.193519
0 0.528906 0.967130 0.046354 0.258333
0 0.377865 0.242593 0.040104 0.103704
0 0.367969 0.325463 0.029687 0.112037
0 0.429427 0.218519 0.030729 0.161111
0 0.760677 0.021759 0.026562 0.121296
0 0.543490 0.122222 0.027604 0.148148
0 0.511719 0.111574 0.030729 0.162037
0 0.276562 0.151852 0.026042 0.155556
0 0.495312 0.055093 0.029167 0.136111
0 0.069792 0.411111 0.026042 0.174074
0 0.466406 0.561574 0.046354 0.212037
0 0.492969 0.565278 0.033854 0.191667
0 0.405990 0.157407 0.025521 0.122222
0 0.382552 0.163889 0.028646 0.155556
0 0.379948 0.068519 0.025521 0.144444
0 0.122656 0.363426 0.027604 0.169444
0 0.651563 0.082407 0.031250 0.109259
0 0.253906 0.624537 0.034896 0.213889
0 0.197917 0.608333 0.044792 0.224074
0 0.294531 0.135648 0.026562 0.152778
0 0.181510 0.127778 0.032813 0.151852
0 0.200521 0.179630 0.027083 0.162963
0 0.588281 0.507870 0.030729 0.186111
0 0.160938 0.196759 0.027083 0.156481
0 0.128646 0.202315 0.028125 0.145370
0 0.444792 0.029630 0.027083 0.146296
0 0.236719 0.148148 0.029687 0.159259
0 0.253125 0.375926 0.036458 0.196296
0 0.951823 0.511111 0.032813 0.192593
0 0.938021 0.170370 0.029167 0.146296
0 0.952083 0.137963 0.036458 0.150000
0 0.868229 0.094444 0.033333 0.151852
0 0.307552 1.001852 0.049479 0.198148
0 0.234635 0.015741 0.024479 0.127778
0 0.210677 0.025926 0.026562 0.127778
