0 0.827604 0.683333 0.042708 0.224074
0 0.251302 0.187500 0.036979 0.184259
0 0.245833 0.646296 0.054167 0.235185
0 0.915625 0.519907 0.040625 0.193519
0 0.512500 0.975000 0.037500 0.250000
0 0.377865 0.242593 0.040104 0.103704
0 0.367969 0.325463 0.029687 0.112037
0 0.429427 0.218519 0.030729 0.161111
0 0.767708 0.051389 0.029167 0.125000
0 0.554167 0.139815 0.026042 0.150000
0 0.523438 0.142130 0.031250 0.167593
0 0.281771 0.168981 0.020833 0.156481
0 0.499479 0.095370 0.031250 0.151852
0 0.070052 0.411111 0.026562 0.174074
0 0.460156 0.520833 0.044271 0.208333
0 0.486458 0.521759 0.034375 0.187963
0 0.411458 0.157407 0.019792 0.140741
0 0.386198 0.166667 0.027604 0.157407
0 0.382292 0.077315 0.026042 0.141667
0 0.134375 0.400463 0.030208 0.171296
0 0.651563 0.082407 0.031250 0.109259
0 0.278385 0.562037 0.033854 0.200000
0 0.231250 0.560185 0.043750 0.214815
0 0.294271 0.136111 0.025000 0.153704
0 0.182812 0.121759 0.027083 0.149074
0 0.204167 0.180093 0.028125 0.163889
0 0.525260 0.463426 0.032813 0.182407
0 0.162500 0.200000 0.027083 0.157407
0 0.123698 0.203241 0.027604 0.147222
0 0.129948 0.181481 0.023438 0.174074
0 0.148698 0.155556 0.028646 0.161111
0 0.452083 0.011574 0.023958 0.143519
0 0.235417 0.129167 0.030208 0.154630
0 0.242448 0.427778 0.041146 0.198148
0 0.970052 0.554630 0.034896 0.192593
0 0.915365 0.140278 0.028646 0.143519
0 0.999219 0.133796 0.029687 0.147222
0 0.846094 0.050463 0.026562 0.141667
0 0.232552 0.989352 0.049479 0.221296
0 0.258854 0.934259 0.055208 0.246296
0 0.229427 0.005093 0.022396 0.126852
0 0.205729 0.005093 0.021875 0.126852
