0 0.796615 0.665741 0.045312 0.227778
0 0.255208 0.208796 0.037500 0.187963
0 0.176563 0.655093 0.047917 0.237963
0 0.915625 0.519907 0.040625 0.193519
0 0.503125 0.967593 0.037500 0.255556
0 0.377865 0.242593 0.040104 0.103704
0 0.367969 0.325463 0.029687 0.112037
0 0.429427 0.218519 0.030729 0.161111
0 0.772917 0.078704 0.027083 0.131481
0 0.566927 0.150463 0.027604 0.147222
0 0.538542 0.159722 0.031250 0.167593
0 0.277344 0.172685 0.021354 0.160185
0 0.503125 0.128704 0.031250 0.155556
0 0.069531 0.410648 0.025521 0.173148
0 0.451302 0.479630 0.043229 0.198148
0 0.479948 0.483333 0.035937 0.179630
0 0.439062 0.168519 0.026042 0.142593
0 0.394792 0.169907 0.021875 0.156481
0 0.380469 0.072685 0.026562 0.149074
0 0.137760 0.442130 0.029687 0.176852
0 0.651563 0.082407 0.031250 0.109259
0 0.293490 0.520370 0.033854 0.196296
0 0.251563 0.508796 0.033333 0.212037
0 0.294010 0.136574 0.023438 0.154630
0 0.177604 0.122685 0.027083 0.149074
0 0.200000 0.181944 0.028125 0.163889
0 0.159375 0.200926 0.027083 0.157407
0 0.192188 0.164815 0.026042 0.161111
0 0.126823 0.196759 0.028646 0.149074
0 0.460677 0.000000 0.018229 0.137037
0 0.230469 0.106944 0.030729 0.154630
0 0.226042 0.483333 0.042708 0.209259
0 0.979687 0.595833 0.035417 0.197222
0 0.895833 0.118056 0.029167 0.141667
0 0.826302 0.016667 0.032813 0.129630
0 0.192708 0.931481 0.050000 0.255556
0 0.214844 0.856019 0.049479 0.252778
0 0.203125 -0.012037 0.022917 0.124074
