0 0.850781 0.699537 0.040104 0.223148
0 0.250000 0.161574 0.035417 0.180556
0 0.326042 0.637963 0.051042 0.224074
0 0.915365 0.519907 0.041146 0.193519
0 0.527344 0.968056 0.045312 0.254630
0 0.377865 0.242593 0.040104 0.103704
0 0.367969 0.325463 0.029687 0.112037
0 0.429427 0.218519 0.030729 0.161111
0 0.760677 0.025463 0.026562 0.121296
0 0.543490 0.123148 0.027604 0.148148
0 0.511719 0.114352 0.030729 0.162037
0 0.276823 0.154167 0.025521 0.156481
0 0.495833 0.058333 0.029167 0.138889
0 0.069792 0.411111 0.026042 0.174074
0 0.465104 0.558333 0.044792 0.211111
0 0.493750 0.562500 0.035417 0.191667
0 0.405990 0.156019 0.024479 0.125000
0 0.382552 0.163889 0.028646 0.155556
0 0.379948 0.071296 0.025521 0.144444
0 0.123177 0.365278 0.027604 0.169444
0 0.651563 0.082407 0.031250 0.109259
0 0.255208 0.618981 0.034375 0.213889
0 0.200781 0.605093 0.045312 0.225000
0 0.294531 0.135648 0.026562 0.152778
0 0.182031 0.127778 0.031771 0.151852
0 0.201042 0.179630 0.027083 0.162963
0 0.583333 0.505093 0.031250 0.186111
0 0.160938 0.196759 0.027083 0.156481
0 0.127604 0.202315 0.029167 0.145370
0 0.445313 0.029630 0.028125 0.146296
0 0.236719 0.148148 0.029687 0.159259
0 0.252344 0.379167 0.035937 0.195370
0 0.953385 0.512037 0.032813 0.192593
0 0.935937 0.167593 0.029167 0.146296
0 0.955469 0.138426 0.035937 0.149074
0 0.866927 0.090741 0.030729 0.150000
0 0.304427 0.998611 0.052604 0.204630
0 0.234115 0.014815 0.024479 0.127778
0 0.212240 0.024074 0.023438 0.125926
