0 0.824479 0.681481 0.042708 0.224074
0 0.251823 0.189352 0.036979 0.184259
0 0.238542 0.648148 0.051042 0.233333
0 0.915625 0.519907 0.040625 0.193519
0 0.509896 0.973611 0.037500 0.250926
0 0.377865 0.242593 0.040104 0.103704
0 0.367969 0.325463 0.029687 0.112037
0 0.429427 0.218519 0.030729 0.161111
0 0.767969 0.053704 0.028646 0.125926
0 0.554167 0.140741 0.026042 0.150000
0 0.525000 0.143056 0.031250 0.167593
0 0.281510 0.168981 0.020313 0.156481
0 0.499479 0.098611 0.031250 0.152778
0 0.069792 0.411111 0.026042 0.174074
0 0.459115 0.515278 0.044271 0.204630
0 0.486198 0.516667 0.034896 0.187037
0 0.412760 0.157870 0.020313 0.141667
0 0.387240 0.166667 0.027604 0.157407
0 0.382292 0.077315 0.026042 0.141667
0 0.135156 0.405093 0.029687 0.173148
0 0.651563 0.082407 0.031250 0.109259
0 0.279427 0.559722 0.033854 0.200926
0 0.232552 0.554167 0.044271 0.213889
0 0.294010 0.136111 0.024479 0.153704
0 0.181250 0.121759 0.027083 0.149074
0 0.203906 0.180093 0.028646 0.163889
0 0.519271 0.459722 0.034375 0.180556
0 0.161979 0.200000 0.027083 0.157407
0 0.123698 0.202778 0.027604 0.148148
0 0.129948 0.181481 0.023438 0.174074
0 0.149479 0.156019 0.029167 0.158333
0 0.453385 0.011111 0.023438 0.142593
0 0.234375 0.126852 0.029167 0.155556
0 0.240365 0.432870 0.042188 0.199074
0 0.970573 0.557407 0.034896 0.192593
0 0.914323 0.137500 0.029687 0.143519
0 0.843490 0.047685 0.026562 0.141667
0 0.228385 0.986574 0.048438 0.226852
0 0.254167 0.927315 0.053125 0.247222
0 0.229427 0.003704 0.022396 0.125926
0 0.205208 0.005093 0.021875 0.126852
