0 0.820052 0.679167 0.043229 0.225000
0 0.252604 0.193519 0.037500 0.185185
0 0.227083 0.651389 0.045833 0.230556
0 0.915625 0.519907 0.040625 0.193519
0 0.505990 0.972222 0.038021 0.253704
0 0.377865 0.242593 0.040104 0.103704
0 0.367969 0.325463 0.029687 0.112037
0 0.429427 0.218519 0.030729 0.161111
0 0.768229 0.057407 0.027083 0.127778
0 0.555208 0.143519 0.026042 0.150000
0 0.527604 0.144907 0.031250 0.167593
0 0.281510 0.169444 0.020313 0.155556
0 0.500000 0.104630 0.032292 0.155556
0 0.069792 0.411111 0.026042 0.174074
0 0.458073 0.507407 0.044271 0.198148
0 0.486198 0.509259 0.036979 0.185185
0 0.415365 0.159722 0.022396 0.141667
0 0.389062 0.167130 0.027083 0.156481
0 0.382813 0.077315 0.026042 0.141667
0 0.136979 0.413426 0.029167 0.175000
0 0.651563 0.082407 0.031250 0.109259
0 0.281510 0.556019 0.034896 0.202778
0 0.235156 0.544444 0.044271 0.212963
0 0.294271 0.136111 0.023958 0.153704
0 0.178646 0.121759 0.027083 0.149074
0 0.203385 0.181481 0.029687 0.164815
0 0.509635 0.455093 0.035937 0.176852
0 0.161458 0.200000 0.027083 0.157407
0 0.123698 0.201852 0.027604 0.150000
0 0.151042 0.157407 0.029167 0.153704
0 0.455469 0.010648 0.022396 0.141667
0 0.233333 0.124074 0.028125 0.155556
0 0.234375 0.442593 0.042708 0.200000
0 0.970573 0.561574 0.034896 0.193519
0 0.912760 0.134259 0.031771 0.144444
0 0.841927 0.044907 0.030729 0.139815
0 0.223177 0.981481 0.050521 0.237037
0 0.243750 0.913426 0.044792 0.247222
0 0.228646 0.000926 0.021875 0.124074
0 0.204948 0.000926 0.022396 0.125926
