0 0.821615 0.680093 0.043229 0.225000
0 0.252083 0.191667 0.037500 0.185185
0 0.231771 0.650000 0.047917 0.231481
0 0.915625 0.519907 0.040625 0.193519
0 0.507552 0.972685 0.038021 0.252778
0 0.377865 0.242593 0.040104 0.103704
0 0.367969 0.325463 0.029687 0.112037
0 0.429427 0.218519 0.030729 0.161111
0 0.767969 0.056019 0.027604 0.126852
0 0.554688 0.142593 0.026042 0.150000
0 0.526563 0.143981 0.031250 0.167593
0 0.281510 0.169444 0.020313 0.155556
0 0.499740 0.102315 0.031771 0.154630
0 0.069792 0.411111 0.026042 0.174074
0 0.458594 0.510648 0.044271 0.200926
0 0.486198 0.512500 0.035937 0.186111
0 0.414323 0.158796 0.021354 0.141667
0 0.388281 0.167130 0.027604 0.156481
0 0.382813 0.077315 0.026042 0.141667
0 0.136198 0.410185 0.029687 0.174074
0 0.651563 0.082407 0.031250 0.109259
0 0.280729 0.557407 0.034375 0.201852
0 0.234115 0.548148 0.044271 0.212963
0 0.294010 0.136111 0.024479 0.153704
0 0.179688 0.121759 0.027083 0.149074
0 0.203646 0.181019 0.029167 0.163889
0 0.513542 0.456944 0.035417 0.178704
0 0.161979 0.200000 0.027083 0.157407
0 0.123698 0.202315 0.027604 0.149074
0 0.129948 0.181944 0.023438 0.175000
0 0.150521 0.156481 0.029167 0.155556
0 0.454687 0.010648 0.022917 0.141667
0 0.233594 0.125000 0.028646 0.155556
0 0.236719 0.438426 0.042188 0.199074
0 0.970573 0.560185 0.034896 0.192593
0 0.913281 0.135648 0.030729 0.143519
0 0.842448 0.046296 0.028646 0.140741
0 0.225000 0.983333 0.050000 0.233333
0 0.247917 0.918981 0.047917 0.247222
0 0.228906 0.002315 0.022396 0.125000
0 0.204948 0.002778 0.022396 0.125926
