0 0.853646 0.695833 0.043750 0.225000
0 0.254688 0.156944 0.035417 0.178704
0 0.352604 0.631019 0.052083 0.226852
0 0.915365 0.519907 0.041146 0.193519
0 0.531771 0.967130 0.046875 0.262037
0 0.377865 0.242593 0.040104 0.103704
0 0.367969 0.325463 0.029687 0.112037
0 0.429427 0.218519 0.030729 0.161111
0 0.761719 0.013426 0.026562 0.121296
0 0.541406 0.116667 0.027604 0.148148
0 0.510677 0.105556 0.031771 0.161111
0 0.274479 0.148148 0.026042 0.155556
0 0.493490 0.050926 0.028646 0.140741
0 0.070052 0.410648 0.026562 0.173148
0 0.463542 0.572685 0.043750 0.213889
0 0.496615 0.579167 0.038021 0.197222
0 0.406250 0.159722 0.030208 0.113889
0 0.382552 0.163426 0.028646 0.154630
0 0.382031 0.065278 0.026562 0.137963
0 0.121615 0.352778 0.027604 0.168519
0 0.651563 0.082407 0.031250 0.109259
0 0.246875 0.635648 0.036458 0.210185
0 0.193490 0.625000 0.048438 0.229630
0 0.295833 0.135185 0.029167 0.151852
0 0.181771 0.127315 0.032292 0.150926
0 0.200521 0.180556 0.027083 0.162963
0 0.601823 0.524074 0.040104 0.185185
0 0.161458 0.195833 0.027083 0.156481
0 0.128906 0.201852 0.028646 0.144444
0 0.444792 0.033333 0.028125 0.146296
0 0.236979 0.154167 0.029167 0.162037
0 0.252344 0.362963 0.043229 0.194444
0 0.943229 0.494444 0.035417 0.192593
0 0.940885 0.176852 0.034896 0.150000
0 0.947396 0.135648 0.032292 0.154630
0 0.871875 0.106944 0.037500 0.154630
0 0.318229 1.014815 0.045833 0.170370
0 0.234375 0.024074 0.023958 0.127778
0 0.207031 0.031481 0.032813 0.129630
