0 0.801302 0.668519 0.045312 0.227778
0 0.254688 0.205556 0.037500 0.187037
0 0.186458 0.655093 0.050000 0.236111
0 0.915625 0.519907 0.040625 0.193519
0 0.502604 0.966667 0.037500 0.255556
0 0.377865 0.242593 0.040104 0.103704
0 0.367969 0.325463 0.029687 0.112037
0 0.429427 0.218519 0.030729 0.161111
0 0.772656 0.073611 0.028646 0.130556
0 0.563281 0.148611 0.028646 0.147222
0 0.536979 0.156944 0.031250 0.167593
0 0.277344 0.171296 0.021354 0.157407
0 0.502083 0.123611 0.031250 0.154630
0 0.069531 0.410648 0.025521 0.173148
0 0.451823 0.487037 0.041146 0.196296
0 0.480990 0.487963 0.035937 0.179630
0 0.435417 0.167593 0.026042 0.142593
0 0.393490 0.169444 0.022396 0.155556
0 0.380469 0.073148 0.026562 0.146296
0 0.137760 0.436111 0.029687 0.175926
0 0.651563 0.082407 0.031250 0.109259
0 0.291406 0.525926 0.033854 0.196296
0 0.248438 0.516204 0.034375 0.213889
0 0.294010 0.136111 0.023438 0.153704
0 0.177604 0.122685 0.027083 0.149074
0 0.200521 0.181944 0.029167 0.163889
0 0.158854 0.200926 0.027083 0.157407
0 0.193229 0.164815 0.027083 0.161111
0 0.125781 0.197685 0.028646 0.150926
0 0.132813 0.180556 0.023958 0.170370
0 0.459896 0.003241 0.018750 0.136111
0 0.232292 0.111111 0.031250 0.153704
0 0.228125 0.473611 0.042708 0.206481
0 0.978125 0.590278 0.035417 0.197222
0 0.899479 0.120833 0.029167 0.141667
0 0.829167 0.024537 0.030208 0.130556
0 0.199740 0.940741 0.050521 0.255556
0 0.220052 0.866667 0.050521 0.251852
0 0.203125 -0.009259 0.022917 0.124074
