0 0.831771 0.687037 0.047917 0.222222
0 0.249740 0.178704 0.036979 0.183333
0 0.274740 0.644907 0.047396 0.223148
0 0.915625 0.519907 0.040625 0.193519
0 0.517448 0.975926 0.041146 0.242593
0 0.377865 0.242593 0.040104 0.103704
0 0.367969 0.325463 0.029687 0.112037
0 0.429427 0.218519 0.030729 0.161111
0 0.764062 0.040278 0.026042 0.123148
0 0.551823 0.131481 0.027604 0.148148
0 0.518750 0.129630 0.031250 0.164815
0 0.278646 0.165278 0.018750 0.158333
0 0.496875 0.087963 0.031250 0.151852
0 0.069792 0.411111 0.026042 0.174074
0 0.460417 0.525000 0.043750 0.203704
0 0.487760 0.534259 0.040104 0.190741
0 0.409375 0.155093 0.019792 0.139815
0 0.384375 0.166667 0.031250 0.155556
0 0.380729 0.077315 0.026042 0.141667
0 0.131250 0.393519 0.029167 0.170370
0 0.651563 0.082407 0.031250 0.109259
0 0.225781 0.564815 0.045312 0.214815
0 0.294271 0.135648 0.025000 0.152778
0 0.185677 0.121759 0.027604 0.149074
0 0.203646 0.179630 0.027083 0.162963
0 0.541406 0.473611 0.029687 0.180556
0 0.163542 0.199074 0.027083 0.157407
0 0.121875 0.202315 0.030208 0.145370
0 0.129688 0.182870 0.023958 0.173148
0 0.147656 0.155556 0.028646 0.161111
0 0.451823 0.018056 0.024479 0.143519
0 0.237240 0.138889 0.029687 0.159259
0 0.244531 0.412963 0.039063 0.196296
0 0.968750 0.539352 0.034375 0.193519
0 0.923438 0.147222 0.029167 0.144444
0 0.984375 0.131944 0.028125 0.149074
0 0.856250 0.063426 0.032292 0.143519
0 0.248177 1.004167 0.052604 0.191667
0 0.268229 0.956019 0.045833 0.245370
0 0.230729 0.009722 0.022917 0.128704
0 0.207812 0.009722 0.021875 0.126852
