0 0.853906 0.693981 0.045312 0.225000
0 0.256250 0.156019 0.035417 0.178704
0 0.358854 0.629167 0.055208 0.226852
0 0.915365 0.519907 0.041146 0.193519
0 0.532292 0.967593 0.046875 0.262963
0 0.377865 0.242593 0.040104 0.103704
0 0.367969 0.325463 0.029687 0.112037
0 0.429167 0.218519 0.030208 0.159259
0 0.762240 0.010648 0.026562 0.121296
0 0.540365 0.114815 0.027604 0.148148
0 0.510156 0.103704 0.031771 0.161111
0 0.273177 0.146296 0.025521 0.155556
0 0.493229 0.048611 0.029167 0.141667
0 0.070052 0.410648 0.026562 0.173148
0 0.463542 0.576389 0.043750 0.213889
0 0.497917 0.583333 0.039583 0.198148
0 0.406510 0.160648 0.031771 0.112037
0 0.382813 0.162500 0.029167 0.154630
0 0.382813 0.063889 0.027083 0.137037
0 0.121094 0.349074 0.027604 0.168519
0 0.651563 0.082407 0.031250 0.109259
0 0.244792 0.640278 0.036458 0.210185
0 0.191667 0.629630 0.048958 0.229630
0 0.296094 0.135185 0.029687 0.151852
0 0.182031 0.127315 0.031771 0.150926
0 0.200521 0.180556 0.027083 0.162963
0 0.607031 0.528704 0.041146 0.185185
0 0.161458 0.195833 0.027083 0.156481
0 0.193750 0.162963 0.026042 0.161111
0 0.128906 0.201852 0.029687 0.144444
0 0.444792 0.034722 0.029167 0.147222
0 0.236719 0.156019 0.028646 0.162037
0 0.253125 0.356481 0.041667 0.192593
0 0.940365 0.491667 0.035937 0.192593
0 0.941406 0.178241 0.035937 0.150926
0 0.946354 0.135648 0.033333 0.154630
0 0.870833 0.110648 0.034375 0.154630
0 0.320052 1.019444 0.045312 0.161111
0 0.233594 0.026852 0.024479 0.127778
0 0.206510 0.031944 0.032813 0.128704
