0 0.791146 0.662500 0.045833 0.228704
0 0.255729 0.212500 0.037500 0.187963
0 0.161979 0.654630 0.053125 0.237037
0 0.915625 0.519907 0.040625 0.193519
0 0.504427 0.971296 0.038021 0.255556
0 0.377865 0.242593 0.040104 0.103704
0 0.367969 0.325463 0.029687 0.112037
0 0.429427 0.218519 0.030729 0.161111
0 0.773177 0.085648 0.024479 0.132407
0 0.572656 0.150463 0.026562 0.147222
0 0.540104 0.164352 0.031250 0.167593
0 0.277865 0.175463 0.022396 0.162037
0 0.503906 0.136111 0.032813 0.159259
0 0.069531 0.410648 0.025521 0.173148
0 0.449479 0.471759 0.046875 0.202778
0 0.479687 0.480093 0.035417 0.184259
0 0.442448 0.169907 0.023438 0.141667
0 0.396354 0.171759 0.022917 0.156481
0 0.380469 0.072685 0.026562 0.149074
0 0.138542 0.451852 0.030208 0.179630
0 0.651563 0.082407 0.031250 0.109259
0 0.295312 0.514815 0.033333 0.200000
0 0.255208 0.500463 0.032292 0.210185
0 0.294010 0.136574 0.023438 0.154630
0 0.177604 0.122685 0.027083 0.149074
0 0.199219 0.182407 0.027604 0.162963
0 0.160417 0.200926 0.027083 0.157407
0 0.190625 0.164815 0.022917 0.161111
0 0.127865 0.195370 0.028646 0.148148
0 0.138542 0.177778 0.023958 0.170370
0 0.460677 -0.004630 0.018229 0.138889
0 0.227604 0.103241 0.027083 0.154630
0 0.220833 0.495833 0.042708 0.210185
0 0.979427 0.604630 0.033854 0.198148
0 0.891667 0.112500 0.029167 0.141667
0 0.821354 0.009259 0.029167 0.129630
0 0.186719 0.916667 0.050521 0.255556
0 0.204167 0.842130 0.040625 0.249074
0 0.202604 -0.016667 0.022917 0.124074
