0 0.830469 0.686111 0.047396 0.222222
0 0.249740 0.180093 0.036979 0.182407
0 0.270573 0.645370 0.047396 0.224074
0 0.915625 0.519907 0.040625 0.193519
0 0.516667 0.976389 0.040625 0.243519
0 0.377865 0.242593 0.040104 0.103704
0 0.367969 0.325463 0.029687 0.112037
0 0.429427 0.218519 0.030729 0.161111
0 0.764583 0.042130 0.027083 0.123148
0 0.552344 0.132407 0.027604 0.148148
0 0.519531 0.131481 0.030729 0.164815
0 0.278906 0.166204 0.018229 0.158333
0 0.496875 0.089815 0.031250 0.151852
0 0.069792 0.411111 0.026042 0.174074
0 0.460156 0.523148 0.044271 0.203704
0 0.486719 0.531944 0.039063 0.191667
0 0.409896 0.155556 0.019792 0.140741
0 0.384635 0.166204 0.030729 0.156481
0 0.381250 0.077315 0.026042 0.141667
0 0.131771 0.395370 0.029167 0.170370
0 0.651563 0.082407 0.031250 0.109259
0 0.227083 0.562500 0.044792 0.213889
0 0.294271 0.135648 0.025000 0.152778
0 0.185417 0.121759 0.027083 0.149074
0 0.203906 0.179630 0.027604 0.162963
0 0.538281 0.471296 0.029687 0.181481
0 0.163542 0.200000 0.027083 0.157407
0 0.122135 0.202778 0.029687 0.146296
0 0.129948 0.182407 0.023438 0.174074
0 0.148177 0.155556 0.028646 0.161111
0 0.452083 0.017130 0.023958 0.143519
0 0.237240 0.137500 0.029687 0.158333
0 0.245052 0.414352 0.038021 0.195370
0 0.970052 0.541204 0.034896 0.193519
0 0.922135 0.145833 0.028646 0.143519
0 0.986719 0.132870 0.028646 0.147222
0 0.854167 0.060185 0.030208 0.142593
0 0.245573 1.000463 0.052604 0.199074
0 0.266146 0.950926 0.045833 0.246296
0 0.230729 0.009722 0.022917 0.128704
0 0.207292 0.007870 0.021875 0.126852
