0 0.805990 0.670833 0.044271 0.226852
0 0.254167 0.202778 0.037500 0.187037
0 0.195052 0.654167 0.056771 0.232407
0 0.915625 0.519907 0.040625 0.193519
0 0.503125 0.968056 0.037500 0.254630
0 0.377865 0.242593 0.040104 0.103704
0 0.367969 0.325463 0.029687 0.112037
0 0.429427 0.218519 0.030729 0.161111
0 0.772396 0.068519 0.028125 0.129630
0 0.561198 0.145833 0.027604 0.147222
0 0.534375 0.155093 0.031250 0.167593
0 0.277865 0.170370 0.020313 0.155556
0 0.500521 0.120833 0.031250 0.158333
0 0.069531 0.410648 0.025521 0.173148
0 0.450260 0.494444 0.039063 0.198148
0 0.482292 0.494907 0.035417 0.184259
0 0.430729 0.165278 0.023958 0.141667
0 0.391927 0.169444 0.023438 0.155556
0 0.380729 0.074537 0.026042 0.143519
0 0.138021 0.432407 0.029167 0.177778
0 0.651563 0.082407 0.031250 0.109259
0 0.288281 0.533333 0.033854 0.198148
0 0.245312 0.524537 0.036458 0.215741
0 0.294010 0.136111 0.023438 0.153704
0 0.177604 0.122685 0.027083 0.149074
0 0.201042 0.181481 0.029167 0.164815
0 0.480990 0.432870 0.032813 0.169444
0 0.159375 0.200926 0.027083 0.157407
0 0.125000 0.199074 0.028125 0.151852
0 0.458854 0.004630 0.019792 0.138889
0 0.232292 0.116667 0.029167 0.155556
0 0.229948 0.464352 0.042188 0.202778
0 0.975521 0.586574 0.035417 0.199074
0 0.903646 0.120833 0.029167 0.141667
0 0.832292 0.031019 0.029167 0.132407
0 0.207031 0.950463 0.050521 0.254630
0 0.223437 0.876852 0.046875 0.250000
0 0.227865 -0.007407 0.021354 0.124074
0 0.203125 -0.006481 0.022917 0.124074
