0 0.841667 0.693519 0.043750 0.222222
0 0.248698 0.169444 0.035937 0.181481
0 0.297656 0.641667 0.054688 0.222222
0 0.915365 0.519907 0.041146 0.193519
0 0.520833 0.973148 0.041667 0.244444
0 0.377865 0.242593 0.040104 0.103704
0 0.367969 0.325463 0.029687 0.112037
0 0.429427 0.218519 0.030729 0.161111
0 0.759115 0.032407 0.024479 0.122222
0 0.546615 0.128704 0.027604 0.148148
0 0.513021 0.124537 0.033333 0.163889
0 0.278125 0.159259 0.025000 0.155556
0 0.497135 0.072222 0.031771 0.148148
0 0.069792 0.411111 0.026042 0.174074
0 0.461198 0.546296 0.042188 0.209259
0 0.495573 0.548148 0.041146 0.190741
0 0.407552 0.152778 0.021354 0.131481
0 0.382552 0.166667 0.028646 0.155556
0 0.379948 0.076389 0.025521 0.143519
0 0.126302 0.376852 0.027604 0.168519
0 0.651563 0.082407 0.031250 0.109259
0 0.261458 0.600463 0.033333 0.212037
0 0.214844 0.589352 0.046354 0.223148
0 0.294271 0.135648 0.026042 0.152778
0 0.184115 0.125926 0.028646 0.151852
0 0.202604 0.179630 0.027083 0.162963
0 0.562760 0.493519 0.033854 0.183333
0 0.162500 0.198148 0.027083 0.157407
0 0.123698 0.202315 0.031771 0.145370
0 0.130990 0.183796 0.027604 0.167593
0 0.147656 0.155556 0.028646 0.161111
0 0.447917 0.025463 0.028125 0.145370
0 0.236198 0.145370 0.029687 0.159259
0 0.246094 0.394444 0.039063 0.198148
0 0.961198 0.525463 0.033854 0.193519
0 0.930208 0.159259 0.031250 0.148148
0 0.970833 0.135648 0.029167 0.149074
0 0.860677 0.077778 0.028646 0.150000
0 0.287760 0.985185 0.052604 0.229630
0 0.232552 0.012963 0.024479 0.127778
0 0.208854 0.018056 0.021875 0.126852
