0 0.853646 0.693056 0.045833 0.225000
0 0.256771 0.156019 0.035417 0.178704
0 0.359896 0.628704 0.054167 0.225926
0 0.915365 0.519907 0.041146 0.193519
0 0.532292 0.968056 0.046875 0.262037
0 0.377865 0.242593 0.040104 0.103704
0 0.367969 0.325463 0.029687 0.112037
0 0.429167 0.218519 0.030208 0.159259
0 0.762760 0.009722 0.026562 0.121296
0 0.540365 0.114815 0.027604 0.148148
0 0.509896 0.103241 0.032292 0.160185
0 0.272135 0.146296 0.025521 0.155556
0 0.493229 0.047685 0.029167 0.141667
0 0.070052 0.410648 0.026562 0.173148
0 0.464062 0.577315 0.044792 0.213889
0 0.498437 0.584259 0.039583 0.198148
0 0.406510 0.161111 0.031771 0.111111
0 0.383073 0.162500 0.029687 0.154630
0 0.383333 0.062963 0.027083 0.137037
0 0.121094 0.347685 0.027604 0.167593
0 0.651563 0.082407 0.031250 0.109259
0 0.244271 0.642593 0.036458 0.211111
0 0.190885 0.630093 0.048438 0.228704
0 0.296615 0.135185 0.029687 0.151852
0 0.182031 0.127315 0.031771 0.150926
0 0.200521 0.180556 0.027083 0.162963
0 0.609115 0.529630 0.040104 0.185185
0 0.161458 0.195833 0.027083 0.156481
0 0.193490 0.162963 0.026562 0.161111
0 0.129167 0.201852 0.030208 0.144444
0 0.444792 0.035648 0.029167 0.147222
0 0.236458 0.156944 0.028125 0.162037
0 0.253646 0.354630 0.041667 0.192593
0 0.939323 0.491204 0.035937 0.191667
0 0.941146 0.178704 0.035417 0.150000
0 0.945833 0.136111 0.033333 0.153704
0 0.870573 0.111574 0.033854 0.154630
0 0.320573 1.020833 0.045312 0.158333
0 0.233594 0.027778 0.024479 0.127778
0 0.205990 0.031944 0.032813 0.128704
