0 0.853906 0.699074 0.040104 0.224074
0 0.252083 0.158333 0.035417 0.179630
0 0.341406 0.633333 0.048438 0.225926
0 0.915365 0.519907 0.041146 0.193519
0 0.530208 0.966667 0.046875 0.261111
0 0.377865 0.242593 0.040104 0.103704
0 0.367969 0.325463 0.029687 0.112037
0 0.429427 0.218519 0.030729 0.161111
0 0.761198 0.018056 0.026562 0.121296
0 0.542448 0.119444 0.027604 0.148148
0 0.511198 0.108796 0.030729 0.162037
0 0.275521 0.150000 0.026042 0.155556
0 0.494531 0.052778 0.028646 0.137037
0 0.070052 0.410648 0.026562 0.173148
0 0.465625 0.566667 0.045833 0.212963
0 0.494010 0.571296 0.034896 0.194444
0 0.405990 0.158333 0.027604 0.118519
0 0.382552 0.163426 0.028646 0.154630
0 0.380729 0.067130 0.026042 0.141667
0 0.122135 0.359259 0.027604 0.168519
0 0.651563 0.082407 0.031250 0.109259
0 0.250781 0.629630 0.035937 0.212963
0 0.195833 0.615278 0.045833 0.225000
0 0.295052 0.135185 0.027604 0.151852
0 0.181510 0.127315 0.032813 0.150926
0 0.200521 0.180556 0.027083 0.162963
0 0.594531 0.514815 0.033854 0.185185
0 0.160938 0.195833 0.027083 0.156481
0 0.128906 0.201852 0.028646 0.144444
0 0.444531 0.031019 0.027604 0.145370
0 0.236979 0.150463 0.029167 0.160185
0 0.252604 0.369907 0.039583 0.195370
0 0.947917 0.503704 0.034375 0.192593
0 0.939583 0.173148 0.031250 0.148148
0 0.950000 0.137037 0.034375 0.151852
0 0.870833 0.100463 0.036458 0.152778
0 0.311979 1.007407 0.047917 0.185185
0 0.234375 0.019444 0.023958 0.127778
0 0.209115 0.029167 0.029687 0.128704
