0 0.829427 0.680556 0.038021 0.225926
0 0.250260 0.129167 0.034896 0.173148
0 0.431771 0.644444 0.042708 0.227778
0 0.915365 0.519907 0.041146 0.193519
0 0.552604 0.974537 0.046875 0.243519
0 0.377865 0.242593 0.040104 0.103704
0 0.367969 0.325463 0.029687 0.112037
0 0.428385 0.218056 0.025521 0.158333
0 0.538281 0.082870 0.026562 0.143519
0 0.502604 0.068056 0.030208 0.149074
0 0.279427 0.123611 0.021354 0.154630
0 0.072396 0.409722 0.028125 0.171296
0 0.491406 0.660185 0.061979 0.222222
0 0.525521 0.665741 0.041667 0.201852
0 0.405990 0.150926 0.024479 0.135185
0 0.384635 0.160185 0.027604 0.155556
0 0.393750 0.016204 0.025000 0.134259
0 0.143750 0.292130 0.025000 0.165741
0 0.651563 0.082407 0.031250 0.109259
0 0.201302 0.741204 0.036979 0.228704
0 0.155990 0.718056 0.047396 0.232407
0 0.286979 0.147222 0.027083 0.159259
0 0.183073 0.127778 0.029687 0.150000
0 0.200521 0.182407 0.027083 0.162963
0 0.741406 0.598148 0.050521 0.188889
0 0.163021 0.194444 0.027083 0.157407
0 0.193490 0.163889 0.025521 0.161111
0 0.128906 0.200926 0.028646 0.144444
0 0.461979 0.050926 0.026042 0.151852
0 0.238281 0.191667 0.029687 0.159259
0 0.250521 0.284722 0.039583 0.184259
0 0.979167 0.455093 0.044792 0.189815
0 0.885937 0.428704 0.032292 0.185185
0 0.799479 0.024074 0.027083 0.137037
0 0.924479 0.220370 0.031250 0.155556
0 0.931250 0.138889 0.032292 0.155556
0 0.908073 0.181944 0.034896 0.163889
0 0.230469 0.062500 0.021354 0.136111
0 0.202604 0.064815 0.033333 0.125926
