0 0.850781 0.683333 0.052604 0.224074
0 0.257031 0.147222 0.034896 0.175926
0 0.393490 0.626389 0.043229 0.217593
0 0.915365 0.519907 0.041146 0.193519
0 0.531510 0.977315 0.047396 0.241667
0 0.377865 0.242593 0.040104 0.103704
0 0.367969 0.325463 0.029687 0.112037
0 0.428906 0.218519 0.028646 0.159259
0 0.773177 -0.006019 0.026562 0.121296
0 0.537760 0.102778 0.027604 0.148148
0 0.507552 0.089352 0.029687 0.156481
0 0.488802 0.027778 0.028646 0.140741
0 0.070052 0.410648 0.026562 0.173148
0 0.473958 0.609259 0.054167 0.216667
0 0.507292 0.613889 0.041667 0.200000
0 0.405469 0.156944 0.028646 0.125000
0 0.386979 0.162963 0.032292 0.155556
0 0.386719 0.050463 0.025521 0.136111
0 0.122396 0.328241 0.028125 0.163889
0 0.651563 0.082407 0.031250 0.109259
0 0.228125 0.680556 0.038542 0.218519
0 0.174740 0.666667 0.044271 0.235185
0 0.300521 0.140741 0.029167 0.151852
0 0.200521 0.181481 0.027083 0.162963
0 0.655990 0.555093 0.036979 0.187963
0 0.163021 0.194444 0.027083 0.157407
0 0.191667 0.162500 0.027083 0.160185
0 0.132813 0.202778 0.036458 0.142593
0 0.447656 0.043981 0.025521 0.150926
0 0.234896 0.168519 0.027083 0.161111
0 0.256771 0.328704 0.041667 0.185185
0 0.996875 0.491204 0.038542 0.178704
0 0.808333 0.009259 0.029167 0.137037
0 0.935677 0.193981 0.029687 0.152778
0 0.947917 0.140741 0.035417 0.153704
0 0.978385 0.148148 0.044271 0.155556
0 0.882813 0.138426 0.037500 0.158333
0 0.232813 0.041667 0.020833 0.133333
0 0.203385 0.043056 0.034896 0.128704
