0 0.842448 0.683333 0.046354 0.224074
0 0.253125 0.140278 0.034375 0.175000
0 0.411719 0.634722 0.044271 0.223148
0 0.915365 0.519907 0.041146 0.193519
0 0.537760 0.975000 0.045312 0.237037
0 0.377865 0.242593 0.040104 0.103704
0 0.367969 0.325463 0.029687 0.112037
0 0.428646 0.218056 0.027083 0.158333
0 0.774219 -0.018981 0.026562 0.121296
0 0.538802 0.094444 0.027604 0.148148
0 0.505208 0.081481 0.032292 0.155556
0 0.270573 0.130093 0.021354 0.152778
0 0.484375 0.015278 0.027083 0.139815
0 0.070833 0.410648 0.027083 0.173148
0 0.479167 0.631481 0.055208 0.220370
0 0.514323 0.631944 0.042188 0.195370
0 0.404167 0.150463 0.021875 0.137963
0 0.386979 0.162500 0.031250 0.156481
0 0.388281 0.036574 0.025521 0.136111
0 0.128906 0.310185 0.026562 0.159259
0 0.651563 0.082407 0.031250 0.109259
0 0.217188 0.711111 0.036458 0.224074
0 0.170833 0.688426 0.047917 0.236111
0 0.294531 0.141204 0.028646 0.150926
0 0.200521 0.182407 0.027083 0.162963
0 0.689323 0.572685 0.036979 0.189815
0 0.163021 0.194444 0.027083 0.157407
0 0.190885 0.162963 0.025521 0.161111
0 0.134635 0.199537 0.039063 0.141667
0 0.452083 0.049074 0.023958 0.151852
0 0.237500 0.177315 0.028125 0.160185
0 0.253125 0.305093 0.040625 0.184259
0 0.987760 0.474074 0.044271 0.177778
0 0.906510 0.447222 0.034896 0.187037
0 0.803906 0.015278 0.026562 0.136111
0 0.930208 0.205093 0.026042 0.150926
0 0.947656 0.143519 0.045312 0.157407
0 0.888802 0.154630 0.032813 0.159259
0 0.231771 0.053241 0.021875 0.136111
0 0.203906 0.055556 0.033854 0.127778
