0 0.824479 0.664815 0.043750 0.224074
0 0.252604 0.099537 0.037500 0.167593
0 0.443229 0.681019 0.043750 0.239815
0 0.913542 0.519444 0.045833 0.190741
0 0.552865 0.984259 0.046354 0.231481
0 0.377865 0.242593 0.040104 0.103704
0 0.367969 0.325463 0.029687 0.112037
0 0.429167 0.212963 0.029167 0.161111
0 0.534375 0.055093 0.027083 0.137963
0 0.499219 0.048148 0.027604 0.148148
0 0.295312 0.125926 0.020833 0.144444
0 0.089844 0.396296 0.034896 0.177778
0 0.060156 0.380556 0.022396 0.198148
0 0.509635 0.733796 0.060937 0.230556
0 0.546354 0.742130 0.038542 0.213889
0 0.405990 0.155556 0.025521 0.122222
0 0.387500 0.162500 0.032292 0.154630
0 0.174219 0.248148 0.025521 0.155556
0 0.651563 0.082407 0.031250 0.109259
0 0.175521 0.826852 0.038542 0.238889
0 0.136458 0.801852 0.053125 0.248148
0 0.278385 0.164352 0.030729 0.158333
0 0.179427 0.127315 0.027604 0.152778
0 0.200521 0.182870 0.027083 0.162037
0 0.867708 0.649537 0.036458 0.195370
0 0.163542 0.194444 0.027083 0.157407
0 0.129167 0.200000 0.032292 0.146296
0 0.470052 0.042593 0.025521 0.150000
0 0.227344 0.236111 0.030729 0.168519
0 0.258854 0.233333 0.031250 0.175926
0 0.932812 0.417130 0.038542 0.199074
0 0.863021 0.386574 0.031250 0.182407
0 0.794010 0.049537 0.029687 0.136111
0 0.920833 0.254167 0.035417 0.158333
0 0.894010 0.112500 0.026562 0.150926
0 0.863021 0.106019 0.029167 0.162037
0 0.966146 0.249074 0.040625 0.172222
0 0.222917 0.086111 0.022917 0.146296
0 0.195052 0.093056 0.027604 0.134259
