0 0.848958 0.683333 0.052083 0.224074
0 0.255990 0.144444 0.034896 0.175926
0 0.396615 0.627315 0.038021 0.215741
0 0.915365 0.519907 0.041146 0.193519
0 0.532292 0.976852 0.047917 0.238889
0 0.377865 0.242593 0.040104 0.103704
0 0.367969 0.325463 0.029687 0.112037
0 0.428646 0.218519 0.028125 0.159259
0 0.772656 -0.012500 0.026562 0.121296
0 0.538281 0.100000 0.027604 0.148148
0 0.507031 0.085648 0.029687 0.156481
0 0.486719 0.020833 0.027604 0.139815
0 0.070313 0.410648 0.027083 0.173148
0 0.475000 0.614352 0.054167 0.215741
0 0.509115 0.623148 0.040104 0.200000
0 0.404687 0.153704 0.027083 0.131481
0 0.387500 0.162500 0.031250 0.156481
0 0.386198 0.045833 0.025521 0.136111
0 0.124479 0.320833 0.028125 0.163889
0 0.651563 0.082407 0.031250 0.109259
0 0.223698 0.686574 0.036979 0.217593
0 0.173177 0.675926 0.047396 0.237037
0 0.298958 0.142593 0.029167 0.151852
0 0.200521 0.181481 0.027083 0.162963
0 0.666406 0.564352 0.047396 0.187963
0 0.163021 0.194444 0.027083 0.157407
0 0.191667 0.162500 0.027083 0.160185
0 0.133854 0.201852 0.038542 0.142593
0 0.448437 0.045370 0.023958 0.151852
0 0.235156 0.175463 0.027604 0.160185
0 0.254948 0.321296 0.044271 0.185185
0 0.995312 0.488426 0.038542 0.178704
0 0.806771 0.012037 0.029167 0.137037
0 0.933594 0.196759 0.028646 0.149074
0 0.967187 0.145833 0.039583 0.158333
0 0.885417 0.144907 0.036458 0.160185
0 0.232813 0.047685 0.021875 0.136111
0 0.203646 0.046296 0.035417 0.127778
