0 0.825781 0.678241 0.038021 0.226852
0 0.250521 0.124074 0.035417 0.172222
0 0.439583 0.650926 0.043750 0.227778
0 0.913021 0.519444 0.045833 0.192593
0 0.555208 0.973611 0.046875 0.243519
0 0.377865 0.242593 0.040104 0.103704
0 0.367969 0.325463 0.029687 0.112037
0 0.429688 0.217593 0.023958 0.157407
0 0.538281 0.076852 0.026562 0.144444
0 0.502083 0.064352 0.030208 0.149074
0 0.073438 0.410185 0.028125 0.172222
0 0.493229 0.672685 0.059375 0.225000
0 0.530729 0.677778 0.045833 0.203704
0 0.405729 0.151852 0.027083 0.131481
0 0.384375 0.160185 0.025000 0.155556
0 0.395313 0.006944 0.025000 0.134259
0 0.151042 0.281481 0.026042 0.161111
0 0.651563 0.082407 0.031250 0.109259
0 0.196354 0.757407 0.037500 0.229630
0 0.153385 0.735185 0.050521 0.237037
0 0.286198 0.150000 0.027604 0.157407
0 0.183854 0.127778 0.029167 0.150000
0 0.200521 0.182407 0.027083 0.162963
0 0.765625 0.605556 0.047917 0.190741
0 0.163021 0.194444 0.027083 0.157407
0 0.129167 0.200463 0.031250 0.147222
0 0.466406 0.048611 0.027604 0.150926
0 0.238281 0.200000 0.029687 0.159259
0 0.250260 0.273148 0.034896 0.177778
0 0.973437 0.451389 0.040625 0.193519
0 0.880208 0.423148 0.031250 0.185185
0 0.798958 0.030093 0.029167 0.136111
0 0.920833 0.227315 0.029167 0.154630
0 0.924219 0.135648 0.029687 0.154630
0 0.898958 0.134722 0.035417 0.160185
0 0.914323 0.189352 0.036979 0.156481
0 0.228906 0.067130 0.021354 0.141667
0 0.202604 0.070370 0.033333 0.125926
