0 0.822396 0.676389 0.037500 0.228704
0 0.250781 0.118981 0.035937 0.171296
0 0.444271 0.657407 0.045833 0.231481
0 0.910677 0.519444 0.050521 0.192593
0 0.556250 0.973611 0.046875 0.243519
0 0.377865 0.242593 0.040104 0.103704
0 0.367969 0.325463 0.029687 0.112037
0 0.430469 0.216204 0.023438 0.158333
0 0.538281 0.072222 0.026562 0.144444
0 0.502083 0.061574 0.030208 0.149074
0 0.075000 0.410185 0.028125 0.174074
0 0.496354 0.682407 0.058333 0.227778
0 0.533854 0.690278 0.046875 0.204630
0 0.405729 0.152315 0.027083 0.128704
0 0.384635 0.161111 0.024479 0.155556
0 0.396875 -0.001389 0.025000 0.134259
0 0.156250 0.275926 0.027083 0.159259
0 0.651563 0.082407 0.031250 0.109259
0 0.192969 0.768981 0.036979 0.228704
0 0.150260 0.750000 0.050521 0.242593
0 0.285417 0.152315 0.029167 0.156481
0 0.184896 0.127778 0.029167 0.150000
0 0.200521 0.182407 0.027083 0.162963
0 0.786719 0.610648 0.040104 0.191667
0 0.163021 0.194444 0.027083 0.157407
0 0.129427 0.200000 0.032813 0.146296
0 0.468750 0.046759 0.028125 0.150926
0 0.237760 0.207407 0.029687 0.161111
0 0.252344 0.267593 0.034896 0.175926
0 0.965104 0.444907 0.042708 0.195370
0 0.876042 0.416204 0.032292 0.184259
0 0.799219 0.033796 0.029687 0.136111
0 0.917187 0.233333 0.031250 0.153704
0 0.916146 0.133333 0.027083 0.153704
0 0.888542 0.130556 0.034375 0.161111
0 0.926042 0.198611 0.038542 0.158333
0 0.227865 0.069907 0.022396 0.145370
0 0.201042 0.068981 0.030208 0.125000
