0 0.825260 0.678241 0.038021 0.226852
0 0.250521 0.123148 0.035417 0.172222
0 0.440365 0.652315 0.043229 0.228704
0 0.912760 0.519444 0.046354 0.192593
0 0.555208 0.973611 0.046875 0.243519
0 0.377865 0.242593 0.040104 0.103704
0 0.367969 0.325463 0.029687 0.112037
0 0.429948 0.217593 0.023438 0.157407
0 0.538281 0.075926 0.026562 0.144444
0 0.502083 0.063426 0.030208 0.149074
0 0.073438 0.410648 0.028125 0.173148
0 0.493490 0.674074 0.058854 0.225926
0 0.531510 0.679630 0.046354 0.203704
0 0.405729 0.151852 0.027083 0.131481
0 0.384375 0.160185 0.023958 0.155556
0 0.395833 0.006019 0.025000 0.134259
0 0.152083 0.280556 0.026042 0.161111
0 0.651563 0.082407 0.031250 0.109259
0 0.195833 0.759722 0.037500 0.228704
0 0.153385 0.737500 0.050521 0.237963
0 0.286198 0.150000 0.027604 0.157407
0 0.183854 0.127778 0.029167 0.150000
0 0.200521 0.182407 0.027083 0.162963
0 0.769010 0.606481 0.046354 0.190741
0 0.163021 0.194444 0.027083 0.157407
0 0.129427 0.200463 0.031771 0.147222
0 0.466927 0.048148 0.027604 0.151852
0 0.238281 0.200926 0.029687 0.159259
0 0.250000 0.271759 0.034375 0.176852
0 0.972656 0.450926 0.040104 0.194444
0 0.879687 0.422685 0.031250 0.184259
0 0.798958 0.031019 0.029167 0.136111
0 0.920312 0.229167 0.029167 0.154630
0 0.923438 0.135648 0.029167 0.154630
0 0.897135 0.134722 0.035937 0.160185
0 0.915885 0.190278 0.036979 0.156481
0 0.228906 0.067593 0.021354 0.142593
0 0.202344 0.069444 0.032813 0.125926
