0 0.823698 0.664815 0.045312 0.224074
0 0.252344 0.101389 0.038021 0.167593
0 0.441406 0.680556 0.046354 0.240741
0 0.910937 0.518981 0.051042 0.191667
0 0.551823 0.984259 0.046354 0.231481
0 0.377865 0.242593 0.040104 0.103704
0 0.367969 0.325463 0.029687 0.112037
0 0.430208 0.212963 0.028125 0.161111
0 0.534375 0.057870 0.027083 0.137963
0 0.499219 0.049074 0.027604 0.148148
0 0.292969 0.124537 0.021354 0.145370
0 0.089583 0.397222 0.036458 0.175926
0 0.059896 0.382407 0.022917 0.196296
0 0.507552 0.726389 0.058854 0.228704
0 0.543750 0.737037 0.038542 0.212963
0 0.405990 0.155556 0.025521 0.122222
0 0.387240 0.162500 0.031771 0.154630
0 0.394792 -0.025926 0.025000 0.133333
0 0.172135 0.249074 0.025521 0.155556
0 0.651563 0.082407 0.031250 0.109259
0 0.176302 0.822685 0.039063 0.237963
0 0.137500 0.797222 0.055208 0.248148
0 0.277865 0.164352 0.030729 0.158333
0 0.180729 0.127315 0.028125 0.152778
0 0.200521 0.182870 0.027083 0.162037
0 0.859635 0.645833 0.038021 0.195370
0 0.163542 0.194444 0.027083 0.157407
0 0.129167 0.200000 0.032292 0.146296
0 0.470052 0.043519 0.025521 0.150000
0 0.228385 0.233796 0.029687 0.169444
0 0.257292 0.236111 0.031250 0.175926
0 0.935937 0.419444 0.038542 0.198148
0 0.863802 0.389352 0.031771 0.182407
0 0.794010 0.046759 0.029687 0.136111
0 0.920833 0.251389 0.035417 0.156481
0 0.895573 0.113426 0.026562 0.150926
0 0.865365 0.106481 0.029687 0.161111
0 0.961458 0.246296 0.037500 0.170370
0 0.223698 0.083333 0.023438 0.146296
0 0.196094 0.089352 0.027604 0.132407
