0 0.850260 0.683333 0.052604 0.224074
0 0.256510 0.146296 0.034896 0.175926
0 0.395052 0.626852 0.041146 0.216667
0 0.915365 0.519907 0.041146 0.193519
0 0.531771 0.976852 0.047917 0.240741
0 0.377865 0.242593 0.040104 0.103704
0 0.367969 0.325463 0.029687 0.112037
0 0.428646 0.218519 0.028125 0.159259
0 0.773177 -0.007870 0.026562 0.121296
0 0.537760 0.101852 0.027604 0.148148
0 0.507292 0.087963 0.030208 0.157407
0 0.488021 0.025000 0.028125 0.140741
0 0.070052 0.410648 0.026562 0.173148
0 0.474479 0.611111 0.054167 0.216667
0 0.508073 0.617593 0.041146 0.200000
0 0.405208 0.155556 0.028125 0.127778
0 0.387240 0.162500 0.031771 0.156481
0 0.386198 0.048611 0.025521 0.136111
0 0.122917 0.325463 0.028125 0.163889
0 0.651563 0.082407 0.031250 0.109259
0 0.226302 0.683333 0.038021 0.218519
0 0.174219 0.669907 0.045312 0.236111
0 0.300000 0.141667 0.029167 0.151852
0 0.200521 0.181481 0.027083 0.162963
0 0.660156 0.558796 0.041146 0.187963
0 0.163021 0.194444 0.027083 0.157407
0 0.191667 0.162500 0.027083 0.160185
0 0.133333 0.202315 0.037500 0.141667
0 0.447917 0.044907 0.025000 0.150926
0 0.234896 0.171296 0.027083 0.161111
0 0.255990 0.325926 0.043229 0.185185
0 0.996354 0.489815 0.038542 0.177778
0 0.807292 0.010185 0.029167 0.137037
0 0.934896 0.194907 0.029167 0.150926
0 0.973698 0.146759 0.042188 0.156481
0 0.884896 0.142130 0.038542 0.160185
0 0.232552 0.043981 0.021354 0.134259
0 0.203646 0.043519 0.035417 0.127778
