0 0.832812 0.682407 0.038542 0.224074
0 0.250000 0.133333 0.034375 0.174074
0 0.421094 0.642593 0.038021 0.231481
0 0.915365 0.519907 0.041146 0.193519
0 0.548958 0.974537 0.046875 0.243519
0 0.377865 0.242593 0.040104 0.103704
0 0.367969 0.325463 0.029687 0.112037
0 0.428646 0.218056 0.026042 0.158333
0 0.538281 0.084259 0.026562 0.140741
0 0.502604 0.070833 0.030208 0.149074
0 0.276042 0.127315 0.021875 0.156481
0 0.480729 0.005093 0.027083 0.139815
0 0.071875 0.410648 0.027083 0.173148
0 0.487500 0.644907 0.061458 0.219444
0 0.521615 0.657870 0.042188 0.204630
0 0.406510 0.150463 0.021354 0.137963
0 0.386198 0.161574 0.030729 0.156481
0 0.390625 0.022685 0.025000 0.134259
0 0.137760 0.300926 0.025521 0.166667
0 0.651563 0.082407 0.031250 0.109259
0 0.208333 0.729167 0.036458 0.226852
0 0.161979 0.713426 0.045833 0.241667
0 0.290365 0.144444 0.027604 0.157407
0 0.200521 0.182407 0.027083 0.162963
0 0.723437 0.585648 0.035417 0.189815
0 0.163021 0.194444 0.027083 0.157407
0 0.192448 0.163889 0.025521 0.161111
0 0.128906 0.200926 0.028646 0.144444
0 0.457813 0.052778 0.025000 0.151852
0 0.238802 0.187037 0.029687 0.159259
0 0.253125 0.295370 0.039583 0.183333
0 0.982812 0.462037 0.045833 0.179630
0 0.891406 0.436574 0.035937 0.186111
0 0.800781 0.020833 0.026562 0.136111
0 0.928906 0.218519 0.036979 0.159259
0 0.923438 0.141204 0.033333 0.160185
0 0.901823 0.171759 0.034896 0.162037
0 0.230469 0.059722 0.021354 0.136111
0 0.203906 0.062500 0.030729 0.126852
