0 0.825260 0.664815 0.043229 0.224074
0 0.252865 0.098611 0.038021 0.167593
0 0.444531 0.681019 0.042188 0.239815
0 0.915104 0.519907 0.042708 0.191667
0 0.553646 0.984259 0.046875 0.231481
0 0.377865 0.242593 0.040104 0.103704
0 0.367969 0.325463 0.029687 0.112037
0 0.428385 0.213426 0.029687 0.160185
0 0.534375 0.053241 0.027083 0.137963
0 0.499479 0.047222 0.028125 0.148148
0 0.296615 0.126852 0.020313 0.144444
0 0.090104 0.395370 0.033333 0.177778
0 0.060417 0.379167 0.021875 0.199074
0 0.510938 0.738426 0.062500 0.232407
0 0.547917 0.745833 0.038542 0.215741
0 0.405990 0.156481 0.025521 0.122222
0 0.387760 0.162500 0.032813 0.154630
0 0.175781 0.248148 0.025521 0.155556
0 0.651563 0.082407 0.031250 0.109259
0 0.175000 0.829167 0.038542 0.239815
0 0.135677 0.805093 0.051562 0.247222
0 0.278906 0.165278 0.030729 0.158333
0 0.178385 0.127315 0.027604 0.152778
0 0.200521 0.182870 0.027083 0.162037
0 0.872917 0.651852 0.035417 0.194444
0 0.163542 0.194444 0.027083 0.157407
0 0.129167 0.200000 0.032292 0.146296
0 0.470312 0.042593 0.025000 0.150000
0 0.226823 0.237500 0.030729 0.167593
0 0.259896 0.231481 0.031250 0.175926
0 0.930729 0.415278 0.038542 0.199074
0 0.862240 0.384722 0.030729 0.182407
0 0.794010 0.051389 0.029687 0.136111
0 0.920833 0.256019 0.035417 0.158333
0 0.892969 0.111574 0.026562 0.150926
0 0.861458 0.106019 0.029167 0.162037
0 0.969271 0.251389 0.042708 0.173148
0 0.222135 0.087963 0.023438 0.146296
0 0.194792 0.095833 0.028125 0.136111
