0 0.853385 0.688889 0.050521 0.225926
0 0.260417 0.154630 0.035417 0.177778
0 0.367448 0.625463 0.046354 0.223148
0 0.915365 0.519907 0.041146 0.193519
0 0.532552 0.971759 0.046354 0.256481
0 0.377865 0.242593 0.040104 0.103704
0 0.367969 0.325463 0.029687 0.112037
0 0.428906 0.218519 0.029687 0.159259
0 0.767448 0.008796 0.026562 0.121296
0 0.538281 0.111111 0.027604 0.148148
0 0.508594 0.099537 0.033854 0.158333
0 0.493490 0.039815 0.029687 0.140741
0 0.070052 0.410648 0.026562 0.173148
0 0.469271 0.585648 0.052083 0.212037
0 0.501563 0.589815 0.040625 0.192593
0 0.407031 0.164352 0.032813 0.104630
0 0.385156 0.162037 0.031771 0.153704
0 0.385677 0.058796 0.025521 0.136111
0 0.119792 0.338426 0.028125 0.163889
0 0.651563 0.082407 0.031250 0.109259
0 0.240625 0.659259 0.036458 0.218519
0 0.184635 0.634722 0.044271 0.219444
0 0.300260 0.137037 0.029687 0.151852
0 0.182292 0.127315 0.031250 0.150926
0 0.200521 0.180556 0.027083 0.162963
0 0.624479 0.535648 0.032292 0.187963
0 0.161979 0.195370 0.027083 0.157407
0 0.192448 0.162037 0.026562 0.159259
0 0.129688 0.202315 0.032292 0.143519
0 0.445052 0.038889 0.029687 0.148148
0 0.235417 0.162037 0.026042 0.161111
0 0.255990 0.342130 0.039063 0.187963
0 0.932552 0.487500 0.035937 0.191667
0 0.939844 0.181481 0.032813 0.150000
0 0.944271 0.137963 0.035417 0.153704
0 0.870833 0.119444 0.031250 0.153704
0 0.232292 0.034722 0.026042 0.126852
0 0.204687 0.035648 0.033333 0.128704
