0 0.852865 0.685648 0.052604 0.225000
0 0.259896 0.151852 0.035417 0.177778
0 0.379948 0.625463 0.046354 0.221296
0 0.915365 0.519907 0.041146 0.193519
0 0.531771 0.975000 0.046875 0.250000
0 0.377865 0.242593 0.040104 0.103704
0 0.367969 0.325463 0.029687 0.112037
0 0.429167 0.218519 0.029167 0.159259
0 0.770573 0.004167 0.026562 0.121296
0 0.537760 0.107407 0.027604 0.148148
0 0.508333 0.095833 0.032292 0.158333
0 0.492188 0.036111 0.030208 0.140741
0 0.070052 0.410648 0.026562 0.173148
0 0.471615 0.596296 0.053646 0.214815
0 0.503906 0.599074 0.041146 0.196296
0 0.406510 0.162037 0.031771 0.111111
0 0.385937 0.162500 0.032292 0.154630
0 0.386719 0.056019 0.025521 0.136111
0 0.120313 0.335648 0.028125 0.163889
0 0.651563 0.082407 0.031250 0.109259
0 0.235937 0.668981 0.037500 0.219444
0 0.179948 0.647222 0.042188 0.225926
0 0.301302 0.138889 0.029687 0.151852
0 0.182552 0.127315 0.030729 0.150926
0 0.200521 0.181481 0.027083 0.162963
0 0.637240 0.542130 0.029687 0.187963
0 0.162500 0.195370 0.027083 0.157407
0 0.191927 0.162037 0.026562 0.159259
0 0.130990 0.203704 0.033854 0.142593
0 0.446094 0.041204 0.028646 0.149074
0 0.234896 0.162963 0.026042 0.161111
0 0.258594 0.338889 0.038021 0.187037
0 0.926302 0.477315 0.034896 0.191667
0 0.938802 0.187037 0.031771 0.151852
0 0.945833 0.139815 0.035417 0.153704
0 0.996354 0.142130 0.038542 0.162037
0 0.874219 0.125000 0.032813 0.153704
0 0.232552 0.035648 0.022396 0.128704
0 0.204427 0.041204 0.032813 0.128704
