0 0.820833 0.675463 0.037500 0.228704
0 0.251042 0.117130 0.036458 0.171296
0 0.445833 0.659722 0.047917 0.232407
0 0.909635 0.519444 0.052604 0.192593
0 0.556250 0.974074 0.046875 0.244444
0 0.377865 0.242593 0.040104 0.103704
0 0.367969 0.325463 0.029687 0.112037
0 0.430469 0.215741 0.023438 0.159259
0 0.537760 0.071296 0.026562 0.144444
0 0.502083 0.061574 0.030208 0.149074
0 0.076042 0.408796 0.028125 0.175000
0 0.498698 0.686574 0.059896 0.226852
0 0.534635 0.696296 0.045312 0.205556
0 0.405990 0.152778 0.026562 0.127778
0 0.384635 0.161111 0.025521 0.155556
0 0.397917 -0.006019 0.025000 0.134259
0 0.158073 0.275463 0.027604 0.160185
0 0.651563 0.082407 0.031250 0.109259
0 0.191927 0.772222 0.036979 0.227778
0 0.147656 0.754167 0.049479 0.243519
0 0.284635 0.153704 0.029687 0.155556
0 0.185417 0.127778 0.029167 0.150000
0 0.200521 0.182407 0.027083 0.162963
0 0.795052 0.612963 0.036979 0.190741
0 0.163542 0.194444 0.027083 0.157407
0 0.129427 0.200000 0.032813 0.146296
0 0.469010 0.046759 0.027604 0.150926
0 0.237500 0.210648 0.030208 0.163889
0 0.253646 0.266204 0.035417 0.176852
0 0.960417 0.441204 0.045833 0.195370
0 0.873958 0.412500 0.033333 0.184259
0 0.799219 0.034722 0.029687 0.136111
0 0.915365 0.234259 0.033854 0.151852
0 0.912240 0.131944 0.025521 0.154630
0 0.885677 0.127315 0.031771 0.160185
0 0.931510 0.203241 0.039063 0.160185
0 0.227083 0.070833 0.022917 0.145370
0 0.200781 0.068981 0.028646 0.125000
