0 0.819792 0.672685 0.038542 0.228704
0 0.251563 0.112963 0.036458 0.170370
0 0.445833 0.663426 0.050000 0.234259
0 0.907031 0.519444 0.057812 0.192593
0 0.554688 0.975926 0.046875 0.242593
0 0.377865 0.242593 0.040104 0.103704
0 0.367969 0.325463 0.029687 0.112037
0 0.430469 0.214352 0.024479 0.160185
0 0.536198 0.067593 0.026562 0.142593
0 0.501563 0.059722 0.030208 0.149074
0 0.078385 0.406019 0.028646 0.176852
0 0.503385 0.698148 0.060937 0.227778
0 0.536198 0.706019 0.041146 0.204630
0 0.405990 0.153704 0.025521 0.125926
0 0.385156 0.162037 0.027604 0.155556
0 0.398958 -0.015278 0.025000 0.134259
0 0.162240 0.271296 0.027604 0.159259
0 0.651563 0.082407 0.031250 0.109259
0 0.188281 0.784722 0.038021 0.228704
0 0.142187 0.764352 0.046875 0.245370
0 0.282552 0.156019 0.031771 0.154630
0 0.184896 0.127315 0.029167 0.150926
0 0.200521 0.182407 0.027083 0.162963
0 0.812760 0.621296 0.039063 0.190741
0 0.163542 0.194444 0.027083 0.157407
0 0.129427 0.200000 0.032813 0.146296
0 0.469271 0.045833 0.027083 0.150926
0 0.235417 0.217130 0.030208 0.165741
0 0.253906 0.256944 0.036979 0.176852
0 0.954427 0.435185 0.046354 0.196296
0 0.870833 0.406481 0.033333 0.183333
0 0.798698 0.038426 0.029687 0.136111
0 0.913802 0.237500 0.035937 0.152778
0 0.904687 0.129630 0.025000 0.155556
0 0.879167 0.122685 0.028125 0.160185
0 0.944010 0.214815 0.042188 0.162963
0 0.226302 0.074074 0.023438 0.146296
0 0.199219 0.074537 0.028646 0.125000
