0 0.824219 0.677778 0.038021 0.227778
0 0.250781 0.121759 0.035937 0.171296
0 0.441927 0.654167 0.043229 0.228704
0 0.911979 0.519444 0.047917 0.192593
0 0.555729 0.973611 0.046875 0.243519
0 0.377865 0.242593 0.040104 0.103704
0 0.367969 0.325463 0.029687 0.112037
0 0.430208 0.217593 0.022917 0.157407
0 0.538281 0.074074 0.026562 0.144444
0 0.502083 0.062500 0.030208 0.149074
0 0.073698 0.410648 0.027604 0.173148
0 0.494010 0.676852 0.057812 0.227778
0 0.532813 0.682870 0.047917 0.204630
0 0.405729 0.152315 0.027083 0.130556
0 0.384375 0.160185 0.023958 0.155556
0 0.395833 0.004167 0.025000 0.134259
0 0.153906 0.277778 0.026562 0.159259
0 0.651563 0.082407 0.031250 0.109259
0 0.194792 0.763889 0.037500 0.229630
0 0.152865 0.742593 0.051562 0.240741
0 0.286198 0.150463 0.027604 0.156481
0 0.184375 0.127778 0.029167 0.150000
0 0.200521 0.182407 0.027083 0.162963
0 0.775260 0.607870 0.044271 0.191667
0 0.163021 0.194444 0.027083 0.157407
0 0.129688 0.200463 0.032292 0.147222
0 0.467969 0.047685 0.027604 0.150926
0 0.238281 0.202778 0.029687 0.159259
0 0.250521 0.269444 0.034375 0.175926
0 0.971354 0.450463 0.038542 0.195370
0 0.878646 0.421759 0.031250 0.184259
0 0.799219 0.032870 0.029687 0.136111
0 0.919271 0.231019 0.029167 0.154630
0 0.893490 0.133796 0.036979 0.162037
0 0.919271 0.193056 0.037500 0.158333
0 0.228906 0.068981 0.021354 0.143519
0 0.201823 0.069444 0.031771 0.125926
