0 0.843229 0.683333 0.046875 0.224074
0 0.253385 0.140278 0.034896 0.175000
0 0.410156 0.633333 0.043229 0.222222
0 0.915365 0.519907 0.041146 0.193519
0 0.536979 0.975000 0.045833 0.237037
0 0.377865 0.242593 0.040104 0.103704
0 0.367969 0.325463 0.029687 0.112037
0 0.428646 0.218056 0.027083 0.158333
0 0.774219 -0.018056 0.026562 0.121296
0 0.538802 0.095370 0.027604 0.148148
0 0.505469 0.081481 0.031771 0.155556
0 0.270052 0.130093 0.021354 0.152778
0 0.484896 0.015278 0.027083 0.139815
0 0.070833 0.410648 0.027083 0.173148
0 0.478646 0.629630 0.055208 0.220370
0 0.513542 0.631019 0.041667 0.195370
0 0.404167 0.150926 0.022917 0.137037
0 0.386979 0.162500 0.031250 0.156481
0 0.388281 0.037500 0.025521 0.136111
0 0.128385 0.311111 0.026562 0.159259
0 0.651563 0.082407 0.031250 0.109259
0 0.217969 0.707870 0.036979 0.223148
0 0.171094 0.687037 0.047396 0.237037
0 0.295052 0.141204 0.028646 0.150926
0 0.200521 0.182407 0.027083 0.162963
0 0.686719 0.571759 0.038021 0.189815
0 0.163021 0.194444 0.027083 0.157407
0 0.191146 0.162963 0.026042 0.161111
0 0.134635 0.199537 0.039063 0.141667
0 0.451562 0.048148 0.023958 0.151852
0 0.237500 0.177315 0.028125 0.160185
0 0.253125 0.306481 0.040625 0.185185
0 0.988542 0.475926 0.043750 0.177778
0 0.907552 0.448611 0.034896 0.187963
0 0.804167 0.015278 0.027083 0.136111
0 0.930469 0.204167 0.026562 0.150926
0 0.949479 0.143519 0.042708 0.159259
0 0.887760 0.153704 0.032813 0.159259
0 0.231771 0.052315 0.021875 0.136111
0 0.203646 0.054630 0.034375 0.127778
