0 0.826823 0.679167 0.038021 0.226852
0 0.250521 0.125463 0.035417 0.173148
0 0.437240 0.647685 0.044271 0.226852
0 0.914063 0.519444 0.043750 0.192593
0 0.554427 0.973611 0.046354 0.243519
0 0.377865 0.242593 0.040104 0.103704
0 0.367969 0.325463 0.029687 0.112037
0 0.428906 0.217593 0.024479 0.157407
0 0.538281 0.079630 0.026562 0.144444
0 0.502083 0.065278 0.030208 0.149074
0 0.072917 0.409722 0.028125 0.171296
0 0.492969 0.668519 0.060937 0.224074
0 0.528646 0.672685 0.043750 0.202778
0 0.405729 0.151389 0.026042 0.132407
0 0.384375 0.160185 0.026042 0.155556
0 0.394792 0.010648 0.025000 0.134259
0 0.148177 0.285185 0.025521 0.162963
0 0.651563 0.082407 0.031250 0.109259
0 0.197917 0.750926 0.037500 0.229630
0 0.153906 0.726852 0.049479 0.233333
0 0.286198 0.149074 0.027604 0.159259
0 0.183333 0.127778 0.029167 0.150000
0 0.200521 0.182407 0.027083 0.162963
0 0.755990 0.603241 0.051562 0.189815
0 0.163021 0.194444 0.027083 0.157407
0 0.128906 0.200926 0.029687 0.146296
0 0.464583 0.049537 0.027083 0.150926
0 0.238281 0.196296 0.029687 0.159259
0 0.250260 0.277315 0.036979 0.180556
0 0.975781 0.452778 0.042188 0.192593
0 0.882292 0.425000 0.031250 0.185185
0 0.798958 0.027778 0.028125 0.137037
0 0.921875 0.223611 0.029167 0.154630
0 0.926823 0.137037 0.030729 0.155556
0 0.904687 0.135648 0.034375 0.158333
0 0.911719 0.186111 0.035937 0.159259
0 0.229427 0.065278 0.021354 0.139815
0 0.202604 0.067593 0.033333 0.125926
