0 0.851823 0.684722 0.052604 0.225000
0 0.258594 0.149537 0.034896 0.176852
0 0.388802 0.625463 0.047396 0.219444
0 0.915365 0.519907 0.041146 0.193519
0 0.530729 0.976852 0.046875 0.246296
0 0.377865 0.242593 0.040104 0.103704
0 0.367969 0.325463 0.029687 0.112037
0 0.428906 0.218519 0.028646 0.159259
0 0.772656 0.000463 0.026562 0.121296
0 0.537240 0.104630 0.027604 0.148148
0 0.508073 0.092593 0.030729 0.157407
0 0.490625 0.033333 0.030208 0.140741
0 0.070052 0.410648 0.026562 0.173148
0 0.472656 0.603241 0.054688 0.217593
0 0.505469 0.604630 0.042188 0.200000
0 0.405990 0.159722 0.030729 0.117593
0 0.386198 0.162500 0.032813 0.154630
0 0.386719 0.054167 0.025521 0.136111
0 0.120313 0.334259 0.028125 0.162963
0 0.651563 0.082407 0.031250 0.109259
0 0.232552 0.674537 0.039063 0.219444
0 0.176823 0.656481 0.041146 0.231481
0 0.301302 0.138889 0.029687 0.151852
0 0.200521 0.181481 0.027083 0.162963
0 0.645573 0.545833 0.028646 0.187963
0 0.162500 0.195370 0.027083 0.157407
0 0.191927 0.162037 0.026562 0.159259
0 0.131771 0.203704 0.035417 0.142593
0 0.446615 0.042593 0.027604 0.150000
0 0.234896 0.162963 0.026042 0.161111
0 0.259115 0.336111 0.038021 0.187037
0 0.998958 0.494444 0.038542 0.177778
0 0.922656 0.470833 0.033854 0.191667
0 0.937760 0.190741 0.030729 0.153704
0 0.946875 0.140741 0.035417 0.153704
0 0.988281 0.144444 0.041146 0.159259
0 0.877865 0.130556 0.034896 0.155556
0 0.233073 0.036574 0.020313 0.130556
0 0.203906 0.043056 0.033854 0.128704
