0 0.838542 0.683333 0.043750 0.224074
0 0.251823 0.137500 0.034896 0.175000
0 0.416667 0.637963 0.043750 0.227778
0 0.915365 0.519907 0.041146 0.193519
0 0.541667 0.974537 0.045833 0.239815
0 0.377865 0.242593 0.040104 0.103704
0 0.367969 0.325463 0.029687 0.112037
0 0.428385 0.218056 0.026562 0.158333
0 0.775260 -0.020833 0.026562 0.121296
0 0.538542 0.090278 0.027083 0.145370
0 0.504167 0.077778 0.032292 0.153704
0 0.273177 0.129167 0.021354 0.154630
0 0.483333 0.011574 0.027083 0.139815
0 0.071354 0.410648 0.027083 0.173148
0 0.482292 0.637500 0.057292 0.221296
0 0.517188 0.640741 0.042708 0.198148
0 0.404687 0.150000 0.020833 0.138889
0 0.386719 0.162500 0.030729 0.156481
0 0.389323 0.031019 0.025521 0.136111
0 0.132031 0.306019 0.025521 0.160185
0 0.651563 0.082407 0.031250 0.109259
0 0.214062 0.719907 0.036458 0.225000
0 0.168229 0.697685 0.046875 0.237963
0 0.292708 0.142130 0.028125 0.152778
0 0.200521 0.182407 0.027083 0.162963
0 0.702604 0.577315 0.033333 0.189815
0 0.163021 0.194444 0.027083 0.157407
0 0.190885 0.163889 0.025521 0.161111
0 0.133073 0.199537 0.035937 0.141667
0 0.454427 0.050926 0.024479 0.151852
0 0.238542 0.180093 0.028125 0.160185
0 0.253906 0.302778 0.040104 0.183333
0 0.985677 0.469444 0.045312 0.177778
0 0.900521 0.443056 0.035417 0.186111
0 0.802865 0.017130 0.026562 0.136111
0 0.929167 0.210648 0.029167 0.154630
0 0.938542 0.144444 0.044792 0.157407
0 0.893750 0.159722 0.034375 0.158333
0 0.231250 0.056019 0.021875 0.136111
0 0.204687 0.058796 0.030208 0.126852
