0 0.824219 0.664815 0.044271 0.224074
0 0.252344 0.100000 0.038021 0.168519
0 0.442708 0.680556 0.044792 0.240741
0 0.912500 0.518981 0.047917 0.191667
0 0.552604 0.984259 0.046875 0.231481
0 0.377865 0.242593 0.040104 0.103704
0 0.367969 0.325463 0.029687 0.112037
0 0.429427 0.212963 0.028646 0.161111
0 0.534375 0.056019 0.027083 0.137963
0 0.499219 0.048148 0.027604 0.148148
0 0.294271 0.125463 0.020833 0.145370
0 0.089844 0.396759 0.034896 0.176852
0 0.060156 0.381019 0.022396 0.197222
0 0.508854 0.731019 0.060417 0.230556
0 0.545312 0.740278 0.038542 0.213889
0 0.405990 0.155556 0.025521 0.122222
0 0.387240 0.162500 0.031771 0.154630
0 0.173698 0.249074 0.025521 0.155556
0 0.651563 0.082407 0.031250 0.109259
0 0.175781 0.825000 0.039063 0.238889
0 0.136719 0.800463 0.053646 0.247222
0 0.278385 0.164352 0.030729 0.158333
0 0.179688 0.127315 0.028125 0.152778
0 0.200521 0.182870 0.027083 0.162037
0 0.864844 0.648148 0.036979 0.194444
0 0.163542 0.194444 0.027083 0.157407
0 0.129167 0.200000 0.032292 0.146296
0 0.470052 0.043056 0.025521 0.150926
0 0.227604 0.235185 0.030208 0.168519
0 0.258333 0.234259 0.031250 0.175926
0 0.933854 0.417593 0.038542 0.198148
0 0.863021 0.387500 0.031250 0.182407
0 0.794010 0.048611 0.029687 0.136111
0 0.920833 0.253241 0.035417 0.156481
0 0.894531 0.113426 0.026562 0.150926
0 0.863802 0.106481 0.029687 0.161111
0 0.964583 0.247685 0.039583 0.171296
0 0.223177 0.085185 0.023438 0.146296
0 0.195573 0.091667 0.027604 0.133333
