0 0.831250 0.681944 0.038542 0.225000
0 0.250000 0.131481 0.034375 0.174074
0 0.425781 0.643519 0.040104 0.229630
0 0.915365 0.519907 0.041146 0.193519
0 0.550521 0.974537 0.046875 0.243519
0 0.377865 0.242593 0.040104 0.103704
0 0.367969 0.325463 0.029687 0.112037
0 0.428385 0.218056 0.025521 0.158333
0 0.538281 0.083796 0.026562 0.141667
0 0.502604 0.069907 0.030208 0.149074
0 0.277604 0.125926 0.021875 0.155556
0 0.072135 0.410185 0.027604 0.172222
0 0.489063 0.651389 0.061458 0.221296
0 0.523177 0.661111 0.042188 0.203704
0 0.406250 0.150926 0.022917 0.137037
0 0.385417 0.161111 0.029167 0.155556
0 0.392188 0.019907 0.025000 0.134259
0 0.140365 0.297222 0.025521 0.166667
0 0.651563 0.082407 0.031250 0.109259
0 0.205208 0.734259 0.036458 0.227778
0 0.159375 0.715278 0.046875 0.237963
0 0.288802 0.145833 0.027604 0.158333
0 0.182812 0.127778 0.030208 0.150000
0 0.200521 0.182407 0.027083 0.162963
0 0.731250 0.591204 0.041667 0.189815
0 0.163021 0.194444 0.027083 0.157407
0 0.192969 0.163889 0.025521 0.161111
0 0.128906 0.200926 0.028646 0.144444
0 0.459635 0.051852 0.025521 0.151852
0 0.238802 0.188889 0.029687 0.159259
0 0.252083 0.290741 0.039583 0.183333
0 0.981510 0.459259 0.045312 0.183333
0 0.889062 0.433333 0.034375 0.185185
0 0.800260 0.022222 0.026562 0.137037
0 0.927083 0.219444 0.034375 0.157407
0 0.934635 0.139352 0.030729 0.154630
0 0.918750 0.140278 0.033333 0.156481
0 0.904687 0.176852 0.034375 0.162963
0 0.230469 0.061574 0.021354 0.136111
0 0.203125 0.062963 0.032292 0.125926
