0 0.820313 0.672222 0.039583 0.227778
0 0.251563 0.111574 0.036458 0.169444
0 0.444531 0.664352 0.048438 0.234259
0 0.906250 0.519444 0.059375 0.192593
0 0.553646 0.977315 0.046875 0.241667
0 0.377865 0.242593 0.040104 0.103704
0 0.367969 0.325463 0.029687 0.112037
0 0.430469 0.213889 0.025521 0.161111
0 0.535937 0.066204 0.027083 0.141667
0 0.501042 0.058796 0.030208 0.149074
0 0.079427 0.405093 0.028646 0.176852
0 0.504427 0.702315 0.060937 0.228704
0 0.536719 0.707407 0.040104 0.203704
0 0.405990 0.154167 0.025521 0.125000
0 0.385417 0.162037 0.028125 0.155556
0 0.398438 -0.018056 0.025000 0.134259
0 0.163542 0.268981 0.027083 0.158333
0 0.651563 0.082407 0.031250 0.109259
0 0.186719 0.790741 0.038021 0.231481
0 0.141146 0.767593 0.046875 0.244444
0 0.282031 0.156944 0.031771 0.154630
0 0.184635 0.127315 0.028646 0.150926
0 0.200521 0.182407 0.027083 0.162963
0 0.163542 0.194444 0.027083 0.157407
0 0.129427 0.200000 0.032813 0.146296
0 0.469271 0.045370 0.027083 0.150000
0 0.234375 0.218056 0.030208 0.165741
0 0.253385 0.253704 0.038021 0.175926
0 0.953646 0.434259 0.044792 0.198148
0 0.870052 0.405093 0.032813 0.184259
0 0.798177 0.039352 0.029687 0.136111
0 0.914583 0.239352 0.035417 0.154630
0 0.902604 0.128241 0.025000 0.156481
0 0.877344 0.122222 0.028646 0.161111
0 0.947656 0.218056 0.043229 0.163889
0 0.226302 0.075000 0.023438 0.146296
0 0.199219 0.076389 0.028646 0.125000
