0 0.848958 0.683333 0.052083 0.224074
0 0.255469 0.144444 0.034896 0.175926
0 0.397656 0.628241 0.036979 0.215741
0 0.915365 0.519907 0.041146 0.193519
0 0.532813 0.977315 0.047917 0.237963
0 0.377865 0.242593 0.040104 0.103704
0 0.367969 0.325463 0.029687 0.112037
0 0.428906 0.218519 0.027604 0.159259
0 0.772656 -0.013426 0.026562 0.121296
0 0.538802 0.100000 0.027604 0.148148
0 0.507031 0.085648 0.029687 0.156481
0 0.486458 0.019907 0.027083 0.139815
0 0.070573 0.410648 0.026562 0.173148
0 0.475521 0.615741 0.054167 0.214815
0 0.509635 0.625000 0.040104 0.200000
0 0.404948 0.153704 0.026562 0.133333
0 0.387760 0.162500 0.030729 0.156481
0 0.386198 0.045833 0.025521 0.136111
0 0.125000 0.319907 0.028125 0.163889
0 0.651563 0.082407 0.031250 0.109259
0 0.223177 0.688426 0.036979 0.217593
0 0.172917 0.678241 0.047917 0.237963
0 0.298958 0.143519 0.029167 0.151852
0 0.200521 0.182407 0.027083 0.162963
0 0.668490 0.566667 0.049479 0.187037
0 0.163021 0.194444 0.027083 0.157407
0 0.191927 0.162963 0.027604 0.161111
0 0.134115 0.201852 0.039063 0.142593
0 0.448958 0.046296 0.023958 0.151852
0 0.235417 0.177315 0.028125 0.160185
0 0.254688 0.319444 0.043750 0.185185
0 0.994271 0.486574 0.039583 0.178704
0 0.914323 0.459259 0.033854 0.190741
0 0.806250 0.012037 0.029167 0.137037
0 0.933333 0.197685 0.028125 0.149074
0 0.964583 0.144907 0.038542 0.158333
0 0.885677 0.145833 0.035937 0.160185
0 0.232292 0.047685 0.021875 0.136111
0 0.203646 0.047222 0.035417 0.127778
