0 0.852604 0.685648 0.052083 0.225000
0 0.259375 0.151389 0.035417 0.176852
0 0.382292 0.625000 0.046875 0.220370
0 0.915365 0.519907 0.041146 0.193519
0 0.531510 0.975463 0.046354 0.249074
0 0.377865 0.242593 0.040104 0.103704
0 0.367969 0.325463 0.029687 0.112037
0 0.429167 0.218519 0.029167 0.159259
0 0.771094 0.003241 0.026562 0.121296
0 0.537240 0.106481 0.027604 0.148148
0 0.508073 0.094907 0.031771 0.158333
0 0.491667 0.035185 0.030208 0.140741
0 0.070052 0.410648 0.026562 0.173148
0 0.471875 0.597685 0.054167 0.215741
0 0.504167 0.600463 0.041667 0.197222
0 0.406250 0.161111 0.031250 0.112963
0 0.385937 0.162500 0.032292 0.154630
0 0.386719 0.056019 0.025521 0.136111
0 0.120313 0.335185 0.028125 0.162963
0 0.651563 0.082407 0.031250 0.109259
0 0.235156 0.670833 0.038021 0.219444
0 0.178906 0.649537 0.042188 0.226852
0 0.301302 0.138889 0.029687 0.151852
0 0.182552 0.127315 0.030729 0.150926
0 0.200521 0.181481 0.027083 0.162963
0 0.639323 0.543056 0.029687 0.187963
0 0.162500 0.195370 0.027083 0.157407
0 0.191927 0.162037 0.026562 0.159259
0 0.131250 0.203704 0.034375 0.142593
0 0.446094 0.041204 0.028646 0.149074
0 0.234896 0.162963 0.026042 0.161111
0 0.258854 0.338889 0.037500 0.187037
0 0.925521 0.475463 0.034375 0.191667
0 0.938542 0.187500 0.031250 0.152778
0 0.946354 0.139815 0.035417 0.153704
0 0.994531 0.142593 0.039063 0.161111
0 0.875000 0.126389 0.033333 0.152778
0 0.232552 0.035648 0.022396 0.128704
0 0.204427 0.043056 0.032813 0.128704
