0 0.853125 0.686111 0.052083 0.225926
0 0.259896 0.152315 0.035417 0.176852
0 0.377865 0.625463 0.046354 0.221296
0 0.915365 0.519907 0.041146 0.193519
0 0.532031 0.974074 0.046354 0.251852
0 0.377865 0.242593 0.040104 0.103704
0 0.367969 0.325463 0.029687 0.112037
0 0.428906 0.218519 0.029687 0.159259
0 0.770052 0.005093 0.026562 0.121296
0 0.537760 0.108333 0.027604 0.148148
0 0.508333 0.096296 0.032292 0.157407
0 0.492188 0.036111 0.030208 0.140741
0 0.070052 0.410648 0.026562 0.173148
0 0.471094 0.594444 0.053646 0.214815
0 0.503385 0.596759 0.041146 0.195370
0 0.406510 0.162500 0.031771 0.110185
0 0.385937 0.162037 0.032292 0.153704
0 0.386198 0.056944 0.025521 0.136111
0 0.119792 0.335648 0.028125 0.163889
0 0.651563 0.082407 0.031250 0.109259
0 0.236719 0.668056 0.036979 0.219444
0 0.180729 0.644907 0.042708 0.225000
0 0.300781 0.137963 0.029687 0.151852
0 0.182552 0.127315 0.030729 0.150926
0 0.200521 0.181481 0.027083 0.162963
0 0.635156 0.540741 0.029687 0.188889
0 0.162500 0.195370 0.027083 0.157407
0 0.191927 0.162037 0.026562 0.159259
0 0.130469 0.203241 0.033854 0.143519
0 0.445833 0.040741 0.029167 0.148148
0 0.234896 0.162963 0.026042 0.161111
0 0.258073 0.339815 0.038021 0.187037
0 0.927344 0.479167 0.034896 0.191667
0 0.938802 0.186111 0.031771 0.151852
0 0.945833 0.138889 0.035417 0.153704
0 0.998698 0.141667 0.038021 0.162963
0 0.873698 0.124074 0.032813 0.153704
0 0.232552 0.035648 0.023438 0.128704
0 0.204427 0.040278 0.032813 0.128704
