0 0.852344 0.685648 0.052604 0.225000
0 0.259115 0.150463 0.034896 0.176852
0 0.384375 0.625463 0.046875 0.219444
0 0.915365 0.519907 0.041146 0.193519
0 0.531250 0.975926 0.046875 0.248148
0 0.377865 0.242593 0.040104 0.103704
0 0.367969 0.325463 0.029687 0.112037
0 0.429167 0.218519 0.029167 0.159259
0 0.771615 0.002315 0.026562 0.121296
0 0.537240 0.106481 0.027604 0.148148
0 0.508333 0.094444 0.031250 0.157407
0 0.491146 0.034259 0.030208 0.140741
0 0.070052 0.410648 0.026562 0.173148
0 0.471875 0.600000 0.054167 0.216667
0 0.504687 0.601852 0.041667 0.198148
0 0.406250 0.161111 0.031250 0.114815
0 0.386198 0.162500 0.032813 0.154630
0 0.386719 0.055093 0.025521 0.136111
0 0.120313 0.334722 0.028125 0.163889
0 0.651563 0.082407 0.031250 0.109259
0 0.234115 0.671759 0.038021 0.219444
0 0.178385 0.651852 0.042188 0.229630
0 0.301302 0.138889 0.029687 0.151852
0 0.182552 0.127315 0.030729 0.150926
0 0.200521 0.181481 0.027083 0.162963
0 0.641406 0.543981 0.028646 0.187963
0 0.162500 0.195370 0.027083 0.157407
0 0.191927 0.162037 0.026562 0.159259
0 0.131250 0.203704 0.034375 0.142593
0 0.446354 0.041667 0.028125 0.150000
0 0.234896 0.162963 0.026042 0.161111
0 0.259375 0.337963 0.037500 0.187037
0 0.924479 0.473611 0.034375 0.191667
0 0.938021 0.188889 0.031250 0.153704
0 0.946354 0.139815 0.035417 0.153704
0 0.992448 0.143056 0.040104 0.160185
0 0.875781 0.127778 0.033854 0.153704
0 0.232552 0.036111 0.021354 0.129630
0 0.204167 0.043056 0.033333 0.128704
