0 0.821615 0.668519 0.042188 0.225926
0 0.251823 0.106944 0.036979 0.169444
0 0.441146 0.668519 0.045833 0.235185
0 0.905990 0.518981 0.060937 0.191667
0 0.551042 0.981019 0.046875 0.237963
0 0.377865 0.242593 0.040104 0.103704
0 0.367969 0.325463 0.029687 0.112037
0 0.430469 0.212963 0.026562 0.161111
0 0.534896 0.061574 0.027083 0.137963
0 0.500260 0.054167 0.029687 0.149074
0 0.290365 0.125000 0.020313 0.146296
0 0.083333 0.401389 0.030208 0.176852
0 0.061198 0.382870 0.025521 0.193519
0 0.506771 0.714815 0.060417 0.231481
0 0.538542 0.715278 0.037500 0.202778
0 0.405990 0.154630 0.025521 0.124074
0 0.386198 0.162037 0.029687 0.155556
0 0.397396 -0.024537 0.025000 0.134259
0 0.167448 0.261111 0.025521 0.155556
0 0.651563 0.082407 0.031250 0.109259
0 0.181510 0.807407 0.039063 0.237037
0 0.137760 0.779167 0.048438 0.245370
0 0.279687 0.159722 0.032292 0.154630
0 0.183073 0.127315 0.028646 0.152778
0 0.200521 0.182870 0.027083 0.162037
0 0.834115 0.634722 0.051562 0.191667
0 0.163542 0.194444 0.027083 0.157407
0 0.129427 0.200000 0.032813 0.146296
0 0.469531 0.044444 0.026562 0.150000
0 0.230729 0.224074 0.030208 0.166667
0 0.253906 0.244907 0.035937 0.175000
0 0.947917 0.428704 0.040625 0.200000
0 0.867188 0.399074 0.032292 0.183333
0 0.796354 0.043056 0.029167 0.136111
0 0.917187 0.244444 0.034375 0.157407
0 0.898438 0.122685 0.025000 0.154630
0 0.871354 0.118981 0.030208 0.162037
0 0.952083 0.232407 0.036458 0.166667
0 0.225781 0.078704 0.023438 0.146296
0 0.198177 0.081019 0.027604 0.126852
