0 0.849479 0.683333 0.052083 0.224074
0 0.255990 0.145370 0.034896 0.175926
0 0.396094 0.627315 0.039063 0.215741
0 0.915365 0.519907 0.041146 0.193519
0 0.532292 0.976852 0.047917 0.238889
0 0.377865 0.242593 0.040104 0.103704
0 0.367969 0.325463 0.029687 0.112037
0 0.428646 0.218519 0.028125 0.159259
0 0.772656 -0.010648 0.026562 0.121296
0 0.538281 0.100926 0.027604 0.148148
0 0.507031 0.086574 0.029687 0.156481
0 0.487240 0.022222 0.027604 0.140741
0 0.070313 0.410648 0.027083 0.173148
0 0.475000 0.613426 0.054167 0.215741
0 0.508854 0.621296 0.040625 0.200000
0 0.404948 0.154167 0.027604 0.130556
0 0.387500 0.162500 0.031250 0.156481
0 0.386198 0.046759 0.025521 0.136111
0 0.123958 0.322685 0.028125 0.163889
0 0.651563 0.082407 0.031250 0.109259
0 0.224479 0.685648 0.037500 0.217593
0 0.173437 0.674074 0.046875 0.237037
0 0.299479 0.142593 0.029167 0.151852
0 0.200521 0.181481 0.027083 0.162963
0 0.664323 0.562500 0.045312 0.187963
0 0.163021 0.194444 0.027083 0.157407
0 0.191667 0.162500 0.027083 0.160185
0 0.133594 0.201852 0.038021 0.142593
0 0.448177 0.045370 0.024479 0.151852
0 0.235156 0.174074 0.027604 0.161111
0 0.255208 0.323148 0.044792 0.185185
0 0.995312 0.488426 0.038542 0.178704
0 0.806771 0.011111 0.029167 0.137037
0 0.934115 0.196296 0.028646 0.150000
0 0.969271 0.145833 0.040625 0.158333
0 0.885156 0.143981 0.036979 0.160185
0 0.232552 0.046296 0.021354 0.135185
0 0.203646 0.045370 0.035417 0.127778
