0 0.830729 0.681944 0.038542 0.225000
0 0.250000 0.130556 0.034375 0.174074
0 0.427344 0.643981 0.041146 0.228704
0 0.915365 0.519907 0.041146 0.193519
0 0.551042 0.974537 0.046875 0.243519
0 0.377865 0.242593 0.040104 0.103704
0 0.367969 0.325463 0.029687 0.112037
0 0.428385 0.218056 0.025521 0.158333
0 0.538281 0.083333 0.026562 0.142593
0 0.502604 0.068981 0.030208 0.149074
0 0.278125 0.125463 0.021875 0.154630
0 0.072135 0.410185 0.027604 0.172222
0 0.489844 0.653704 0.061979 0.220370
0 0.523958 0.662500 0.041667 0.202778
0 0.406250 0.150926 0.022917 0.137037
0 0.385417 0.161111 0.029167 0.155556
0 0.392708 0.018981 0.025000 0.134259
0 0.141406 0.295833 0.025521 0.165741
0 0.651563 0.082407 0.031250 0.109259
0 0.204427 0.736111 0.036979 0.227778
0 0.158854 0.716204 0.046875 0.236111
0 0.288542 0.146296 0.027083 0.159259
0 0.182812 0.127778 0.030208 0.150000
0 0.200521 0.182407 0.027083 0.162963
0 0.733854 0.593056 0.043750 0.189815
0 0.163021 0.194444 0.027083 0.157407
0 0.192969 0.163889 0.025521 0.161111
0 0.128906 0.200926 0.028646 0.144444
0 0.460156 0.051852 0.025521 0.151852
0 0.238802 0.189815 0.029687 0.159259
0 0.251563 0.289352 0.039583 0.184259
0 0.980729 0.458333 0.044792 0.185185
0 0.888281 0.431944 0.033854 0.186111
0 0.800000 0.022685 0.027083 0.136111
0 0.926562 0.219444 0.033333 0.157407
0 0.933594 0.139352 0.030729 0.154630
0 0.917187 0.139352 0.033333 0.156481
0 0.905729 0.178241 0.034375 0.163889
0 0.230469 0.061574 0.021354 0.136111
0 0.202865 0.062963 0.032813 0.125926
