0 0.849740 0.683333 0.052604 0.224074
0 0.256510 0.145370 0.034896 0.175926
0 0.395573 0.626852 0.040104 0.216667
0 0.915365 0.519907 0.041146 0.193519
0 0.532031 0.977315 0.047396 0.239815
0 0.377865 0.242593 0.040104 0.103704
0 0.367969 0.325463 0.029687 0.112037
0 0.428646 0.218519 0.028125 0.159259
0 0.772656 -0.009722 0.026562 0.121296
0 0.538281 0.100926 0.027604 0.148148
0 0.507031 0.087500 0.029687 0.156481
0 0.487500 0.023611 0.028125 0.139815
0 0.070052 0.410648 0.026562 0.173148
0 0.474479 0.612500 0.054167 0.215741
0 0.508333 0.619444 0.040625 0.200000
0 0.404948 0.155093 0.027604 0.128704
0 0.387240 0.162500 0.031771 0.156481
0 0.386198 0.047685 0.025521 0.136111
0 0.123437 0.323611 0.028125 0.163889
0 0.651563 0.082407 0.031250 0.109259
0 0.225521 0.684259 0.037500 0.218519
0 0.173698 0.672222 0.046354 0.237037
0 0.299479 0.141667 0.029167 0.151852
0 0.200521 0.181481 0.027083 0.162963
0 0.662240 0.560648 0.043229 0.187963
0 0.163021 0.194444 0.027083 0.157407
0 0.191667 0.162500 0.027083 0.160185
0 0.133333 0.201852 0.037500 0.142593
0 0.448177 0.044907 0.024479 0.150926
0 0.235156 0.172685 0.027604 0.160185
0 0.255469 0.324074 0.044271 0.185185
0 0.995833 0.489352 0.038542 0.178704
0 0.807292 0.011111 0.029167 0.137037
0 0.934375 0.195833 0.029167 0.150926
0 0.971354 0.146296 0.041667 0.157407
0 0.884896 0.143056 0.037500 0.160185
0 0.232552 0.045370 0.021354 0.135185
0 0.203646 0.044444 0.035417 0.127778
