0 0.822656 0.666204 0.044271 0.225000
0 0.252083 0.103704 0.037500 0.168519
0 0.440625 0.675926 0.046875 0.238889
0 0.908594 0.518981 0.055729 0.191667
0 0.551302 0.983333 0.046354 0.233333
0 0.377865 0.242593 0.040104 0.103704
0 0.367969 0.325463 0.029687 0.112037
0 0.430729 0.212963 0.027083 0.161111
0 0.534896 0.059722 0.027083 0.137963
0 0.499479 0.051389 0.028125 0.149074
0 0.291667 0.124537 0.020833 0.145370
0 0.087240 0.399074 0.034896 0.175926
0 0.060417 0.382870 0.023958 0.195370
0 0.507031 0.720370 0.058854 0.229630
0 0.541406 0.727778 0.038021 0.209259
0 0.405990 0.155093 0.025521 0.123148
0 0.386719 0.162500 0.030729 0.154630
0 0.396354 -0.024537 0.025000 0.134259
0 0.170052 0.253704 0.025521 0.155556
0 0.651563 0.082407 0.031250 0.109259
0 0.178385 0.816204 0.039063 0.237963
0 0.137760 0.789352 0.053646 0.247222
0 0.278385 0.162500 0.031771 0.156481
0 0.181771 0.127315 0.028125 0.152778
0 0.200521 0.182870 0.027083 0.162037
0 0.848437 0.640741 0.043750 0.194444
0 0.163542 0.194444 0.027083 0.157407
0 0.129167 0.200000 0.032292 0.146296
0 0.469792 0.043519 0.026042 0.150000
0 0.229427 0.229630 0.029687 0.168519
0 0.255208 0.240278 0.032292 0.175000
0 0.940885 0.423148 0.039063 0.198148
0 0.865104 0.393056 0.032292 0.182407
0 0.794792 0.043981 0.029167 0.136111
0 0.919271 0.248148 0.035417 0.155556
0 0.897135 0.116204 0.026562 0.150926
0 0.867969 0.111574 0.029687 0.162037
0 0.955208 0.241667 0.033333 0.168519
0 0.224740 0.081481 0.023438 0.146296
0 0.197135 0.084259 0.026562 0.129630
