0 0.821094 0.669907 0.041146 0.226852
0 0.251823 0.108796 0.036979 0.169444
0 0.441667 0.665278 0.045833 0.234259
0 0.904948 0.519444 0.061979 0.192593
0 0.551562 0.979630 0.046875 0.238889
0 0.377865 0.242593 0.040104 0.103704
0 0.367969 0.325463 0.029687 0.112037
0 0.430469 0.213426 0.025521 0.162037
0 0.534896 0.062963 0.027083 0.138889
0 0.500521 0.056019 0.030208 0.149074
0 0.081510 0.402315 0.028646 0.176852
0 0.061719 0.383333 0.026562 0.192593
0 0.506510 0.710648 0.060937 0.230556
0 0.537500 0.709722 0.037500 0.200926
0 0.405990 0.154167 0.025521 0.125000
0 0.385677 0.162037 0.028646 0.155556
0 0.397917 -0.022685 0.025000 0.134259
0 0.166146 0.264352 0.026042 0.156481
0 0.651563 0.082407 0.031250 0.109259
0 0.183594 0.801389 0.039063 0.236111
0 0.138281 0.773611 0.046354 0.245370
0 0.280469 0.158333 0.032813 0.153704
0 0.183594 0.127315 0.028646 0.150926
0 0.200521 0.182407 0.027083 0.162963
0 0.825781 0.630556 0.052604 0.190741
0 0.163542 0.194444 0.027083 0.157407
0 0.129427 0.200000 0.032813 0.146296
0 0.469531 0.044907 0.026562 0.150926
0 0.231771 0.220833 0.030208 0.165741
0 0.253125 0.247685 0.037500 0.175000
0 0.952083 0.432407 0.041667 0.200000
0 0.868750 0.402778 0.032292 0.183333
0 0.797656 0.043056 0.029687 0.136111
0 0.915885 0.241667 0.033854 0.157407
0 0.899219 0.126389 0.024479 0.156481
0 0.873698 0.121759 0.029687 0.162037
0 0.950781 0.225926 0.040104 0.164815
0 0.226302 0.077778 0.023438 0.146296
0 0.198437 0.078704 0.028125 0.125926
