0 0.824740 0.677778 0.038021 0.227778
0 0.250521 0.122222 0.035417 0.172222
0 0.441146 0.653241 0.043750 0.228704
0 0.912500 0.519444 0.046875 0.192593
0 0.555729 0.973611 0.046875 0.243519
0 0.377865 0.242593 0.040104 0.103704
0 0.367969 0.325463 0.029687 0.112037
0 0.429948 0.217593 0.023438 0.157407
0 0.538281 0.075000 0.026562 0.144444
0 0.502083 0.063426 0.030208 0.149074
0 0.073698 0.410648 0.027604 0.173148
0 0.493750 0.675463 0.058333 0.226852
0 0.532031 0.681019 0.047396 0.204630
0 0.405729 0.152315 0.027083 0.130556
0 0.384375 0.160185 0.023958 0.155556
0 0.395833 0.005093 0.025000 0.134259
0 0.152865 0.279167 0.026562 0.160185
0 0.651563 0.082407 0.031250 0.109259
0 0.195313 0.762037 0.037500 0.229630
0 0.153125 0.740278 0.051042 0.239815
0 0.286198 0.150463 0.027604 0.156481
0 0.184375 0.127778 0.029167 0.150000
0 0.200521 0.182407 0.027083 0.162963
0 0.772135 0.606944 0.045312 0.191667
0 0.163021 0.194444 0.027083 0.157407
0 0.129427 0.200463 0.031771 0.147222
0 0.467448 0.047685 0.027604 0.150926
0 0.238281 0.201852 0.029687 0.159259
0 0.250260 0.270370 0.033854 0.175926
0 0.971875 0.450463 0.039583 0.195370
0 0.879167 0.421759 0.031250 0.184259
0 0.798958 0.031944 0.029167 0.136111
0 0.919792 0.230093 0.029167 0.154630
0 0.895312 0.134259 0.036458 0.161111
0 0.917708 0.191667 0.037500 0.157407
0 0.228906 0.068056 0.021354 0.143519
0 0.202083 0.069444 0.032292 0.125926
