0 0.825521 0.664815 0.042708 0.224074
0 0.252865 0.097685 0.038021 0.167593
0 0.445052 0.681481 0.041146 0.238889
0 0.916146 0.520370 0.040625 0.190741
0 0.553906 0.984259 0.046354 0.231481
0 0.377865 0.242593 0.040104 0.103704
0 0.367969 0.325463 0.029687 0.112037
0 0.427865 0.213426 0.029687 0.160185
0 0.534375 0.052315 0.027083 0.137963
0 0.499479 0.047222 0.028125 0.148148
0 0.297396 0.127315 0.020833 0.143519
0 0.090104 0.394907 0.033333 0.178704
0 0.060417 0.378704 0.021875 0.200000
0 0.511719 0.741204 0.063021 0.232407
0 0.548698 0.747685 0.039063 0.215741
0 0.405990 0.156481 0.025521 0.122222
0 0.387760 0.162500 0.032813 0.154630
0 0.176302 0.247222 0.025521 0.155556
0 0.651563 0.082407 0.031250 0.109259
0 0.174479 0.831019 0.038542 0.239815
0 0.135156 0.806019 0.050521 0.247222
0 0.278906 0.165278 0.030729 0.158333
0 0.178125 0.127315 0.027083 0.152778
0 0.200521 0.182870 0.027083 0.162037
0 0.875521 0.653241 0.034375 0.195370
0 0.163542 0.194444 0.027083 0.157407
0 0.129167 0.200000 0.032292 0.146296
0 0.470312 0.042593 0.025000 0.150000
0 0.226302 0.238426 0.030729 0.167593
0 0.260417 0.230556 0.031250 0.175926
0 0.929688 0.414352 0.038542 0.199074
0 0.861719 0.383796 0.030729 0.182407
0 0.794010 0.052315 0.029687 0.136111
0 0.920833 0.256944 0.035417 0.160185
0 0.892448 0.111574 0.026562 0.150926
0 0.860417 0.105556 0.029167 0.162963
0 0.969792 0.252315 0.042708 0.173148
0 0.221875 0.088889 0.022917 0.146296
0 0.194531 0.095833 0.028646 0.136111
