0 0.840885 0.683333 0.045312 0.224074
0 0.252604 0.139352 0.034375 0.175000
0 0.415625 0.636574 0.045833 0.225000
0 0.915365 0.519907 0.041146 0.193519
0 0.539063 0.975000 0.044792 0.237037
0 0.377865 0.242593 0.040104 0.103704
0 0.367969 0.325463 0.029687 0.112037
0 0.428646 0.218056 0.027083 0.158333
0 0.774740 -0.019907 0.026562 0.121296
0 0.538802 0.093519 0.027604 0.148148
0 0.504948 0.080556 0.032813 0.155556
0 0.272135 0.130556 0.021354 0.153704
0 0.484375 0.014352 0.027083 0.139815
0 0.071094 0.410648 0.026562 0.173148
0 0.480469 0.636111 0.055729 0.222222
0 0.515625 0.634259 0.042708 0.194444
0 0.404167 0.150000 0.020833 0.138889
0 0.386979 0.162500 0.031250 0.156481
0 0.389323 0.034722 0.025521 0.136111
0 0.130208 0.308333 0.026042 0.157407
0 0.651563 0.082407 0.031250 0.109259
0 0.216146 0.717130 0.036458 0.225000
0 0.170573 0.691204 0.047396 0.236111
0 0.293750 0.141204 0.028125 0.150926
0 0.200521 0.182407 0.027083 0.162963
0 0.694792 0.574537 0.033333 0.189815
0 0.163021 0.194444 0.027083 0.157407
0 0.190885 0.163889 0.025521 0.161111
0 0.135156 0.199537 0.039063 0.141667
0 0.453125 0.050000 0.023958 0.151852
0 0.238542 0.177315 0.028125 0.160185
0 0.253125 0.304167 0.040625 0.184259
0 0.986458 0.472222 0.044792 0.177778
0 0.904427 0.445370 0.034896 0.187037
0 0.803385 0.016204 0.026562 0.136111
0 0.929427 0.207407 0.025521 0.151852
0 0.943490 0.143981 0.050521 0.156481
0 0.890625 0.156481 0.033333 0.159259
0 0.231250 0.054167 0.021875 0.136111
0 0.204167 0.056944 0.032292 0.126852
