0 0.825000 0.664815 0.043750 0.224074
0 0.252604 0.098611 0.037500 0.167593
0 0.444010 0.681019 0.043229 0.239815
0 0.914323 0.519907 0.044271 0.191667
0 0.553385 0.984259 0.046354 0.231481
0 0.377865 0.242593 0.040104 0.103704
0 0.367969 0.325463 0.029687 0.112037
0 0.428646 0.213426 0.029167 0.160185
0 0.534375 0.054167 0.027083 0.137963
0 0.499479 0.048148 0.028125 0.148148
0 0.295833 0.126852 0.020833 0.144444
0 0.090104 0.396296 0.034375 0.177778
0 0.060417 0.380093 0.021875 0.199074
0 0.510417 0.736111 0.061458 0.231481
0 0.547135 0.744444 0.039063 0.214815
0 0.405990 0.156481 0.025521 0.122222
0 0.387500 0.162500 0.032292 0.154630
0 0.175260 0.248148 0.025521 0.155556
0 0.651563 0.082407 0.031250 0.109259
0 0.175260 0.828241 0.039063 0.239815
0 0.135937 0.803241 0.052083 0.247222
0 0.278906 0.165278 0.030729 0.158333
0 0.178906 0.127315 0.027604 0.152778
0 0.200521 0.182870 0.027083 0.162037
0 0.870312 0.650926 0.035417 0.194444
0 0.163542 0.194444 0.027083 0.157407
0 0.129167 0.200000 0.032292 0.146296
0 0.470312 0.042593 0.025000 0.150000
0 0.227083 0.237037 0.030208 0.168519
0 0.259375 0.232407 0.031250 0.175926
0 0.931771 0.416204 0.038542 0.199074
0 0.862500 0.385648 0.031250 0.182407
0 0.794010 0.050463 0.029687 0.136111
0 0.920833 0.255093 0.035417 0.158333
0 0.893490 0.112500 0.026562 0.150926
0 0.862240 0.106019 0.029687 0.162037
0 0.967708 0.250000 0.041667 0.172222
0 0.222396 0.087037 0.022917 0.146296
0 0.194792 0.094444 0.028125 0.135185
