0 0.850260 0.683333 0.052604 0.224074
0 0.257031 0.146759 0.034896 0.176852
0 0.394531 0.626852 0.042188 0.216667
0 0.915365 0.519907 0.041146 0.193519
0 0.531510 0.977315 0.047396 0.241667
0 0.377865 0.242593 0.040104 0.103704
0 0.367969 0.325463 0.029687 0.112037
0 0.428906 0.218519 0.028646 0.159259
0 0.773177 -0.006944 0.026562 0.121296
0 0.537760 0.101852 0.027604 0.148148
0 0.507552 0.088889 0.029687 0.157407
0 0.488281 0.026389 0.028646 0.139815
0 0.070052 0.410648 0.026562 0.173148
0 0.474219 0.610185 0.054688 0.216667
0 0.507552 0.615741 0.041146 0.200000
0 0.405208 0.156481 0.028125 0.125926
0 0.387240 0.162963 0.031771 0.155556
0 0.386719 0.049537 0.025521 0.136111
0 0.122917 0.326852 0.028125 0.162963
0 0.651563 0.082407 0.031250 0.109259
0 0.227344 0.682407 0.038021 0.218519
0 0.174479 0.668519 0.044792 0.235185
0 0.300260 0.141667 0.029687 0.151852
0 0.200521 0.181481 0.027083 0.162963
0 0.658073 0.556944 0.039063 0.187963
0 0.163021 0.194444 0.027083 0.157407
0 0.191667 0.162500 0.027083 0.160185
0 0.133073 0.202778 0.036979 0.142593
0 0.447656 0.043981 0.025521 0.150926
0 0.234896 0.169907 0.027083 0.160185
0 0.256250 0.327315 0.042708 0.186111
0 0.996354 0.490278 0.038542 0.178704
0 0.807812 0.010185 0.029167 0.137037
0 0.935417 0.194444 0.029167 0.151852
0 0.947917 0.140741 0.035417 0.153704
0 0.975781 0.147222 0.043229 0.155556
0 0.883594 0.139815 0.038021 0.159259
0 0.232552 0.043056 0.021354 0.134259
0 0.203385 0.043056 0.034896 0.128704
