0 0.829688 0.681019 0.038542 0.225000
0 0.250260 0.129167 0.034896 0.173148
0 0.430469 0.644444 0.042188 0.227778
0 0.915365 0.519907 0.041146 0.193519
0 0.552083 0.974537 0.046875 0.243519
0 0.377865 0.242593 0.040104 0.103704
0 0.367969 0.325463 0.029687 0.112037
0 0.428385 0.218056 0.025521 0.158333
0 0.538281 0.082870 0.026562 0.143519
0 0.502604 0.068056 0.030208 0.149074
0 0.278906 0.124537 0.021354 0.154630
0 0.072396 0.409722 0.028125 0.171296
0 0.490885 0.657870 0.061979 0.221296
0 0.525000 0.664352 0.041667 0.202778
0 0.405990 0.150926 0.024479 0.135185
0 0.384896 0.160185 0.028125 0.155556
0 0.393229 0.017130 0.025000 0.134259
0 0.142969 0.293056 0.025521 0.165741
0 0.651563 0.082407 0.031250 0.109259
0 0.202344 0.739352 0.036979 0.228704
0 0.157031 0.717130 0.047396 0.234259
0 0.287500 0.147222 0.027083 0.159259
0 0.183073 0.127778 0.029687 0.150000
0 0.200521 0.182407 0.027083 0.162963
0 0.738802 0.596296 0.048438 0.188889
0 0.163021 0.194444 0.027083 0.157407
0 0.193490 0.163889 0.025521 0.161111
0 0.128906 0.200926 0.028646 0.144444
0 0.461198 0.050926 0.025521 0.151852
0 0.238281 0.190741 0.029687 0.159259
0 0.250521 0.285648 0.039583 0.184259
0 0.979687 0.456019 0.044792 0.187963
0 0.886719 0.429630 0.032813 0.185185
0 0.799479 0.023611 0.027083 0.136111
0 0.925260 0.219907 0.031771 0.156481
0 0.932031 0.138889 0.031771 0.155556
0 0.907292 0.181019 0.034375 0.163889
0 0.230469 0.062500 0.021354 0.136111
0 0.202604 0.063889 0.033333 0.125926
