0 0.837760 0.683333 0.042188 0.224074
0 0.251563 0.137037 0.034375 0.174074
0 0.417187 0.638889 0.042708 0.227778
0 0.915365 0.519907 0.041146 0.193519
0 0.542708 0.974537 0.045833 0.239815
0 0.377865 0.242593 0.040104 0.103704
0 0.367969 0.325463 0.029687 0.112037
0 0.428385 0.218056 0.026562 0.158333
0 0.775260 -0.021759 0.026562 0.121296
0 0.538542 0.089815 0.027083 0.144444
0 0.503906 0.076389 0.031771 0.152778
0 0.273438 0.129167 0.021875 0.154630
0 0.482812 0.010648 0.027083 0.139815
0 0.071354 0.410648 0.027083 0.173148
0 0.483073 0.638426 0.057812 0.221296
0 0.517708 0.643056 0.042708 0.199074
0 0.405208 0.150000 0.020833 0.138889
0 0.386458 0.162500 0.031250 0.156481
0 0.389583 0.029630 0.025000 0.135185
0 0.132813 0.305556 0.026042 0.161111
0 0.651563 0.082407 0.031250 0.109259
0 0.213021 0.720833 0.036458 0.225000
0 0.167187 0.699537 0.046875 0.237963
0 0.292448 0.142130 0.027604 0.152778
0 0.200521 0.182407 0.027083 0.162963
0 0.705208 0.578241 0.033333 0.189815
0 0.163021 0.194444 0.027083 0.157407
0 0.191406 0.163889 0.025521 0.161111
0 0.132552 0.200000 0.034896 0.142593
0 0.454687 0.050926 0.023958 0.151852
0 0.238802 0.181019 0.028646 0.160185
0 0.253906 0.302315 0.040104 0.184259
0 0.985417 0.468519 0.045833 0.177778
0 0.899479 0.442593 0.035417 0.187037
0 0.802344 0.018056 0.026562 0.136111
0 0.929167 0.211574 0.030208 0.154630
0 0.936979 0.144907 0.042708 0.158333
0 0.894792 0.160648 0.034375 0.158333
0 0.231250 0.056944 0.021875 0.136111
0 0.204687 0.059722 0.029167 0.126852
