0 0.819271 0.675000 0.037500 0.229630
0 0.251302 0.115278 0.035937 0.171296
0 0.447396 0.661574 0.051042 0.234259
0 0.908594 0.519444 0.054688 0.192593
0 0.556250 0.974074 0.046875 0.244444
0 0.377865 0.242593 0.040104 0.103704
0 0.367969 0.325463 0.029687 0.112037
0 0.430469 0.215278 0.024479 0.160185
0 0.537240 0.070370 0.026562 0.144444
0 0.502083 0.061574 0.030208 0.149074
0 0.076823 0.407870 0.028646 0.176852
0 0.501042 0.690741 0.061458 0.225926
0 0.535417 0.702315 0.043750 0.206481
0 0.405990 0.153241 0.026562 0.126852
0 0.384896 0.161111 0.026042 0.155556
0 0.398958 -0.010648 0.025000 0.134259
0 0.159635 0.275000 0.027604 0.161111
0 0.651563 0.082407 0.031250 0.109259
0 0.190885 0.775463 0.036979 0.226852
0 0.145313 0.758333 0.047917 0.244444
0 0.283854 0.154630 0.031250 0.155556
0 0.185417 0.127778 0.029167 0.150000
0 0.200521 0.182407 0.027083 0.162963
0 0.803385 0.615741 0.033854 0.190741
0 0.163542 0.194444 0.027083 0.157407
0 0.129427 0.200000 0.032813 0.146296
0 0.469010 0.045833 0.027604 0.150926
0 0.237500 0.213889 0.030208 0.164815
0 0.254427 0.263426 0.035937 0.176852
0 0.956250 0.437963 0.048958 0.194444
0 0.872396 0.409722 0.034375 0.184259
0 0.799740 0.035648 0.029687 0.136111
0 0.913281 0.234722 0.035937 0.150926
0 0.908854 0.130556 0.025000 0.153704
0 0.882552 0.124074 0.028646 0.159259
0 0.936719 0.207870 0.040104 0.162037
0 0.226823 0.072222 0.023438 0.146296
0 0.200260 0.070833 0.028646 0.125000
