0 0.844792 0.683333 0.048958 0.224074
0 0.253906 0.141667 0.034896 0.175926
0 0.406510 0.632407 0.041146 0.220370
0 0.915365 0.519907 0.041146 0.193519
0 0.535677 0.975926 0.046354 0.237037
0 0.377865 0.242593 0.040104 0.103704
0 0.367969 0.325463 0.029687 0.112037
0 0.428646 0.218056 0.027083 0.158333
0 0.773698 -0.017130 0.026562 0.121296
0 0.538802 0.096296 0.027604 0.148148
0 0.505729 0.082870 0.031250 0.156481
0 0.269010 0.130556 0.021354 0.151852
0 0.485417 0.017130 0.027083 0.139815
0 0.070833 0.410648 0.027083 0.173148
0 0.477865 0.625926 0.054688 0.218519
0 0.512500 0.629167 0.041667 0.197222
0 0.404427 0.151389 0.023438 0.136111
0 0.387240 0.162500 0.030729 0.156481
0 0.387760 0.040278 0.025521 0.136111
0 0.127604 0.313889 0.027083 0.161111
0 0.651563 0.082407 0.031250 0.109259
0 0.219531 0.702315 0.036979 0.221296
0 0.171615 0.684259 0.047396 0.237037
0 0.296094 0.142130 0.028646 0.150926
0 0.200521 0.182407 0.027083 0.162963
0 0.681510 0.570370 0.041146 0.188889
0 0.163021 0.194444 0.027083 0.157407
0 0.191406 0.162963 0.026562 0.161111
0 0.134635 0.200463 0.039063 0.141667
0 0.451042 0.048148 0.023958 0.151852
0 0.236979 0.177315 0.028125 0.160185
0 0.253646 0.310185 0.041667 0.185185
0 0.990104 0.478704 0.042708 0.177778
0 0.909375 0.451852 0.034375 0.188889
0 0.804948 0.014352 0.027604 0.136111
0 0.931250 0.202315 0.027083 0.150926
0 0.953646 0.143056 0.037500 0.160185
0 0.886719 0.150926 0.032813 0.159259
0 0.231771 0.051389 0.021875 0.136111
0 0.203646 0.052778 0.035417 0.127778
