0 0.820313 0.675463 0.037500 0.228704
0 0.251302 0.116667 0.035937 0.170370
0 0.446354 0.660185 0.048958 0.233333
0 0.909115 0.519444 0.053646 0.192593
0 0.556250 0.974074 0.046875 0.244444
0 0.377865 0.242593 0.040104 0.103704
0 0.367969 0.325463 0.029687 0.112037
0 0.430469 0.215741 0.024479 0.159259
0 0.537240 0.070370 0.026562 0.144444
0 0.502083 0.061574 0.030208 0.149074
0 0.076042 0.408333 0.028125 0.175926
0 0.499479 0.687963 0.060417 0.225926
0 0.534896 0.698611 0.044792 0.206481
0 0.405990 0.153241 0.026562 0.126852
0 0.384635 0.161111 0.025521 0.155556
0 0.398438 -0.007870 0.025000 0.134259
0 0.158594 0.275000 0.027604 0.161111
0 0.651563 0.082407 0.031250 0.109259
0 0.191667 0.773611 0.037500 0.226852
0 0.146875 0.755093 0.048958 0.243519
0 0.284375 0.153704 0.030208 0.155556
0 0.185417 0.127778 0.029167 0.150000
0 0.200521 0.182407 0.027083 0.162963
0 0.797917 0.613889 0.035417 0.190741
0 0.163542 0.194444 0.027083 0.157407
0 0.129427 0.200000 0.032813 0.146296
0 0.469010 0.046296 0.027604 0.150000
0 0.237500 0.211574 0.030208 0.163889
0 0.254167 0.265278 0.035417 0.176852
0 0.958854 0.439815 0.046875 0.194444
0 0.873437 0.411574 0.033333 0.184259
0 0.799219 0.034722 0.029687 0.136111
0 0.914583 0.234259 0.034375 0.151852
0 0.910937 0.131481 0.025000 0.153704
0 0.884635 0.125926 0.030729 0.159259
0 0.933073 0.204630 0.039063 0.161111
0 0.227083 0.071296 0.022917 0.146296
0 0.200260 0.068981 0.028646 0.125000
