0 0.841667 0.683333 0.045833 0.224074
0 0.252865 0.139352 0.034896 0.175000
0 0.413542 0.635185 0.044792 0.224074
0 0.915365 0.519907 0.041146 0.193519
0 0.538281 0.975000 0.045312 0.237037
0 0.377865 0.242593 0.040104 0.103704
0 0.367969 0.325463 0.029687 0.112037
0 0.428646 0.218056 0.027083 0.158333
0 0.774740 -0.018981 0.026562 0.121296
0 0.538802 0.093519 0.027604 0.148148
0 0.504948 0.080556 0.032813 0.155556
0 0.271094 0.130093 0.021354 0.152778
0 0.484375 0.014352 0.027083 0.139815
0 0.070833 0.410648 0.027083 0.173148
0 0.479687 0.633796 0.055208 0.221296
0 0.514844 0.632870 0.042188 0.195370
0 0.403906 0.150000 0.021354 0.138889
0 0.386979 0.162500 0.031250 0.156481
0 0.388802 0.035648 0.025521 0.136111
0 0.129427 0.308796 0.026562 0.158333
0 0.651563 0.082407 0.031250 0.109259
0 0.216667 0.713889 0.036458 0.224074
0 0.170573 0.689352 0.047396 0.236111
0 0.294010 0.141204 0.028646 0.150926
0 0.200521 0.182407 0.027083 0.162963
0 0.691927 0.573611 0.034896 0.189815
0 0.163021 0.194444 0.027083 0.157407
0 0.190885 0.162963 0.025521 0.161111
0 0.134635 0.199537 0.039063 0.141667
0 0.452604 0.049074 0.023958 0.151852
0 0.238021 0.177315 0.028125 0.160185
0 0.253125 0.304167 0.040625 0.184259
0 0.986979 0.473148 0.044792 0.177778
0 0.905990 0.446296 0.034896 0.187037
0 0.803906 0.016204 0.026562 0.136111
0 0.929688 0.206019 0.026042 0.150926
0 0.945313 0.143519 0.047917 0.157407
0 0.889844 0.155556 0.032813 0.159259
0 0.231771 0.054167 0.021875 0.136111
0 0.203906 0.056481 0.032813 0.127778
