0 0.820313 0.671296 0.039583 0.227778
0 0.251563 0.111111 0.036458 0.170370
0 0.443750 0.664352 0.047917 0.234259
0 0.905990 0.519444 0.059896 0.192593
0 0.553125 0.977778 0.046875 0.240741
0 0.377865 0.242593 0.040104 0.103704
0 0.367969 0.325463 0.029687 0.112037
0 0.430469 0.213889 0.025521 0.161111
0 0.535677 0.065278 0.026562 0.139815
0 0.501042 0.057870 0.030208 0.149074
0 0.079948 0.404167 0.028646 0.176852
0 0.504948 0.704630 0.060937 0.229630
0 0.536719 0.707870 0.039063 0.202778
0 0.405990 0.154167 0.025521 0.125000
0 0.385417 0.162037 0.028125 0.155556
0 0.398438 -0.018981 0.025000 0.134259
0 0.164323 0.268056 0.026562 0.158333
0 0.651563 0.082407 0.031250 0.109259
0 0.185938 0.793056 0.038542 0.232407
0 0.140104 0.768981 0.046875 0.245370
0 0.281771 0.157407 0.032292 0.153704
0 0.184375 0.127315 0.029167 0.150926
0 0.200521 0.182407 0.027083 0.162963
0 0.163542 0.194444 0.027083 0.157407
0 0.129427 0.200000 0.032813 0.146296
0 0.469271 0.045370 0.027083 0.150000
0 0.233333 0.218981 0.030208 0.165741
0 0.253385 0.251852 0.038021 0.175926
0 0.953125 0.433333 0.043750 0.198148
0 0.869531 0.404630 0.032813 0.183333
0 0.798177 0.040278 0.029687 0.136111
0 0.914844 0.239815 0.034896 0.155556
0 0.901562 0.128241 0.025000 0.156481
0 0.876563 0.122222 0.029167 0.161111
0 0.949740 0.219907 0.043229 0.163889
0 0.226302 0.075926 0.023438 0.146296
0 0.199219 0.077315 0.028646 0.125000
