0 0.820573 0.671296 0.040104 0.227778
0 0.251823 0.110185 0.036979 0.170370
0 0.443229 0.664352 0.046875 0.234259
0 0.905729 0.519444 0.060417 0.192593
0 0.552604 0.978704 0.046875 0.240741
0 0.377865 0.242593 0.040104 0.103704
0 0.367969 0.325463 0.029687 0.112037
0 0.430469 0.213889 0.025521 0.161111
0 0.535417 0.064352 0.027083 0.139815
0 0.500521 0.056944 0.030208 0.149074
0 0.080469 0.403241 0.028646 0.176852
0 0.505469 0.706481 0.060937 0.229630
0 0.536979 0.708796 0.038542 0.202778
0 0.405990 0.154167 0.025521 0.125000
0 0.385677 0.162037 0.028646 0.155556
0 0.397917 -0.020833 0.025000 0.134259
0 0.164844 0.266667 0.026562 0.157407
0 0.651563 0.082407 0.031250 0.109259
0 0.185156 0.795833 0.038021 0.234259
0 0.139583 0.770370 0.046875 0.244444
0 0.281250 0.157870 0.032292 0.154630
0 0.184115 0.127315 0.028646 0.150926
0 0.200521 0.182407 0.027083 0.162963
0 0.163542 0.194444 0.027083 0.157407
0 0.129427 0.200000 0.032813 0.146296
0 0.469271 0.044907 0.027083 0.150926
0 0.232813 0.218981 0.030208 0.165741
0 0.253125 0.250000 0.038542 0.175926
0 0.952865 0.432870 0.043229 0.199074
0 0.869271 0.403704 0.032292 0.183333
0 0.797656 0.041204 0.029687 0.136111
0 0.915104 0.240278 0.034375 0.156481
0 0.900521 0.127778 0.025000 0.157407
0 0.875521 0.121759 0.029167 0.162037
0 0.949740 0.221759 0.042188 0.163889
0 0.226302 0.075926 0.023438 0.146296
0 0.198698 0.077315 0.028646 0.125000
