0 0.835417 0.683333 0.040625 0.224074
0 0.250521 0.135185 0.034375 0.174074
0 0.418490 0.640741 0.040104 0.229630
0 0.915365 0.519907 0.041146 0.193519
0 0.545573 0.974537 0.046354 0.241667
0 0.377865 0.242593 0.040104 0.103704
0 0.367969 0.325463 0.029687 0.112037
0 0.428646 0.218056 0.026042 0.158333
0 0.538542 0.087037 0.027083 0.142593
0 0.503385 0.073611 0.030729 0.150926
0 0.274479 0.128704 0.021875 0.155556
0 0.481771 0.008796 0.027083 0.139815
0 0.071354 0.410648 0.027083 0.173148
0 0.484896 0.640741 0.059375 0.220370
0 0.519271 0.650000 0.042708 0.201852
0 0.405729 0.150000 0.020833 0.138889
0 0.386458 0.162500 0.031250 0.156481
0 0.390104 0.026389 0.025000 0.134259
0 0.134896 0.304167 0.026042 0.163889
0 0.651563 0.082407 0.031250 0.109259
0 0.210938 0.724074 0.036458 0.225926
0 0.164844 0.706019 0.046354 0.239815
0 0.291406 0.143056 0.027604 0.154630
0 0.200521 0.182407 0.027083 0.162963
0 0.713021 0.581019 0.033333 0.189815
0 0.163021 0.194444 0.027083 0.157407
0 0.191927 0.163889 0.025521 0.161111
0 0.130729 0.200463 0.031250 0.143519
0 0.455990 0.051852 0.024479 0.151852
0 0.239062 0.183796 0.029167 0.160185
0 0.254167 0.300926 0.039583 0.183333
0 0.984375 0.465741 0.045833 0.177778
0 0.895573 0.440278 0.035937 0.186111
0 0.801823 0.018981 0.026562 0.136111
0 0.929427 0.214815 0.033854 0.157407
0 0.931771 0.144444 0.037500 0.159259
0 0.897656 0.164815 0.034896 0.159259
0 0.230729 0.057870 0.021875 0.136111
0 0.204948 0.061574 0.028646 0.126852
