0 0.846875 0.650926 0.035417 0.216667
0 0.250000 0.062500 0.033333 0.163889
0 0.425521 0.670370 0.048958 0.242593
0 0.914323 0.519444 0.043229 0.196296
0 0.556510 0.982407 0.043229 0.235185
0 0.377865 0.242593 0.040104 0.103704
0 0.367969 0.325463 0.029687 0.112037
0 0.425000 0.214815 0.034375 0.157407
0 0.528125 0.025000 0.027083 0.135185
0 0.497396 0.018056 0.028125 0.145370
0 0.324740 0.127315 0.019271 0.134259
0 0.111458 0.370370 0.033333 0.177778
0 0.082812 0.350926 0.027083 0.194444
0 0.548698 0.825463 0.063021 0.236111
0 0.580990 0.834259 0.045312 0.225926
0 0.404167 0.147222 0.023958 0.138889
0 0.424479 0.151389 0.030208 0.154630
0 0.223177 0.212500 0.025521 0.149074
0 0.651563 0.082407 0.031250 0.109259
0 0.151823 0.921759 0.042188 0.239815
0 0.134635 0.885648 0.047396 0.258333
0 0.290365 0.181944 0.030729 0.160185
0 0.166927 0.112963 0.024479 0.150000
0 0.200521 0.183333 0.027083 0.161111
0 0.976563 0.740278 0.042708 0.206481
0 0.163542 0.193519 0.026042 0.157407
0 0.128646 0.200000 0.031250 0.146296
0 0.469792 0.028241 0.026042 0.149074
0 0.215625 0.285648 0.031250 0.176852
0 0.252083 0.178704 0.034375 0.168519
0 0.889062 0.360648 0.044792 0.186111
0 0.834115 0.337500 0.028646 0.171296
0 0.791406 0.067130 0.028646 0.132407
0 0.947656 0.297685 0.035937 0.162037
0 0.877344 0.072222 0.026562 0.148148
0 0.844271 0.066204 0.028125 0.158333
0 0.225000 0.119907 0.023958 0.156481
0 0.216927 -0.007870 0.026562 0.141667
