0 0.843490 0.654630 0.046354 0.214815
0 0.258854 0.037037 0.031250 0.164815
0 0.371615 0.632870 0.048438 0.237963
0 0.916406 0.518056 0.040104 0.195370
0 0.538802 0.980093 0.039063 0.239815
0 0.377865 0.242593 0.040104 0.103704
0 0.367969 0.325463 0.029687 0.112037
0 0.433073 0.214352 0.030729 0.156481
0 0.520052 0.003241 0.025521 0.130556
0 0.492188 -0.003241 0.028125 0.141667
0 0.333333 0.126852 0.020833 0.131481
0 0.132552 0.340278 0.031771 0.175000
0 0.098958 0.327778 0.030208 0.190741
0 0.584896 0.905093 0.061458 0.243519
0 0.623177 0.906944 0.052604 0.228704
0 0.402865 0.145370 0.021354 0.140741
0 0.439062 0.131481 0.023958 0.151852
0 0.258333 0.177315 0.025000 0.145370
0 0.651563 0.082407 0.031250 0.109259
0 0.150781 0.995833 0.043229 0.206481
0 0.182812 0.954630 0.050000 0.253704
0 0.304167 0.184722 0.025000 0.160185
0 0.167448 0.089815 0.029687 0.148148
0 0.200521 0.183333 0.027083 0.161111
0 0.163021 0.193056 0.025000 0.156481
0 0.125260 0.199537 0.027604 0.147222
0 0.157292 0.143981 0.027083 0.149074
0 0.467448 0.017130 0.025521 0.149074
0 0.209896 0.327778 0.034375 0.177778
0 0.267448 0.133796 0.031771 0.160185
0 0.880208 0.316204 0.040625 0.184259
0 0.826302 0.299074 0.027604 0.170370
0 0.786458 0.070370 0.030208 0.131481
0 0.985156 0.332870 0.035937 0.163889
0 0.869531 0.039815 0.027604 0.140741
0 0.820573 0.030556 0.027604 0.151852
0 0.234375 0.139352 0.022917 0.154630
0 0.210417 0.145833 0.026042 0.139815
0 0.234896 0.024074 0.029167 0.144444
0 0.202865 0.017130 0.026562 0.141667
