0 0.846615 0.650463 0.040104 0.217593
0 0.253906 0.048148 0.031771 0.162963
0 0.398438 0.660185 0.045833 0.231481
0 0.915104 0.518519 0.043750 0.194444
0 0.546094 0.974537 0.043229 0.234259
0 0.377865 0.242593 0.040104 0.103704
0 0.367969 0.325463 0.029687 0.112037
0 0.430208 0.214352 0.037500 0.156481
0 0.525781 0.011111 0.026562 0.133333
0 0.495312 0.006481 0.028125 0.144444
0 0.332031 0.127778 0.022396 0.133333
0 0.123177 0.354167 0.031771 0.175000
0 0.091927 0.337500 0.032813 0.191667
0 0.565365 0.874074 0.068229 0.248148
0 0.603646 0.877778 0.048958 0.229630
0 0.404427 0.144907 0.021354 0.139815
0 0.440885 0.140741 0.029687 0.153704
0 0.244531 0.193519 0.025521 0.146296
0 0.651563 0.082407 0.031250 0.109259
0 0.150260 0.966667 0.042188 0.240741
0 0.173177 0.917593 0.056771 0.255556
0 0.298698 0.186574 0.024479 0.154630
0 0.173177 0.099537 0.027604 0.149074
0 0.200521 0.183333 0.027083 0.161111
0 0.163281 0.193056 0.025521 0.156481
0 0.127083 0.200463 0.026042 0.147222
0 0.467708 0.024537 0.026042 0.149074
0 0.213542 0.307407 0.034375 0.177778
0 0.258073 0.152778 0.030729 0.162963
0 0.883854 0.338889 0.031250 0.187037
0 0.829427 0.318981 0.028646 0.171296
0 0.786979 0.070370 0.030208 0.131481
0 0.969010 0.317130 0.036979 0.165741
0 0.874219 0.056481 0.027604 0.140741
0 0.832031 0.044444 0.027604 0.153704
0 0.231510 0.131481 0.023438 0.155556
0 0.207031 0.006019 0.026562 0.141667
