0 0.843229 0.651852 0.045833 0.220370
0 0.256771 0.042593 0.031250 0.162963
0 0.388542 0.643981 0.038542 0.226852
0 0.915365 0.520833 0.042188 0.193519
0 0.544271 0.977778 0.039583 0.244444
0 0.377865 0.242593 0.040104 0.103704
0 0.367969 0.325463 0.029687 0.112037
0 0.433073 0.212500 0.030729 0.158333
0 0.522396 0.008796 0.026042 0.132407
0 0.494271 0.004630 0.028125 0.144444
0 0.333333 0.127315 0.020833 0.132407
0 0.128385 0.344444 0.031771 0.172222
0 0.095833 0.331481 0.030208 0.190741
0 0.578125 0.891667 0.066667 0.244444
0 0.614844 0.888889 0.050521 0.229630
0 0.403906 0.145833 0.021354 0.139815
0 0.441406 0.136111 0.026562 0.151852
0 0.251823 0.179630 0.025521 0.146296
0 0.651563 0.082407 0.031250 0.109259
0 0.150781 0.986111 0.043229 0.224074
0 0.179688 0.940278 0.052083 0.254630
0 0.303646 0.184722 0.025000 0.160185
0 0.171875 0.093519 0.029167 0.148148
0 0.200521 0.183333 0.027083 0.161111
0 0.163281 0.193056 0.025521 0.156481
0 0.125521 0.200926 0.025000 0.148148
0 0.468490 0.020833 0.025521 0.149074
0 0.213542 0.323148 0.034375 0.177778
0 0.260677 0.146296 0.030729 0.164815
0 0.878646 0.319907 0.040625 0.184259
0 0.827865 0.305093 0.030729 0.171296
0 0.786458 0.070370 0.030208 0.131481
0 0.978125 0.325926 0.033333 0.164815
0 0.871615 0.050926 0.027604 0.140741
0 0.826823 0.040741 0.027604 0.153704
0 0.232292 0.132870 0.022917 0.154630
0 0.208333 0.140741 0.027083 0.138889
0 0.203906 0.012500 0.026562 0.141667
