0 0.847917 0.650000 0.037500 0.216667
0 0.253125 0.051389 0.032292 0.163889
0 0.404167 0.662037 0.043750 0.227778
0 0.916406 0.518519 0.041146 0.194444
0 0.549219 0.979167 0.043229 0.234259
0 0.377865 0.242593 0.040104 0.103704
0 0.367969 0.325463 0.029687 0.112037
0 0.428385 0.214815 0.034896 0.157407
0 0.525781 0.015741 0.026562 0.133333
0 0.495833 0.009259 0.028125 0.144444
0 0.331771 0.127778 0.021875 0.133333
0 0.121354 0.356019 0.032292 0.173148
0 0.089323 0.338889 0.029687 0.188889
0 0.562240 0.861574 0.061979 0.245370
0 0.598698 0.863426 0.049479 0.223148
0 0.404687 0.144907 0.021875 0.139815
0 0.437500 0.143519 0.029167 0.153704
0 0.240885 0.197222 0.025521 0.146296
0 0.651563 0.082407 0.031250 0.109259
0 0.149219 0.958333 0.042188 0.240741
0 0.165365 0.912037 0.052604 0.255556
0 0.297135 0.186574 0.027604 0.154630
0 0.173177 0.103241 0.027604 0.149074
0 0.200521 0.183333 0.027083 0.161111
0 0.163281 0.193056 0.025521 0.156481
0 0.127604 0.200463 0.027083 0.147222
0 0.467708 0.026389 0.026042 0.149074
0 0.212760 0.303704 0.033854 0.177778
0 0.257813 0.158796 0.032292 0.165741
0 0.885417 0.340741 0.035417 0.185185
0 0.829688 0.319907 0.028125 0.171296
0 0.788021 0.070370 0.030208 0.131481
0 0.966667 0.310648 0.036458 0.163889
0 0.875781 0.059722 0.027604 0.143519
0 0.835156 0.046759 0.027604 0.156481
0 0.230469 0.127778 0.023438 0.155556
0 0.205469 0.136574 0.026562 0.139815
0 0.208073 -0.000463 0.026562 0.141667
