0 0.843229 0.651852 0.045833 0.220370
0 0.256771 0.041667 0.031250 0.162963
0 0.385156 0.641667 0.043229 0.231481
0 0.915365 0.519907 0.042188 0.193519
0 0.543229 0.977778 0.039583 0.244444
0 0.377865 0.242593 0.040104 0.103704
0 0.367969 0.325463 0.029687 0.112037
0 0.433073 0.212500 0.030729 0.158333
0 0.521875 0.007870 0.026042 0.132407
0 0.493750 0.003241 0.028125 0.143519
0 0.333333 0.126852 0.020833 0.131481
0 0.128906 0.343519 0.031771 0.172222
0 0.095833 0.330556 0.030208 0.190741
0 0.578906 0.892593 0.066146 0.244444
0 0.615625 0.890741 0.051042 0.229630
0 0.403385 0.145370 0.021354 0.140741
0 0.440885 0.135185 0.026562 0.151852
0 0.252344 0.178704 0.025521 0.146296
0 0.651563 0.082407 0.031250 0.109259
0 0.150781 0.987037 0.043229 0.222222
0 0.179948 0.941667 0.051562 0.253704
0 0.303646 0.184722 0.025000 0.160185
0 0.171094 0.092593 0.029687 0.148148
0 0.200521 0.183333 0.027083 0.161111
0 0.163021 0.193056 0.025000 0.156481
0 0.125260 0.200000 0.025521 0.148148
0 0.467969 0.019907 0.025521 0.149074
0 0.213021 0.323148 0.034375 0.177778
0 0.261719 0.144444 0.030729 0.164815
0 0.878646 0.319907 0.040625 0.184259
0 0.827604 0.304167 0.030208 0.171296
0 0.786458 0.070370 0.030208 0.131481
0 0.978906 0.326389 0.033854 0.163889
0 0.871615 0.049074 0.027604 0.140741
0 0.825781 0.038889 0.027604 0.153704
0 0.232813 0.133796 0.022917 0.154630
0 0.208333 0.141667 0.027083 0.138889
0 0.203646 0.012500 0.026042 0.141667
