0 0.831250 0.664815 0.034375 0.224074
0 0.253385 0.087500 0.039063 0.165741
0 0.448437 0.681944 0.037500 0.237963
0 0.915885 0.518981 0.041146 0.191667
0 0.561719 0.979167 0.043229 0.237963
0 0.377865 0.242593 0.040104 0.103704
0 0.367969 0.325463 0.029687 0.112037
0 0.425260 0.212963 0.029687 0.157407
0 0.532292 0.042130 0.027083 0.137963
0 0.499219 0.034259 0.028646 0.148148
0 0.307031 0.132870 0.020313 0.143519
0 0.098698 0.388889 0.032813 0.174074
0 0.070313 0.367130 0.029167 0.193519
0 0.521094 0.768981 0.061979 0.237963
0 0.555208 0.775000 0.039583 0.216667
0 0.396875 0.162500 0.033333 0.154630
0 0.189062 0.233796 0.025000 0.154630
0 0.651563 0.082407 0.031250 0.109259
0 0.166667 0.862037 0.039583 0.240741
0 0.127083 0.839815 0.045833 0.251852
0 0.282813 0.168056 0.029167 0.158333
0 0.172396 0.124074 0.021875 0.151852
0 0.200521 0.182870 0.027083 0.162037
0 0.910937 0.680093 0.042708 0.199074
0 0.163542 0.194444 0.027083 0.157407
0 0.128906 0.200000 0.031771 0.146296
0 0.473177 0.038889 0.024479 0.150000
0 0.222656 0.255556 0.031771 0.168519
0 0.257292 0.210185 0.036458 0.170370
0 0.915365 0.396759 0.045312 0.193519
0 0.853385 0.368056 0.032813 0.178704
0 0.792448 0.057870 0.029687 0.136111
0 0.927865 0.268519 0.029687 0.159259
0 0.885937 0.096759 0.027083 0.152778
0 0.854427 0.092593 0.028646 0.161111
0 0.980729 0.278704 0.036458 0.175926
0 0.219531 0.098148 0.023438 0.146296
0 0.195573 0.104630 0.029687 0.135185
