0 0.828906 0.664815 0.038021 0.224074
0 0.253125 0.091667 0.038542 0.166667
0 0.447656 0.682407 0.039063 0.237037
0 0.916927 0.519907 0.039063 0.189815
0 0.559375 0.980556 0.044792 0.235185
0 0.377865 0.242593 0.040104 0.103704
0 0.367969 0.325463 0.029687 0.112037
0 0.426042 0.213426 0.030208 0.158333
0 0.533333 0.044907 0.027083 0.137963
0 0.499740 0.039815 0.028646 0.148148
0 0.302865 0.131944 0.020313 0.143519
0 0.094792 0.391667 0.032292 0.175926
0 0.065365 0.371296 0.023438 0.196296
0 0.516667 0.756944 0.063542 0.236111
0 0.552865 0.762500 0.040104 0.217593
0 0.392969 0.162500 0.033854 0.154630
0 0.183594 0.240741 0.025521 0.155556
0 0.651563 0.082407 0.031250 0.109259
0 0.170833 0.849074 0.038542 0.240741
0 0.130469 0.825926 0.046354 0.250000
0 0.281771 0.166204 0.030208 0.158333
0 0.174219 0.125463 0.023438 0.152778
0 0.200521 0.182870 0.027083 0.162037
0 0.895573 0.668056 0.041146 0.197222
0 0.163542 0.194444 0.027083 0.157407
0 0.128906 0.200000 0.031771 0.146296
0 0.471615 0.040741 0.024479 0.150000
0 0.224479 0.248611 0.031250 0.167593
0 0.258594 0.217130 0.036979 0.173148
0 0.920052 0.406481 0.044271 0.198148
0 0.857552 0.374537 0.032813 0.180556
0 0.793490 0.055093 0.029687 0.136111
0 0.923698 0.264352 0.031771 0.160185
0 0.887760 0.102778 0.026562 0.153704
0 0.856510 0.099537 0.028646 0.162037
0 0.978385 0.265278 0.041146 0.175000
0 0.219792 0.093519 0.022917 0.146296
0 0.194010 0.100926 0.029687 0.135185
