0 0.846875 0.650463 0.039583 0.217593
0 0.253906 0.048611 0.031771 0.163889
0 0.399740 0.660648 0.045312 0.230556
0 0.915365 0.518519 0.043229 0.194444
0 0.546615 0.975463 0.043229 0.234259
0 0.377865 0.242593 0.040104 0.103704
0 0.367969 0.325463 0.029687 0.112037
0 0.429948 0.214352 0.036979 0.156481
0 0.525781 0.012037 0.026562 0.133333
0 0.495312 0.007407 0.028125 0.144444
0 0.332031 0.127778 0.022396 0.133333
0 0.122656 0.354630 0.031771 0.174074
0 0.091406 0.337963 0.031771 0.190741
0 0.564844 0.871759 0.067187 0.247222
0 0.602604 0.875000 0.048958 0.227778
0 0.404427 0.144907 0.021354 0.139815
0 0.440365 0.141667 0.029687 0.153704
0 0.244010 0.194444 0.025521 0.146296
0 0.651563 0.082407 0.031250 0.109259
0 0.150260 0.964815 0.042188 0.240741
0 0.171615 0.916667 0.055729 0.255556
0 0.298438 0.186574 0.025000 0.154630
0 0.173177 0.100463 0.027604 0.149074
0 0.200521 0.183333 0.027083 0.161111
0 0.163281 0.193056 0.025521 0.156481
0 0.127083 0.200463 0.026042 0.147222
0 0.467708 0.024537 0.026042 0.149074
0 0.213542 0.306481 0.034375 0.177778
0 0.258073 0.153704 0.030729 0.162963
0 0.883854 0.338889 0.032292 0.187037
0 0.829427 0.318981 0.028646 0.171296
0 0.786979 0.070370 0.030208 0.131481
0 0.968490 0.315741 0.036979 0.164815
0 0.874740 0.057407 0.027604 0.140741
0 0.832552 0.044907 0.027604 0.154630
0 0.230990 0.130556 0.023438 0.155556
0 0.207552 0.005093 0.026562 0.141667
