0 0.827344 0.664815 0.040104 0.224074
0 0.253125 0.094444 0.038542 0.166667
0 0.447135 0.681944 0.039063 0.237963
0 0.917969 0.520370 0.036979 0.190741
0 0.556510 0.982870 0.046354 0.232407
0 0.377865 0.242593 0.040104 0.103704
0 0.367969 0.325463 0.029687 0.112037
0 0.426302 0.213426 0.030729 0.158333
0 0.533854 0.047685 0.027083 0.137963
0 0.499740 0.043519 0.028646 0.148148
0 0.300781 0.130093 0.020313 0.143519
0 0.091927 0.393056 0.031771 0.178704
0 0.062500 0.375000 0.021875 0.200000
0 0.514583 0.750926 0.064583 0.235185
0 0.551562 0.756019 0.039583 0.217593
0 0.389844 0.162500 0.033854 0.154630
0 0.180469 0.244444 0.025521 0.155556
0 0.651563 0.082407 0.031250 0.109259
0 0.172917 0.839815 0.038542 0.240741
0 0.133073 0.815741 0.047396 0.248148
0 0.280469 0.166204 0.030729 0.158333
0 0.175781 0.126389 0.025521 0.152778
0 0.200521 0.182870 0.027083 0.162037
0 0.887500 0.660648 0.035417 0.195370
0 0.163542 0.194444 0.027083 0.157407
0 0.129167 0.200000 0.032292 0.146296
0 0.470573 0.041667 0.024479 0.150000
0 0.225000 0.243056 0.031250 0.167593
0 0.259896 0.223148 0.034375 0.174074
0 0.924219 0.410185 0.041146 0.198148
0 0.859896 0.378704 0.031250 0.181481
0 0.793490 0.054167 0.029687 0.136111
0 0.921615 0.261111 0.033854 0.161111
0 0.889844 0.106944 0.026562 0.152778
0 0.857552 0.103241 0.028646 0.162037
0 0.974479 0.259259 0.041667 0.174074
0 0.220573 0.091667 0.023438 0.146296
0 0.194271 0.098611 0.029167 0.136111
