0 0.847917 0.650000 0.035417 0.216667
0 0.250521 0.057407 0.033333 0.164815
0 0.416927 0.667593 0.048438 0.231481
0 0.914844 0.518981 0.043229 0.195370
0 0.554167 0.982407 0.043750 0.235185
0 0.377865 0.242593 0.040104 0.103704
0 0.367969 0.325463 0.029687 0.112037
0 0.426042 0.215278 0.034375 0.158333
0 0.526823 0.021296 0.026562 0.133333
0 0.496875 0.014815 0.028125 0.144444
0 0.328385 0.126852 0.020313 0.133333
0 0.116146 0.365278 0.033333 0.176852
0 0.085938 0.347222 0.027083 0.192593
0 0.554688 0.838889 0.060417 0.237037
0 0.588281 0.844444 0.048438 0.224074
0 0.404167 0.145370 0.023958 0.138889
0 0.429688 0.149074 0.031250 0.153704
0 0.230208 0.206019 0.025000 0.147222
0 0.651563 0.082407 0.031250 0.109259
0 0.148698 0.937037 0.042188 0.240741
0 0.294010 0.184259 0.030729 0.159259
0 0.169271 0.110185 0.025000 0.150000
0 0.200521 0.183333 0.027083 0.161111
0 0.990885 0.754630 0.041146 0.209259
0 0.163542 0.193519 0.026042 0.157407
0 0.128125 0.200000 0.030208 0.146296
0 0.468750 0.028241 0.026042 0.149074
0 0.213802 0.293981 0.031771 0.176852
0 0.254688 0.172222 0.034375 0.168519
0 0.886719 0.353241 0.044271 0.186111
0 0.830990 0.330093 0.028646 0.171296
0 0.790885 0.068519 0.029687 0.131481
0 0.955208 0.303241 0.035417 0.162037
0 0.877344 0.067593 0.026562 0.148148
0 0.841406 0.060648 0.027604 0.158333
0 0.227083 0.124074 0.023958 0.157407
0 0.214583 -0.005093 0.026042 0.141667
