0 0.844010 0.655093 0.047396 0.213889
0 0.259896 0.034259 0.031250 0.166667
0 0.366406 0.629167 0.045312 0.236111
0 0.916406 0.518056 0.041146 0.195370
0 0.537240 0.981481 0.039063 0.237037
0 0.377865 0.242593 0.040104 0.103704
0 0.367969 0.325463 0.029687 0.112037
0 0.432812 0.214352 0.031250 0.156481
0 0.519010 0.000463 0.025521 0.130556
0 0.491406 -0.005556 0.027604 0.140741
0 0.333333 0.126852 0.020833 0.131481
0 0.134635 0.337500 0.031771 0.175000
0 0.100521 0.325926 0.030208 0.190741
0 0.587240 0.912500 0.060937 0.243519
0 0.626563 0.915278 0.053125 0.228704
0 0.402865 0.145370 0.021354 0.140741
0 0.436719 0.129630 0.024479 0.151852
0 0.261198 0.174537 0.024479 0.145370
0 0.651563 0.082407 0.031250 0.109259
0 0.151302 1.000000 0.043229 0.200000
0 0.185156 0.961111 0.050521 0.251852
0 0.304688 0.185648 0.025000 0.160185
0 0.166406 0.088426 0.029687 0.147222
0 0.200521 0.183333 0.027083 0.161111
0 0.163021 0.193056 0.025000 0.156481
0 0.125521 0.199074 0.028125 0.148148
0 0.157292 0.143981 0.027083 0.149074
0 0.467187 0.015278 0.026042 0.149074
0 0.208594 0.332407 0.033854 0.177778
0 0.267448 0.130093 0.031771 0.160185
0 0.879948 0.311574 0.039063 0.184259
0 0.825521 0.293981 0.027083 0.169444
0 0.786458 0.070370 0.030208 0.131481
0 0.988542 0.336574 0.036458 0.163889
0 0.866406 0.037963 0.027604 0.140741
0 0.817708 0.027315 0.027083 0.150926
0 0.235156 0.140278 0.023438 0.154630
0 0.212760 0.148148 0.024479 0.140741
0 0.234896 0.025926 0.029167 0.144444
0 0.202865 0.020833 0.026562 0.141667
