0 0.842448 0.655556 0.033854 0.218519
0 0.251042 0.073148 0.033333 0.162963
0 0.439844 0.675926 0.040104 0.238889
0 0.915625 0.520833 0.040625 0.197222
0 0.558594 0.981944 0.043229 0.236111
0 0.377865 0.242593 0.040104 0.103704
0 0.367969 0.325463 0.029687 0.112037
0 0.421615 0.213889 0.030729 0.157407
0 0.530208 0.031019 0.027083 0.137963
0 0.498177 0.022685 0.028646 0.147222
0 0.318490 0.129630 0.018229 0.137037
0 0.105990 0.378704 0.033854 0.177778
0 0.077604 0.355556 0.028125 0.190741
0 0.536198 0.805556 0.064062 0.240741
0 0.569531 0.808333 0.042188 0.214815
0 0.414063 0.156944 0.027083 0.154630
0 0.210677 0.221296 0.027604 0.151852
0 0.651563 0.082407 0.031250 0.109259
0 0.157292 0.899074 0.041667 0.240741
0 0.126562 0.868981 0.050000 0.258333
0 0.285156 0.178241 0.030729 0.160185
0 0.166667 0.115278 0.022917 0.150926
0 0.200521 0.182870 0.027083 0.162037
0 0.955990 0.716204 0.038021 0.199074
0 0.163802 0.193519 0.026562 0.157407
0 0.128646 0.200000 0.031250 0.146296
0 0.472135 0.030556 0.025521 0.150000
0 0.217708 0.275463 0.031250 0.176852
0 0.256771 0.189352 0.033333 0.167593
0 0.899479 0.370370 0.038542 0.183333
0 0.841667 0.347685 0.029167 0.175000
0 0.788802 0.063889 0.028646 0.131481
0 0.939583 0.285648 0.036458 0.160185
0 0.879687 0.080556 0.027083 0.150000
0 0.848958 0.073611 0.028125 0.158333
0 0.998177 0.308796 0.036979 0.178704
0 0.222396 0.109259 0.023958 0.148148
0 0.197917 0.113889 0.027083 0.137037
