0 0.828646 0.664815 0.038542 0.224074
0 0.253125 0.092593 0.038542 0.166667
0 0.447656 0.682407 0.039063 0.237037
0 0.917187 0.520370 0.038542 0.190741
0 0.558594 0.981481 0.045312 0.235185
0 0.377865 0.242593 0.040104 0.103704
0 0.367969 0.325463 0.029687 0.112037
0 0.426042 0.213426 0.030208 0.158333
0 0.533854 0.045833 0.027083 0.137963
0 0.499740 0.040741 0.028646 0.148148
0 0.302344 0.131019 0.020313 0.143519
0 0.094010 0.392130 0.031771 0.176852
0 0.064844 0.372685 0.023438 0.197222
0 0.516406 0.756019 0.064062 0.236111
0 0.552604 0.761111 0.039583 0.216667
0 0.392188 0.162500 0.033333 0.154630
0 0.182552 0.241667 0.025521 0.155556
0 0.651563 0.082407 0.031250 0.109259
0 0.171354 0.847222 0.038542 0.240741
0 0.131250 0.823611 0.046875 0.249074
0 0.281250 0.166204 0.030208 0.158333
0 0.174740 0.125926 0.024479 0.151852
0 0.200521 0.182870 0.027083 0.162037
0 0.893490 0.666204 0.040104 0.197222
0 0.163542 0.194444 0.027083 0.157407
0 0.129167 0.200000 0.032292 0.146296
0 0.471615 0.040741 0.024479 0.150000
0 0.224740 0.247685 0.031771 0.167593
0 0.258854 0.218981 0.036458 0.173148
0 0.921094 0.407407 0.043229 0.198148
0 0.858333 0.375463 0.032292 0.180556
0 0.793490 0.055093 0.029687 0.136111
0 0.923177 0.263426 0.032813 0.160185
0 0.888281 0.103704 0.026562 0.153704
0 0.856771 0.100463 0.029167 0.162037
0 0.977344 0.263426 0.041146 0.175000
0 0.220052 0.093519 0.023438 0.146296
0 0.194010 0.100000 0.029687 0.135185
