0 0.844792 0.654167 0.048958 0.215741
0 0.260937 0.031019 0.031250 0.167593
0 0.359635 0.624537 0.042188 0.234259
0 0.914583 0.518519 0.044792 0.194444
0 0.536198 0.983796 0.039063 0.232407
0 0.377865 0.242593 0.040104 0.103704
0 0.367969 0.325463 0.029687 0.112037
0 0.433073 0.213889 0.031771 0.157407
0 0.519010 -0.002315 0.025521 0.130556
0 0.490885 -0.006481 0.027604 0.140741
0 0.333333 0.126852 0.020833 0.131481
0 0.137240 0.331944 0.031771 0.171296
0 0.102083 0.324074 0.030208 0.190741
0 0.589583 0.922222 0.063542 0.242593
0 0.629687 0.924537 0.052083 0.228704
0 0.402865 0.145370 0.021354 0.140741
0 0.431250 0.127315 0.027083 0.150926
0 0.263542 0.169444 0.023958 0.144444
0 0.651563 0.082407 0.031250 0.109259
0 0.152865 1.004167 0.043229 0.191667
0 0.188802 0.968981 0.052604 0.249074
0 0.305208 0.185648 0.025000 0.160185
0 0.165885 0.087037 0.028646 0.146296
0 0.200521 0.183333 0.027083 0.161111
0 0.163021 0.193056 0.025000 0.156481
0 0.126302 0.199074 0.027604 0.148148
0 0.466667 0.013426 0.026042 0.149074
0 0.207292 0.340278 0.033333 0.180556
0 0.267969 0.125926 0.031771 0.161111
0 0.879167 0.305093 0.037500 0.184259
0 0.824479 0.286574 0.027083 0.167593
0 0.786458 0.070370 0.030208 0.131481
0 0.992708 0.343056 0.036458 0.163889
0 0.863021 0.036111 0.027083 0.140741
0 0.815104 0.025463 0.027083 0.150926
0 0.236198 0.141667 0.024479 0.153704
0 0.215365 0.150463 0.023438 0.141667
0 0.234896 0.027778 0.029167 0.144444
0 0.202865 0.021759 0.026562 0.141667
