0 0.836979 0.661111 0.032292 0.222222
0 0.252604 0.080093 0.036458 0.163889
0 0.446354 0.680093 0.037500 0.239815
0 0.916406 0.519444 0.040104 0.196296
0 0.559635 0.980556 0.043229 0.237037
0 0.377865 0.242593 0.040104 0.103704
0 0.367969 0.325463 0.029687 0.112037
0 0.422656 0.212963 0.028646 0.157407
0 0.531250 0.036574 0.027083 0.137963
0 0.498698 0.027778 0.028646 0.148148
0 0.314323 0.131019 0.019271 0.139815
0 0.103125 0.384722 0.034375 0.176852
0 0.075521 0.362037 0.033333 0.192593
0 0.529427 0.791204 0.061979 0.239815
0 0.562500 0.793056 0.040625 0.212037
0 0.404948 0.162037 0.030729 0.155556
0 0.200781 0.225000 0.025521 0.151852
0 0.651563 0.082407 0.031250 0.109259
0 0.159896 0.881481 0.041667 0.240741
0 0.125260 0.855556 0.048438 0.253704
0 0.283594 0.175000 0.028646 0.161111
0 0.169271 0.119444 0.021875 0.151852
0 0.200521 0.182870 0.027083 0.162037
0 0.939063 0.700463 0.034375 0.199074
0 0.163802 0.193519 0.026562 0.157407
0 0.128906 0.200000 0.031771 0.146296
0 0.161198 0.162500 0.029687 0.162037
0 0.473958 0.034259 0.025000 0.150000
0 0.218229 0.265741 0.031250 0.172222
0 0.258594 0.200000 0.032813 0.168519
0 0.907292 0.381481 0.040625 0.185185
0 0.845833 0.357407 0.030208 0.177778
0 0.789323 0.062037 0.029687 0.131481
0 0.935937 0.277315 0.033333 0.158333
0 0.883333 0.088889 0.027083 0.151852
0 0.851563 0.081944 0.028125 0.158333
0 0.990885 0.294444 0.034896 0.175926
0 0.220573 0.104630 0.023438 0.146296
0 0.196615 0.110185 0.029687 0.135185
