0 0.838021 0.659722 0.032292 0.221296
0 0.252083 0.078241 0.035417 0.163889
0 0.445313 0.679630 0.038542 0.240741
0 0.916406 0.520370 0.040104 0.196296
0 0.559375 0.980556 0.043750 0.237037
0 0.377865 0.242593 0.040104 0.103704
0 0.367969 0.325463 0.029687 0.112037
0 0.422135 0.212963 0.028646 0.157407
0 0.531250 0.034722 0.027083 0.137963
0 0.498698 0.025926 0.028646 0.148148
0 0.315104 0.130556 0.018750 0.138889
0 0.103646 0.383333 0.034375 0.177778
0 0.076042 0.360185 0.031250 0.190741
0 0.530208 0.794444 0.062500 0.240741
0 0.564063 0.794907 0.041667 0.210185
0 0.407031 0.161111 0.029687 0.155556
0 0.202865 0.224074 0.026562 0.151852
0 0.651563 0.082407 0.031250 0.109259
0 0.159375 0.886111 0.041667 0.240741
0 0.125260 0.858333 0.049479 0.255556
0 0.283854 0.175463 0.029167 0.160185
0 0.168750 0.118519 0.021875 0.151852
0 0.200521 0.182870 0.027083 0.162037
0 0.943229 0.704167 0.034375 0.199074
0 0.163802 0.193519 0.026562 0.157407
0 0.128906 0.200000 0.031771 0.146296
0 0.160938 0.162500 0.029167 0.162037
0 0.473438 0.033333 0.025000 0.150000
0 0.217708 0.268519 0.031250 0.174074
0 0.259115 0.198148 0.031771 0.168519
0 0.905729 0.379630 0.039583 0.185185
0 0.844531 0.355556 0.029687 0.177778
0 0.788802 0.062500 0.029687 0.130556
0 0.936458 0.279167 0.034375 0.158333
0 0.882813 0.087963 0.027083 0.151852
0 0.851042 0.081019 0.028125 0.158333
0 0.992448 0.297222 0.034896 0.175926
0 0.221094 0.105556 0.023438 0.146296
0 0.196875 0.111111 0.029167 0.135185
