0 0.844010 0.651389 0.044271 0.219444
0 0.255729 0.043519 0.031250 0.162963
0 0.391146 0.648611 0.040625 0.228704
0 0.915104 0.519907 0.042708 0.193519
0 0.544271 0.976389 0.040625 0.241667
0 0.377865 0.242593 0.040104 0.103704
0 0.367969 0.325463 0.029687 0.112037
0 0.432031 0.212963 0.032813 0.157407
0 0.523177 0.008796 0.026562 0.132407
0 0.494271 0.004630 0.028125 0.144444
0 0.332813 0.127315 0.021875 0.132407
0 0.126823 0.346759 0.031771 0.173148
0 0.094792 0.332870 0.031250 0.191667
0 0.574479 0.887037 0.067708 0.246296
0 0.611458 0.886111 0.050000 0.229630
0 0.403906 0.145370 0.021354 0.140741
0 0.441406 0.137037 0.027604 0.151852
0 0.249740 0.183333 0.025521 0.146296
0 0.651563 0.082407 0.031250 0.109259
0 0.150521 0.980556 0.042708 0.229630
0 0.177865 0.933796 0.053646 0.254630
0 0.302083 0.184722 0.025000 0.158333
0 0.172135 0.094907 0.028646 0.149074
0 0.200521 0.183333 0.027083 0.161111
0 0.163281 0.193056 0.025521 0.156481
0 0.125781 0.200926 0.025521 0.148148
0 0.467969 0.021759 0.025521 0.149074
0 0.213542 0.318519 0.034375 0.177778
0 0.258854 0.150000 0.030208 0.166667
0 0.879427 0.324074 0.039063 0.185185
0 0.828385 0.307870 0.030729 0.171296
0 0.786458 0.070370 0.030208 0.131481
0 0.975521 0.323148 0.034375 0.164815
0 0.872656 0.053704 0.027604 0.140741
0 0.827865 0.041667 0.027604 0.153704
0 0.231771 0.131944 0.022917 0.154630
0 0.204948 0.011574 0.026562 0.141667
