0 0.846875 0.650926 0.035417 0.216667
0 0.250000 0.063426 0.033333 0.163889
0 0.426823 0.669907 0.047396 0.241667
0 0.914583 0.519444 0.042708 0.196296
0 0.556771 0.982407 0.043750 0.235185
0 0.377865 0.242593 0.040104 0.103704
0 0.367969 0.325463 0.029687 0.112037
0 0.424479 0.214815 0.034375 0.157407
0 0.528385 0.026389 0.026562 0.136111
0 0.497396 0.018056 0.028125 0.145370
0 0.324219 0.127778 0.019271 0.135185
0 0.110937 0.371296 0.033333 0.177778
0 0.082292 0.351852 0.027083 0.194444
0 0.547917 0.824074 0.063542 0.237037
0 0.579688 0.832407 0.044792 0.225926
0 0.404687 0.147222 0.023958 0.138889
0 0.423698 0.151852 0.029687 0.155556
0 0.222396 0.213426 0.026042 0.149074
0 0.651563 0.082407 0.031250 0.109259
0 0.152604 0.919907 0.041667 0.239815
0 0.133854 0.884722 0.047917 0.258333
0 0.289844 0.181944 0.030729 0.160185
0 0.166927 0.113426 0.024479 0.150926
0 0.200521 0.183333 0.027083 0.161111
0 0.163542 0.193519 0.026042 0.157407
0 0.128646 0.200000 0.031250 0.146296
0 0.470052 0.028241 0.025521 0.149074
0 0.216146 0.284722 0.031250 0.176852
0 0.252604 0.179167 0.034375 0.167593
0 0.890104 0.361111 0.043750 0.185185
0 0.835156 0.338426 0.028646 0.171296
0 0.790885 0.066204 0.028646 0.132407
0 0.947135 0.296759 0.035937 0.162037
0 0.877344 0.073148 0.026562 0.148148
0 0.844792 0.066204 0.028125 0.158333
0 1.007813 0.324537 0.037500 0.178704
0 0.225000 0.118519 0.023958 0.155556
0 0.217448 -0.008796 0.026562 0.141667
