0 0.843490 0.654167 0.046354 0.215741
0 0.258333 0.037037 0.031250 0.164815
0 0.373177 0.633796 0.049479 0.237963
0 0.916406 0.518519 0.040104 0.194444
0 0.539323 0.979630 0.039063 0.240741
0 0.377865 0.242593 0.040104 0.103704
0 0.367969 0.325463 0.029687 0.112037
0 0.433073 0.213889 0.030729 0.157407
0 0.520052 0.003704 0.025521 0.131481
0 0.492448 -0.002315 0.027604 0.141667
0 0.333333 0.126852 0.020833 0.131481
0 0.132031 0.340741 0.031771 0.174074
0 0.098437 0.327778 0.030208 0.190741
0 0.584115 0.903241 0.061979 0.243519
0 0.622135 0.904167 0.052604 0.228704
0 0.402865 0.145370 0.021354 0.140741
0 0.439323 0.131481 0.024479 0.151852
0 0.257552 0.177315 0.025521 0.145370
0 0.651563 0.082407 0.031250 0.109259
0 0.150781 0.994444 0.043229 0.209259
0 0.182552 0.952778 0.050521 0.253704
0 0.304167 0.184722 0.025000 0.160185
0 0.167969 0.090278 0.029687 0.147222
0 0.200521 0.183333 0.027083 0.161111
0 0.163021 0.193056 0.025000 0.156481
0 0.125260 0.199537 0.027604 0.147222
0 0.157292 0.143981 0.027083 0.149074
0 0.467448 0.017130 0.025521 0.149074
0 0.210417 0.326852 0.034375 0.177778
0 0.266406 0.135185 0.031771 0.161111
0 0.880208 0.317130 0.040625 0.184259
0 0.826562 0.300000 0.028125 0.170370
0 0.786458 0.070370 0.030208 0.131481
0 0.984115 0.331944 0.035937 0.163889
0 0.869531 0.040741 0.027604 0.140741
0 0.821354 0.031481 0.027083 0.151852
0 0.234375 0.138426 0.022917 0.154630
0 0.209635 0.145370 0.026562 0.138889
0 0.235417 0.023148 0.029167 0.144444
0 0.202865 0.016204 0.026562 0.141667
