0 0.843490 0.653704 0.046354 0.216667
0 0.257813 0.038889 0.031250 0.164815
0 0.375781 0.635648 0.050521 0.237963
0 0.916146 0.519444 0.040625 0.194444
0 0.540885 0.979167 0.039063 0.241667
0 0.377865 0.242593 0.040104 0.103704
0 0.367969 0.325463 0.029687 0.112037
0 0.433073 0.213889 0.030729 0.157407
0 0.520833 0.005556 0.026042 0.131481
0 0.492969 0.000000 0.027604 0.142593
0 0.333333 0.126852 0.020833 0.131481
0 0.130990 0.341667 0.031771 0.174074
0 0.097917 0.328704 0.030208 0.190741
0 0.582292 0.900000 0.063542 0.244444
0 0.620052 0.900000 0.051562 0.229630
0 0.403385 0.145370 0.021354 0.140741
0 0.440104 0.133333 0.025000 0.151852
0 0.255990 0.178241 0.025521 0.145370
0 0.651563 0.082407 0.031250 0.109259
0 0.150781 0.992130 0.043229 0.213889
0 0.181771 0.949074 0.051042 0.253704
0 0.304167 0.184722 0.025000 0.160185
0 0.169010 0.091204 0.029687 0.147222
0 0.200521 0.183333 0.027083 0.161111
0 0.163021 0.193056 0.025000 0.156481
0 0.125260 0.200000 0.026562 0.148148
0 0.157031 0.144444 0.026562 0.148148
0 0.467969 0.018056 0.025521 0.149074
0 0.211458 0.325926 0.034375 0.177778
0 0.264583 0.138426 0.031250 0.162037
0 0.879687 0.318056 0.040625 0.184259
0 0.826823 0.301389 0.028646 0.171296
0 0.786458 0.070370 0.030208 0.131481
0 0.982552 0.330093 0.034896 0.163889
0 0.870052 0.043519 0.027604 0.140741
0 0.822917 0.034259 0.027083 0.151852
0 0.233854 0.136574 0.022917 0.154630
0 0.208854 0.144444 0.027083 0.138889
0 0.202865 0.014352 0.026562 0.141667
