0 0.829427 0.664815 0.036979 0.224074
0 0.253385 0.090741 0.039063 0.166667
0 0.447917 0.682407 0.038542 0.237037
0 0.916406 0.519907 0.040104 0.189815
0 0.560677 0.979630 0.044271 0.237037
0 0.377865 0.242593 0.040104 0.103704
0 0.367969 0.325463 0.029687 0.112037
0 0.425781 0.213426 0.029687 0.158333
0 0.533333 0.043056 0.027083 0.137963
0 0.499740 0.037963 0.028646 0.148148
0 0.303906 0.132870 0.020313 0.143519
0 0.096354 0.390741 0.032292 0.174074
0 0.066927 0.369444 0.024479 0.194444
0 0.517708 0.760185 0.063542 0.237037
0 0.553385 0.765741 0.040104 0.216667
0 0.394531 0.162500 0.033854 0.154630
0 0.185156 0.238889 0.025521 0.155556
0 0.651563 0.082407 0.031250 0.109259
0 0.169792 0.853704 0.038542 0.240741
0 0.129167 0.831019 0.045833 0.250926
0 0.282292 0.166204 0.030208 0.158333
0 0.173437 0.125000 0.022917 0.151852
0 0.200521 0.182870 0.027083 0.162037
0 0.899479 0.671296 0.043750 0.198148
0 0.163542 0.194444 0.027083 0.157407
0 0.128906 0.200000 0.031771 0.146296
0 0.472135 0.039815 0.024479 0.150000
0 0.224219 0.251389 0.031771 0.167593
0 0.258333 0.214815 0.038542 0.172222
0 0.917969 0.404630 0.046354 0.198148
0 0.856771 0.372222 0.033333 0.179630
0 0.793490 0.055093 0.029687 0.136111
0 0.924740 0.265741 0.030729 0.159259
0 0.886979 0.100926 0.027083 0.153704
0 0.855990 0.097685 0.028646 0.162037
0 0.978906 0.268981 0.040104 0.175000
0 0.219531 0.094444 0.023438 0.146296
0 0.194531 0.101852 0.029687 0.135185
