0 0.843229 0.652315 0.045833 0.219444
0 0.257292 0.040741 0.031250 0.162963
0 0.381771 0.639815 0.047917 0.235185
0 0.915625 0.519907 0.041667 0.193519
0 0.542708 0.978241 0.039583 0.243519
0 0.377865 0.242593 0.040104 0.103704
0 0.367969 0.325463 0.029687 0.112037
0 0.433073 0.212500 0.030729 0.158333
0 0.521615 0.006944 0.025521 0.132407
0 0.493750 0.002315 0.028125 0.143519
0 0.333333 0.126852 0.020833 0.131481
0 0.129427 0.343056 0.031771 0.173148
0 0.096354 0.330556 0.030208 0.190741
0 0.579688 0.894444 0.065625 0.244444
0 0.616667 0.893056 0.051042 0.228704
0 0.403385 0.145370 0.021354 0.140741
0 0.440625 0.134259 0.026042 0.151852
0 0.253385 0.178704 0.025521 0.146296
0 0.651563 0.082407 0.031250 0.109259
0 0.150781 0.988426 0.043229 0.219444
0 0.180469 0.943519 0.051562 0.253704
0 0.303646 0.184722 0.025000 0.160185
0 0.170573 0.092593 0.029687 0.148148
0 0.200521 0.183333 0.027083 0.161111
0 0.163021 0.193056 0.025000 0.156481
0 0.125260 0.200000 0.025521 0.148148
0 0.467969 0.019907 0.025521 0.149074
0 0.212500 0.324074 0.034375 0.177778
0 0.262240 0.143056 0.030729 0.163889
0 0.879167 0.318981 0.040625 0.184259
0 0.827344 0.303241 0.029687 0.171296
0 0.786458 0.070370 0.030208 0.131481
0 0.979687 0.327315 0.034375 0.163889
0 0.871094 0.048148 0.027604 0.140741
0 0.825260 0.037963 0.027604 0.153704
0 0.232813 0.134722 0.022917 0.154630
0 0.208333 0.142593 0.027083 0.138889
0 0.203125 0.012500 0.026042 0.141667
