0 0.829167 0.664815 0.037500 0.224074
0 0.253125 0.091204 0.038542 0.165741
0 0.447917 0.682407 0.038542 0.237037
0 0.916667 0.519907 0.039583 0.189815
0 0.559896 0.980093 0.044792 0.236111
0 0.377865 0.242593 0.040104 0.103704
0 0.367969 0.325463 0.029687 0.112037
0 0.425781 0.213426 0.029687 0.158333
0 0.533333 0.043981 0.027083 0.137963
0 0.499740 0.038889 0.028646 0.148148
0 0.303385 0.131944 0.020313 0.143519
0 0.095573 0.391204 0.031771 0.175000
0 0.066146 0.370833 0.023958 0.195370
0 0.517188 0.758333 0.063542 0.237037
0 0.552865 0.763889 0.040104 0.216667
0 0.393750 0.162500 0.033333 0.154630
0 0.184115 0.239815 0.025521 0.155556
0 0.651563 0.082407 0.031250 0.109259
0 0.170313 0.851852 0.038542 0.240741
0 0.129948 0.828241 0.046354 0.250926
0 0.281771 0.166204 0.030208 0.158333
0 0.173698 0.125000 0.023438 0.151852
0 0.200521 0.182870 0.027083 0.162037
0 0.897396 0.669444 0.042708 0.198148
0 0.163542 0.194444 0.027083 0.157407
0 0.128906 0.200000 0.031771 0.146296
0 0.471875 0.039815 0.025000 0.150000
0 0.224219 0.250000 0.031771 0.168519
0 0.258333 0.215741 0.037500 0.172222
0 0.919010 0.405556 0.045312 0.198148
0 0.857292 0.373148 0.033333 0.179630
0 0.793490 0.055093 0.029687 0.136111
0 0.923958 0.264815 0.031250 0.159259
0 0.887240 0.101852 0.026562 0.153704
0 0.855990 0.098611 0.028646 0.162037
0 0.978646 0.267130 0.040625 0.175000
0 0.219531 0.094444 0.023438 0.146296
0 0.194010 0.100926 0.029687 0.135185
