0 0.843229 0.653241 0.045833 0.217593
0 0.257813 0.039352 0.031250 0.163889
0 0.377083 0.636574 0.051042 0.237963
0 0.915885 0.519444 0.041146 0.194444
0 0.541406 0.978704 0.039063 0.242593
0 0.377865 0.242593 0.040104 0.103704
0 0.367969 0.325463 0.029687 0.112037
0 0.433073 0.212963 0.030729 0.157407
0 0.521094 0.005556 0.025521 0.131481
0 0.493229 0.000463 0.028125 0.143519
0 0.333333 0.126852 0.020833 0.131481
0 0.130469 0.342130 0.031771 0.173148
0 0.097396 0.329630 0.030208 0.190741
0 0.581510 0.898148 0.064062 0.244444
0 0.619010 0.897685 0.051562 0.228704
0 0.403385 0.145370 0.021354 0.140741
0 0.440104 0.133333 0.025000 0.151852
0 0.254948 0.178241 0.025521 0.145370
0 0.651563 0.082407 0.031250 0.109259
0 0.150781 0.990741 0.043229 0.214815
0 0.181250 0.947222 0.051042 0.253704
0 0.303646 0.184722 0.025000 0.160185
0 0.169531 0.091667 0.029687 0.148148
0 0.200521 0.183333 0.027083 0.161111
0 0.163021 0.193056 0.025000 0.156481
0 0.125260 0.200000 0.026562 0.148148
0 0.467969 0.018981 0.025521 0.149074
0 0.211458 0.325000 0.034375 0.177778
0 0.264062 0.139815 0.031250 0.162963
0 0.879687 0.318056 0.040625 0.184259
0 0.827083 0.302315 0.029167 0.171296
0 0.786458 0.070370 0.030208 0.131481
0 0.981510 0.329167 0.034896 0.163889
0 0.870573 0.045370 0.027604 0.140741
0 0.823698 0.035648 0.027604 0.152778
0 0.233333 0.136574 0.022917 0.154630
0 0.208854 0.143519 0.027083 0.138889
0 0.202865 0.013426 0.026562 0.141667
