0 0.843750 0.651389 0.044792 0.219444
0 0.256250 0.043519 0.031250 0.162963
0 0.390365 0.647222 0.040104 0.227778
0 0.915104 0.519907 0.042708 0.193519
0 0.544271 0.976852 0.040625 0.242593
0 0.377865 0.242593 0.040104 0.103704
0 0.367969 0.325463 0.029687 0.112037
0 0.432292 0.212500 0.032292 0.158333
0 0.522917 0.008796 0.026042 0.132407
0 0.494271 0.004630 0.028125 0.144444
0 0.333073 0.127315 0.021354 0.132407
0 0.127344 0.345833 0.031771 0.173148
0 0.095052 0.332407 0.030729 0.190741
0 0.575781 0.888426 0.067187 0.245370
0 0.612500 0.887037 0.050000 0.229630
0 0.403906 0.145370 0.021354 0.140741
0 0.441146 0.136574 0.027083 0.152778
0 0.250260 0.182407 0.025521 0.146296
0 0.651563 0.082407 0.031250 0.109259
0 0.150521 0.982407 0.042708 0.227778
0 0.178646 0.935648 0.053125 0.254630
0 0.302604 0.184722 0.025000 0.158333
0 0.171875 0.094444 0.029167 0.148148
0 0.200521 0.183333 0.027083 0.161111
0 0.163281 0.193056 0.025521 0.156481
0 0.125521 0.200926 0.025000 0.148148
0 0.467969 0.020833 0.025521 0.149074
0 0.213542 0.319444 0.034375 0.177778
0 0.259375 0.150000 0.030208 0.166667
0 0.878906 0.322222 0.040104 0.185185
0 0.828385 0.306944 0.030729 0.171296
0 0.786458 0.070370 0.030208 0.131481
0 0.976302 0.324074 0.033854 0.164815
0 0.872656 0.053704 0.027604 0.140741
0 0.827344 0.040741 0.027604 0.153704
0 0.231771 0.131944 0.022917 0.154630
0 0.204687 0.012500 0.026042 0.141667
