0 0.847917 0.650926 0.035417 0.216667
0 0.250000 0.059259 0.033333 0.164815
0 0.420573 0.669444 0.051562 0.233333
0 0.914063 0.519444 0.044792 0.196296
0 0.555469 0.982407 0.043229 0.235185
0 0.377865 0.242593 0.040104 0.103704
0 0.367969 0.325463 0.029687 0.112037
0 0.426302 0.215741 0.034896 0.159259
0 0.527344 0.022222 0.026562 0.133333
0 0.497396 0.016667 0.028125 0.144444
0 0.327344 0.126852 0.019271 0.133333
0 0.114583 0.368981 0.033333 0.178704
0 0.085938 0.350926 0.027083 0.194444
0 0.552604 0.833796 0.061458 0.234259
0 0.585677 0.842130 0.047396 0.226852
0 0.404167 0.146296 0.023958 0.138889
0 0.427865 0.151389 0.031771 0.154630
0 0.227344 0.208796 0.024479 0.147222
0 0.651563 0.082407 0.031250 0.109259
0 0.149219 0.931019 0.042188 0.239815
0 0.139583 0.890741 0.045833 0.257407
0 0.293490 0.183796 0.030729 0.160185
0 0.167969 0.112963 0.024479 0.150000
0 0.200521 0.183333 0.027083 0.161111
0 0.984375 0.749074 0.041667 0.211111
0 0.163542 0.193519 0.026042 0.157407
0 0.128646 0.200000 0.031250 0.146296
0 0.469271 0.028241 0.026042 0.149074
0 0.214583 0.291204 0.031250 0.176852
0 0.252604 0.175000 0.034375 0.168519
0 0.886719 0.358333 0.047396 0.187037
0 0.831510 0.334722 0.028646 0.171296
0 0.791927 0.068056 0.028646 0.132407
0 0.951302 0.302315 0.035937 0.162037
0 0.877344 0.070370 0.026562 0.148148
0 0.842969 0.066204 0.027604 0.158333
0 0.226042 0.123611 0.023958 0.158333
0 0.215625 -0.006944 0.026042 0.141667
