0 0.848437 0.650000 0.035417 0.216667
0 0.251302 0.055556 0.032813 0.164815
0 0.413281 0.665741 0.045312 0.229630
0 0.915885 0.518981 0.041146 0.195370
0 0.553125 0.982407 0.043750 0.235185
0 0.377865 0.242593 0.040104 0.103704
0 0.367969 0.325463 0.029687 0.112037
0 0.426302 0.215278 0.033854 0.158333
0 0.526302 0.020370 0.026562 0.133333
0 0.496875 0.012963 0.028125 0.144444
0 0.329688 0.127315 0.020833 0.134259
0 0.117708 0.362037 0.033333 0.175926
0 0.086458 0.344444 0.027083 0.190741
0 0.556771 0.844444 0.059375 0.238889
0 0.591146 0.847685 0.048958 0.221296
0 0.404427 0.144907 0.023438 0.139815
0 0.431771 0.147222 0.030208 0.153704
0 0.233333 0.203704 0.025000 0.146296
0 0.651563 0.082407 0.031250 0.109259
0 0.148698 0.943519 0.042188 0.240741
0 0.294792 0.185185 0.030208 0.157407
0 0.170833 0.108333 0.026042 0.150000
0 0.200521 0.183333 0.027083 0.161111
0 0.163542 0.193519 0.026042 0.157407
0 0.127865 0.200000 0.029687 0.146296
0 0.468229 0.028241 0.026042 0.149074
0 0.213021 0.297222 0.032292 0.177778
0 0.256771 0.169444 0.034375 0.168519
0 0.886979 0.348148 0.041667 0.185185
0 0.830469 0.325463 0.028646 0.171296
0 0.789844 0.069444 0.029687 0.131481
0 0.959375 0.304167 0.035417 0.162037
0 0.877344 0.064815 0.026562 0.148148
0 0.839844 0.056019 0.027604 0.158333
0 0.228125 0.124537 0.023958 0.156481
0 0.212500 -0.004167 0.026042 0.141667
