0 0.846354 0.650926 0.035417 0.216667
0 0.250521 0.066204 0.033333 0.163889
0 0.430990 0.670370 0.043229 0.237037
0 0.914844 0.519444 0.042188 0.196296
0 0.557552 0.982407 0.043229 0.235185
0 0.377865 0.242593 0.040104 0.103704
0 0.367969 0.325463 0.029687 0.112037
0 0.423698 0.214352 0.033854 0.156481
0 0.529167 0.028704 0.027083 0.137037
0 0.497656 0.019444 0.028646 0.146296
0 0.322396 0.128241 0.018750 0.136111
0 0.108594 0.372685 0.033854 0.176852
0 0.080208 0.351852 0.027083 0.194444
0 0.544792 0.818056 0.064583 0.237963
0 0.576302 0.826389 0.043229 0.225000
0 0.404687 0.148148 0.023958 0.138889
0 0.421354 0.151852 0.028125 0.155556
0 0.219271 0.216204 0.027083 0.150926
0 0.651563 0.082407 0.031250 0.109259
0 0.154688 0.913426 0.041667 0.239815
0 0.130208 0.881019 0.048958 0.258333
0 0.287500 0.180556 0.031250 0.159259
0 0.200521 0.183333 0.027083 0.161111
0 0.163542 0.193519 0.026042 0.157407
0 0.128646 0.200000 0.031250 0.146296
0 0.470573 0.028241 0.025521 0.149074
0 0.216667 0.281019 0.031250 0.176852
0 0.253646 0.181019 0.034375 0.167593
0 0.892448 0.361574 0.041146 0.184259
0 0.837240 0.339815 0.028646 0.172222
0 0.789844 0.065278 0.028646 0.132407
0 0.944531 0.293056 0.035937 0.162037
0 0.877344 0.074074 0.026562 0.148148
0 0.845833 0.066204 0.028125 0.158333
0 1.005208 0.320833 0.037500 0.178704
0 0.224219 0.115278 0.024479 0.152778
