0 0.847656 0.650463 0.038021 0.217593
0 0.253125 0.050463 0.032292 0.163889
0 0.403125 0.661574 0.043750 0.228704
0 0.916146 0.518519 0.041667 0.194444
0 0.548698 0.978241 0.043229 0.234259
0 0.377865 0.242593 0.040104 0.103704
0 0.367969 0.325463 0.029687 0.112037
0 0.428646 0.214815 0.035417 0.157407
0 0.525781 0.014815 0.026562 0.133333
0 0.495833 0.008333 0.028125 0.144444
0 0.331771 0.127778 0.021875 0.133333
0 0.121875 0.355556 0.032292 0.174074
0 0.089844 0.338889 0.030729 0.188889
0 0.563021 0.864352 0.063542 0.245370
0 0.599740 0.866667 0.049479 0.224074
0 0.404687 0.144907 0.021875 0.139815
0 0.438281 0.142593 0.029687 0.153704
0 0.241406 0.197222 0.025521 0.146296
0 0.651563 0.082407 0.031250 0.109259
0 0.149740 0.960185 0.042188 0.240741
0 0.166927 0.913426 0.053646 0.256481
0 0.297396 0.186574 0.027083 0.154630
0 0.173177 0.102315 0.027604 0.149074
0 0.200521 0.183333 0.027083 0.161111
0 0.163281 0.193056 0.025521 0.156481
0 0.127604 0.200463 0.027083 0.147222
0 0.467708 0.026389 0.026042 0.149074
0 0.213021 0.304630 0.033333 0.177778
0 0.258073 0.157407 0.031771 0.164815
0 0.884896 0.340278 0.034375 0.186111
0 0.829427 0.319444 0.028646 0.172222
0 0.787500 0.070370 0.030208 0.131481
0 0.967187 0.312500 0.036458 0.163889
0 0.875521 0.058796 0.027083 0.143519
0 0.834635 0.046759 0.027604 0.156481
0 0.230469 0.128704 0.023438 0.155556
0 0.205729 0.137500 0.027083 0.139815
0 0.208073 0.000463 0.026562 0.141667
