0 0.846354 0.650926 0.035417 0.216667
0 0.250521 0.065278 0.033333 0.163889
0 0.429688 0.670370 0.044792 0.238889
0 0.914844 0.519444 0.042188 0.196296
0 0.557292 0.982407 0.043750 0.235185
0 0.377865 0.242593 0.040104 0.103704
0 0.367969 0.325463 0.029687 0.112037
0 0.423958 0.214352 0.034375 0.156481
0 0.528646 0.027778 0.027083 0.137037
0 0.497656 0.018981 0.028646 0.145370
0 0.322917 0.127778 0.018750 0.135185
0 0.109375 0.371759 0.033333 0.176852
0 0.080729 0.351852 0.027083 0.194444
0 0.545833 0.819907 0.064583 0.237963
0 0.577604 0.828241 0.043750 0.225000
0 0.404687 0.148148 0.023958 0.138889
0 0.422135 0.151852 0.028646 0.155556
0 0.220052 0.215278 0.026562 0.150926
0 0.651563 0.082407 0.031250 0.109259
0 0.153906 0.915278 0.042188 0.239815
0 0.131250 0.881944 0.048958 0.258333
0 0.288281 0.181019 0.030729 0.160185
0 0.166406 0.113426 0.024479 0.150926
0 0.200521 0.183333 0.027083 0.161111
0 0.163542 0.193519 0.026042 0.157407
0 0.128646 0.200000 0.031250 0.146296
0 0.470312 0.028241 0.026042 0.149074
0 0.216667 0.281944 0.031250 0.176852
0 0.253125 0.180556 0.034375 0.168519
0 0.891667 0.361574 0.041667 0.184259
0 0.836719 0.339352 0.028646 0.171296
0 0.790365 0.066204 0.028646 0.132407
0 0.945052 0.293981 0.035937 0.162037
0 0.877344 0.074074 0.026562 0.148148
0 0.845313 0.066204 0.028125 0.158333
0 1.005729 0.321759 0.037500 0.178704
0 0.224479 0.116667 0.023958 0.153704
