0 0.832031 0.664815 0.033854 0.224074
0 0.253646 0.086111 0.039583 0.164815
0 0.448437 0.681481 0.036458 0.237037
0 0.916146 0.518519 0.040625 0.192593
0 0.561458 0.979167 0.043750 0.237963
0 0.377865 0.242593 0.040104 0.103704
0 0.367969 0.325463 0.029687 0.112037
0 0.425000 0.212963 0.029167 0.157407
0 0.532292 0.042130 0.027083 0.137963
0 0.499219 0.033333 0.028646 0.148148
0 0.308594 0.132870 0.020313 0.143519
0 0.099479 0.388426 0.033333 0.173148
0 0.071615 0.367130 0.031771 0.193519
0 0.522656 0.772685 0.061979 0.237963
0 0.556250 0.778704 0.039583 0.216667
0 0.397917 0.162963 0.033333 0.155556
0 0.190885 0.231481 0.024479 0.153704
0 0.651563 0.082407 0.031250 0.109259
0 0.165365 0.864815 0.040104 0.240741
0 0.126823 0.842130 0.046354 0.250926
0 0.283073 0.169444 0.028646 0.159259
0 0.171875 0.124074 0.021875 0.151852
0 0.200521 0.182870 0.027083 0.162037
0 0.916146 0.682870 0.040625 0.199074
0 0.163542 0.194444 0.027083 0.157407
0 0.128906 0.200000 0.031771 0.146296
0 0.473698 0.037963 0.024479 0.150000
0 0.221615 0.256481 0.031771 0.168519
0 0.257031 0.208333 0.035937 0.170370
0 0.914583 0.393056 0.044792 0.191667
0 0.851823 0.366667 0.032813 0.179630
0 0.791927 0.058796 0.029687 0.136111
0 0.929948 0.269444 0.029687 0.159259
0 0.885417 0.094907 0.027083 0.152778
0 0.853906 0.090278 0.028646 0.160185
0 0.981250 0.282407 0.035417 0.175926
0 0.219531 0.099074 0.023438 0.146296
0 0.196094 0.106481 0.029687 0.135185
