0 0.847396 0.650926 0.035417 0.216667
0 0.250000 0.060648 0.033333 0.163889
0 0.422917 0.669907 0.050000 0.237963
0 0.914063 0.519444 0.043750 0.196296
0 0.555990 0.982407 0.043229 0.235185
0 0.377865 0.242593 0.040104 0.103704
0 0.367969 0.325463 0.029687 0.112037
0 0.425521 0.215278 0.034375 0.158333
0 0.527604 0.023611 0.027083 0.134259
0 0.497396 0.017130 0.028125 0.145370
0 0.325781 0.126852 0.019271 0.133333
0 0.113021 0.369444 0.033333 0.177778
0 0.084375 0.350926 0.027083 0.194444
0 0.550521 0.829630 0.062500 0.235185
0 0.583073 0.837963 0.046354 0.225926
0 0.404167 0.146296 0.023958 0.138889
0 0.426042 0.151389 0.031250 0.154630
0 0.225000 0.210185 0.025000 0.148148
0 0.651563 0.082407 0.031250 0.109259
0 0.150260 0.926389 0.042188 0.239815
0 0.136979 0.887963 0.046875 0.257407
0 0.291927 0.182870 0.030729 0.160185
0 0.167448 0.112963 0.024479 0.150000
0 0.200521 0.183333 0.027083 0.161111
0 0.980469 0.744444 0.042188 0.209259
0 0.163542 0.193519 0.026042 0.157407
0 0.128646 0.200000 0.031250 0.146296
0 0.469531 0.028241 0.025521 0.149074
0 0.215104 0.288426 0.031250 0.176852
0 0.251563 0.177778 0.034375 0.168519
0 0.887500 0.360185 0.046875 0.187037
0 0.832552 0.336574 0.028646 0.171296
0 0.791927 0.067130 0.028646 0.132407
0 0.949219 0.299537 0.035937 0.162037
0 0.877344 0.072222 0.026562 0.148148
0 0.843490 0.066204 0.027604 0.158333
0 0.225521 0.122685 0.023958 0.158333
0 0.216406 -0.006944 0.026562 0.141667
