0 0.844792 0.653704 0.048958 0.216667
0 0.261458 0.030093 0.031250 0.167593
0 0.358333 0.623611 0.041667 0.234259
0 0.914063 0.518519 0.045833 0.194444
0 0.535937 0.984259 0.039583 0.231481
0 0.377865 0.242593 0.040104 0.103704
0 0.367969 0.325463 0.029687 0.112037
0 0.433073 0.213889 0.031771 0.157407
0 0.519010 -0.002315 0.025521 0.130556
0 0.490885 -0.006481 0.027604 0.140741
0 0.333333 0.126852 0.020833 0.131481
0 0.137760 0.331019 0.031771 0.171296
0 0.102083 0.324074 0.030208 0.190741
0 0.590365 0.924074 0.064062 0.242593
0 0.630469 0.926389 0.051562 0.228704
0 0.402865 0.145370 0.021354 0.140741
0 0.430469 0.126852 0.027604 0.151852
0 0.264062 0.168519 0.023958 0.144444
0 0.651563 0.082407 0.031250 0.109259
0 0.153385 1.005093 0.043229 0.189815
0 0.189583 0.970833 0.053125 0.249074
0 0.305208 0.185648 0.025000 0.160185
0 0.165625 0.087037 0.028125 0.146296
0 0.200521 0.183333 0.027083 0.161111
0 0.163021 0.193056 0.025000 0.156481
0 0.126302 0.199074 0.027604 0.148148
0 0.466667 0.012500 0.026042 0.149074
0 0.206771 0.342130 0.033333 0.180556
0 0.268490 0.125926 0.031771 0.161111
0 0.878906 0.303704 0.036979 0.183333
0 0.824219 0.284722 0.026562 0.167593
0 0.786458 0.070370 0.030208 0.131481
0 0.993229 0.343981 0.036458 0.163889
0 0.862500 0.036111 0.027083 0.140741
0 0.814583 0.024537 0.027083 0.150926
0 0.236458 0.141667 0.025000 0.153704
0 0.215625 0.151389 0.023958 0.141667
0 0.234896 0.027778 0.029167 0.144444
0 0.202865 0.022685 0.026562 0.141667
