0 0.844531 0.654167 0.048438 0.215741
0 0.260937 0.031481 0.031250 0.166667
0 0.360938 0.625463 0.042708 0.234259
0 0.914844 0.518519 0.044271 0.194444
0 0.536458 0.983333 0.039583 0.233333
0 0.377865 0.242593 0.040104 0.103704
0 0.367969 0.325463 0.029687 0.112037
0 0.433073 0.213889 0.031771 0.157407
0 0.519010 -0.001389 0.025521 0.130556
0 0.490885 -0.006481 0.027604 0.140741
0 0.333333 0.126852 0.020833 0.131481
0 0.136719 0.333333 0.031771 0.172222
0 0.101563 0.325000 0.030208 0.190741
0 0.589323 0.920370 0.063021 0.242593
0 0.629167 0.922685 0.052083 0.228704
0 0.402865 0.145370 0.021354 0.140741
0 0.432552 0.127778 0.026562 0.151852
0 0.263021 0.170370 0.023958 0.144444
0 0.651563 0.082407 0.031250 0.109259
0 0.152865 1.003241 0.043229 0.193519
0 0.188021 0.967593 0.052083 0.250000
0 0.305208 0.185648 0.025000 0.160185
0 0.165885 0.087500 0.028646 0.147222
0 0.200521 0.183333 0.027083 0.161111
0 0.163021 0.193056 0.025000 0.156481
0 0.126042 0.199074 0.028125 0.148148
0 0.466667 0.013426 0.026042 0.149074
0 0.207292 0.338889 0.033333 0.179630
0 0.267969 0.126852 0.031771 0.161111
0 0.879427 0.306481 0.038021 0.183333
0 0.824479 0.287963 0.027083 0.168519
0 0.786458 0.070370 0.030208 0.131481
0 0.991667 0.341204 0.036458 0.163889
0 0.863542 0.036111 0.027083 0.140741
0 0.815625 0.025463 0.027083 0.150926
0 0.236198 0.141667 0.024479 0.153704
0 0.215365 0.150463 0.023438 0.141667
0 0.234896 0.027778 0.029167 0.144444
0 0.202865 0.021759 0.026562 0.141667
