0 0.830208 0.664815 0.036458 0.224074
0 0.253385 0.089352 0.039063 0.165741
0 0.448437 0.683333 0.038542 0.237037
0 0.915885 0.519907 0.041146 0.189815
0 0.562500 0.979167 0.043750 0.237963
0 0.377865 0.242593 0.040104 0.103704
0 0.367969 0.325463 0.029687 0.112037
0 0.425781 0.213426 0.029687 0.158333
0 0.533333 0.042130 0.027083 0.137963
0 0.499740 0.036111 0.028646 0.148148
0 0.305469 0.133796 0.020313 0.143519
0 0.097917 0.390278 0.032292 0.173148
0 0.068490 0.368519 0.025521 0.192593
0 0.519010 0.763426 0.063021 0.237963
0 0.554167 0.769444 0.040625 0.216667
0 0.396354 0.162500 0.033333 0.154630
0 0.186719 0.237037 0.025521 0.155556
0 0.651563 0.082407 0.031250 0.109259
0 0.169010 0.859259 0.039063 0.240741
0 0.128385 0.836574 0.045312 0.252778
0 0.283073 0.166667 0.029687 0.157407
0 0.172917 0.125000 0.021875 0.151852
0 0.200521 0.182870 0.027083 0.162037
0 0.903646 0.675463 0.046875 0.199074
0 0.163542 0.194444 0.027083 0.157407
0 0.128906 0.200000 0.031771 0.146296
0 0.472656 0.039815 0.024479 0.150000
0 0.224219 0.254630 0.031771 0.168519
0 0.257813 0.212500 0.037500 0.171296
0 0.916406 0.401389 0.046354 0.197222
0 0.855469 0.370370 0.033854 0.179630
0 0.792969 0.056019 0.029687 0.136111
0 0.925781 0.267593 0.029687 0.159259
0 0.886458 0.099074 0.027083 0.153704
0 0.855469 0.095833 0.028646 0.162037
0 0.979687 0.272685 0.038542 0.175000
0 0.219531 0.095370 0.023438 0.146296
0 0.195052 0.102778 0.029687 0.135185
