0 0.848437 0.650000 0.036458 0.216667
0 0.252604 0.052315 0.032292 0.163889
0 0.406250 0.662500 0.042708 0.226852
0 0.916927 0.518519 0.040104 0.194444
0 0.550521 0.981019 0.043750 0.234259
0 0.377865 0.242593 0.040104 0.103704
0 0.367969 0.325463 0.029687 0.112037
0 0.427344 0.214815 0.033854 0.157407
0 0.525781 0.017593 0.026562 0.133333
0 0.496354 0.010185 0.028125 0.144444
0 0.331510 0.127778 0.021354 0.133333
0 0.120573 0.356944 0.032813 0.173148
0 0.088281 0.339352 0.028646 0.187963
0 0.560937 0.856481 0.059375 0.244444
0 0.596615 0.857407 0.049479 0.220370
0 0.404948 0.144907 0.022396 0.139815
0 0.435937 0.144444 0.029167 0.153704
0 0.239323 0.199074 0.025521 0.146296
0 0.651563 0.082407 0.031250 0.109259
0 0.148698 0.955556 0.042188 0.240741
0 0.161979 0.909722 0.051042 0.256481
0 0.296354 0.186574 0.029167 0.154630
0 0.173177 0.104167 0.027604 0.149074
0 0.200521 0.183333 0.027083 0.161111
0 0.163281 0.193056 0.025521 0.156481
0 0.127604 0.200463 0.028125 0.147222
0 0.467708 0.027315 0.026042 0.149074
0 0.212500 0.302315 0.033333 0.178704
0 0.258073 0.161574 0.032813 0.165741
0 0.885937 0.341667 0.036458 0.185185
0 0.829688 0.320370 0.028125 0.172222
0 0.788021 0.070370 0.030208 0.131481
0 0.965885 0.308333 0.035937 0.162963
0 0.876563 0.060648 0.027083 0.145370
0 0.836458 0.048148 0.028125 0.157407
0 0.229948 0.126852 0.023438 0.155556
0 0.209115 -0.002315 0.026562 0.141667
