0 0.847917 0.650000 0.035417 0.216667
0 0.250000 0.058333 0.033333 0.164815
0 0.419010 0.668519 0.050521 0.233333
0 0.914323 0.518981 0.044271 0.195370
0 0.554948 0.982407 0.043229 0.235185
0 0.377865 0.242593 0.040104 0.103704
0 0.367969 0.325463 0.029687 0.112037
0 0.426042 0.215278 0.034375 0.158333
0 0.526823 0.021296 0.026562 0.133333
0 0.496875 0.015741 0.028125 0.144444
0 0.327604 0.126852 0.019792 0.133333
0 0.115104 0.367593 0.033333 0.177778
0 0.085938 0.349537 0.027083 0.193519
0 0.553125 0.835185 0.061458 0.235185
0 0.586458 0.842593 0.047917 0.225926
0 0.404167 0.145370 0.023958 0.138889
0 0.428385 0.150463 0.031771 0.154630
0 0.228125 0.207870 0.025000 0.147222
0 0.651563 0.082407 0.031250 0.109259
0 0.148698 0.932870 0.042188 0.239815
0 0.141406 0.891667 0.046354 0.257407
0 0.293490 0.183796 0.030729 0.160185
0 0.168229 0.112037 0.025000 0.150000
0 0.200521 0.183333 0.027083 0.161111
0 0.986458 0.750463 0.041667 0.210185
0 0.163542 0.193519 0.026042 0.157407
0 0.128385 0.200000 0.030729 0.146296
0 0.469010 0.028241 0.025521 0.149074
0 0.214062 0.292130 0.031250 0.176852
0 0.253125 0.174074 0.034375 0.168519
0 0.886719 0.356481 0.046354 0.187037
0 0.831510 0.332870 0.028646 0.171296
0 0.791667 0.068056 0.029167 0.132407
0 0.952344 0.302315 0.035937 0.162037
0 0.877344 0.069444 0.026562 0.148148
0 0.842448 0.064352 0.027604 0.158333
0 0.226563 0.123611 0.023958 0.158333
0 0.215104 -0.006019 0.026042 0.141667
