0 0.833854 0.664815 0.031250 0.224074
0 0.254167 0.083333 0.039583 0.164815
0 0.448698 0.680093 0.034896 0.237963
0 0.916667 0.517593 0.040625 0.194444
0 0.560677 0.980093 0.043229 0.237963
0 0.377865 0.242593 0.040104 0.103704
0 0.367969 0.325463 0.029687 0.112037
0 0.424740 0.212963 0.028646 0.157407
0 0.531250 0.042130 0.027083 0.137963
0 0.499219 0.030556 0.028646 0.148148
0 0.312240 0.131944 0.020313 0.143519
0 0.101302 0.387037 0.034896 0.174074
0 0.074740 0.366204 0.038021 0.195370
0 0.526823 0.782407 0.060937 0.238889
0 0.558333 0.788426 0.038542 0.215741
0 0.399479 0.163426 0.033333 0.156481
0 0.195573 0.226852 0.023438 0.151852
0 0.651563 0.082407 0.031250 0.109259
0 0.161979 0.871296 0.041667 0.240741
0 0.125260 0.848148 0.047396 0.250000
0 0.283333 0.173148 0.027083 0.161111
0 0.171354 0.123148 0.021875 0.151852
0 0.200521 0.182870 0.027083 0.162037
0 0.928646 0.691204 0.034375 0.199074
0 0.164063 0.194444 0.027083 0.157407
0 0.128906 0.200000 0.031771 0.146296
0 0.161719 0.161574 0.029687 0.163889
0 0.475000 0.037037 0.025000 0.150000
0 0.219010 0.258333 0.031771 0.168519
0 0.256771 0.204167 0.034375 0.169444
0 0.911719 0.385648 0.043229 0.186111
0 0.848437 0.362500 0.031250 0.178704
0 0.790365 0.061111 0.029687 0.135185
0 0.934115 0.272222 0.029687 0.159259
0 0.884375 0.091667 0.027083 0.151852
0 0.852604 0.085648 0.028125 0.158333
0 0.985677 0.288889 0.034896 0.175926
0 0.220052 0.102778 0.023438 0.146296
0 0.196615 0.108333 0.029687 0.135185
