0 0.832552 0.664815 0.032813 0.224074
0 0.253646 0.084722 0.039583 0.165741
0 0.448177 0.680556 0.035937 0.237037
0 0.916146 0.518056 0.040625 0.193519
0 0.560937 0.979630 0.043750 0.237037
0 0.377865 0.242593 0.040104 0.103704
0 0.367969 0.325463 0.029687 0.112037
0 0.424740 0.212963 0.028646 0.157407
0 0.531771 0.042130 0.027083 0.137963
0 0.499219 0.031481 0.028646 0.148148
0 0.310156 0.131944 0.020313 0.143519
0 0.100000 0.387500 0.034375 0.173148
0 0.072656 0.366667 0.033854 0.194444
0 0.524219 0.776389 0.061979 0.237963
0 0.557031 0.782407 0.039063 0.216667
0 0.398438 0.162963 0.033333 0.155556
0 0.192708 0.229167 0.023958 0.152778
0 0.651563 0.082407 0.031250 0.109259
0 0.163802 0.867593 0.041146 0.240741
0 0.126042 0.843981 0.046875 0.250926
0 0.283073 0.170833 0.027604 0.160185
0 0.171354 0.123148 0.021875 0.151852
0 0.200521 0.182870 0.027083 0.162037
0 0.921094 0.685648 0.038021 0.199074
0 0.163542 0.194444 0.027083 0.157407
0 0.128906 0.200000 0.031771 0.146296
0 0.473958 0.037037 0.025000 0.150000
0 0.220573 0.256481 0.031771 0.168519
0 0.256510 0.206481 0.034896 0.170370
0 0.913802 0.389815 0.044271 0.188889
0 0.850521 0.365278 0.032292 0.178704
0 0.791406 0.059722 0.029687 0.136111
0 0.931510 0.270370 0.029687 0.159259
0 0.884896 0.093056 0.027083 0.152778
0 0.853125 0.087963 0.028125 0.159259
0 0.982552 0.286111 0.034896 0.175926
0 0.219531 0.100926 0.023438 0.146296
0 0.196615 0.107407 0.029687 0.135185
