0 0.845313 0.650926 0.041667 0.218519
0 0.254948 0.046759 0.031771 0.163889
0 0.395833 0.656944 0.044792 0.230556
0 0.914583 0.518519 0.043750 0.194444
0 0.545052 0.974537 0.042188 0.236111
0 0.377865 0.242593 0.040104 0.103704
0 0.367969 0.325463 0.029687 0.112037
0 0.431250 0.213889 0.036458 0.155556
0 0.524740 0.009259 0.026562 0.133333
0 0.494792 0.005556 0.028125 0.144444
0 0.332292 0.127315 0.022917 0.132407
0 0.124219 0.351852 0.031771 0.174074
0 0.092969 0.335648 0.032813 0.191667
0 0.568750 0.879630 0.068750 0.248148
0 0.606510 0.881944 0.049479 0.230556
0 0.403906 0.145370 0.021354 0.140741
0 0.441667 0.139352 0.029167 0.152778
0 0.246615 0.190741 0.025521 0.146296
0 0.651563 0.082407 0.031250 0.109259
0 0.150521 0.971759 0.042708 0.237963
0 0.175521 0.923148 0.056250 0.255556
0 0.300000 0.186111 0.023958 0.155556
0 0.172656 0.097685 0.027604 0.149074
0 0.200521 0.183333 0.027083 0.161111
0 0.163281 0.193056 0.025521 0.156481
0 0.126823 0.200926 0.025521 0.148148
0 0.467969 0.023611 0.025521 0.149074
0 0.213542 0.311111 0.034375 0.177778
0 0.258333 0.151852 0.030208 0.164815
0 0.882031 0.332870 0.033854 0.186111
0 0.828906 0.314352 0.029687 0.171296
0 0.786458 0.070370 0.030208 0.131481
0 0.971354 0.319907 0.036458 0.165741
0 0.873698 0.055556 0.027604 0.140741
0 0.830469 0.043519 0.027604 0.153704
0 0.231510 0.131481 0.023438 0.155556
0 0.206510 0.009722 0.026562 0.141667
