0 0.843229 0.654630 0.034375 0.218519
0 0.251042 0.072222 0.033333 0.162963
0 0.438802 0.675463 0.040104 0.237963
0 0.915625 0.520833 0.040625 0.197222
0 0.558594 0.981944 0.043229 0.236111
0 0.377865 0.242593 0.040104 0.103704
0 0.367969 0.325463 0.029687 0.112037
0 0.421875 0.213889 0.031250 0.157407
0 0.530208 0.031019 0.027083 0.137963
0 0.498177 0.022685 0.028646 0.147222
0 0.319010 0.129630 0.018229 0.137037
0 0.106250 0.377778 0.034375 0.177778
0 0.077865 0.355093 0.027604 0.191667
0 0.537500 0.806944 0.064583 0.239815
0 0.570313 0.810648 0.042708 0.215741
0 0.415104 0.156481 0.027083 0.155556
0 0.211719 0.220370 0.027604 0.151852
0 0.651563 0.082407 0.031250 0.109259
0 0.157292 0.900926 0.041667 0.240741
0 0.126562 0.870833 0.050000 0.258333
0 0.285156 0.178704 0.030729 0.159259
0 0.166667 0.115278 0.022917 0.150926
0 0.200521 0.182870 0.027083 0.162037
0 0.957552 0.718056 0.039063 0.199074
0 0.163802 0.193519 0.026562 0.157407
0 0.128646 0.200000 0.031250 0.146296
0 0.471875 0.030093 0.025000 0.149074
0 0.217708 0.276389 0.031250 0.176852
0 0.256250 0.187500 0.033333 0.167593
0 0.898438 0.368519 0.038542 0.183333
0 0.841146 0.346296 0.029167 0.174074
0 0.788802 0.063889 0.028646 0.131481
0 0.940104 0.286574 0.036458 0.160185
0 0.879167 0.079167 0.027083 0.149074
0 0.848958 0.072685 0.028125 0.158333
0 0.998958 0.310648 0.037500 0.178704
0 0.222656 0.109259 0.024479 0.148148
0 0.198177 0.114352 0.026562 0.137963
