0 0.843490 0.651389 0.045312 0.219444
0 0.256250 0.042593 0.031250 0.162963
0 0.389323 0.645370 0.039063 0.227778
0 0.915104 0.519907 0.042708 0.193519
0 0.544010 0.977315 0.040104 0.243519
0 0.377865 0.242593 0.040104 0.103704
0 0.367969 0.325463 0.029687 0.112037
0 0.432552 0.212500 0.031771 0.158333
0 0.522396 0.008796 0.026042 0.132407
0 0.494271 0.004630 0.028125 0.144444
0 0.333073 0.127315 0.021354 0.132407
0 0.127865 0.344907 0.031771 0.173148
0 0.095312 0.331481 0.030208 0.190741
0 0.576823 0.889815 0.067187 0.244444
0 0.613542 0.887963 0.050000 0.229630
0 0.403906 0.145370 0.021354 0.140741
0 0.441146 0.136111 0.027083 0.151852
0 0.250781 0.180556 0.025521 0.146296
0 0.651563 0.082407 0.031250 0.109259
0 0.150521 0.984259 0.042708 0.225926
0 0.178906 0.937500 0.052604 0.254630
0 0.303125 0.184259 0.025000 0.159259
0 0.171875 0.093519 0.029167 0.148148
0 0.200521 0.183333 0.027083 0.161111
0 0.163281 0.193056 0.025521 0.156481
0 0.125521 0.200926 0.025000 0.148148
0 0.467969 0.020833 0.025521 0.149074
0 0.213542 0.321296 0.034375 0.177778
0 0.259896 0.147685 0.030208 0.165741
0 0.878646 0.320833 0.040625 0.184259
0 0.828385 0.306019 0.030729 0.171296
0 0.786458 0.070370 0.030208 0.131481
0 0.977083 0.325000 0.033333 0.164815
0 0.872135 0.051852 0.027604 0.140741
0 0.826823 0.040741 0.027604 0.153704
0 0.232292 0.132870 0.022917 0.154630
0 0.207812 0.140741 0.027083 0.138889
0 0.204167 0.012500 0.026042 0.141667
