0 0.844792 0.650926 0.042708 0.218519
0 0.255208 0.045370 0.031250 0.162963
0 0.394010 0.653704 0.043229 0.229630
0 0.914844 0.518981 0.043229 0.193519
0 0.544792 0.975463 0.041667 0.237963
0 0.377865 0.242593 0.040104 0.103704
0 0.367969 0.325463 0.029687 0.112037
0 0.431510 0.213426 0.034896 0.156481
0 0.524219 0.009259 0.026562 0.133333
0 0.494792 0.005556 0.028125 0.144444
0 0.332552 0.127315 0.022396 0.132407
0 0.125260 0.350000 0.031771 0.174074
0 0.093750 0.334722 0.032292 0.191667
0 0.571094 0.882870 0.068229 0.247222
0 0.608594 0.883796 0.049479 0.230556
0 0.403906 0.145370 0.021354 0.140741
0 0.441406 0.138426 0.028646 0.152778
0 0.247656 0.187963 0.025521 0.146296
0 0.651563 0.082407 0.031250 0.109259
0 0.150521 0.975463 0.042708 0.234259
0 0.176563 0.927315 0.055208 0.254630
0 0.300781 0.185648 0.024479 0.156481
0 0.172396 0.096759 0.028125 0.149074
0 0.200521 0.183333 0.027083 0.161111
0 0.163281 0.193056 0.025521 0.156481
0 0.126302 0.200926 0.025521 0.148148
0 0.467969 0.022685 0.025521 0.149074
0 0.213542 0.313889 0.034375 0.177778
0 0.258594 0.150926 0.030729 0.164815
0 0.880990 0.329630 0.035937 0.185185
0 0.828906 0.312500 0.029687 0.171296
0 0.786458 0.070370 0.030208 0.131481
0 0.972917 0.321296 0.035417 0.164815
0 0.873177 0.054630 0.027604 0.140741
0 0.829427 0.042593 0.027604 0.153704
0 0.231771 0.131944 0.022917 0.154630
0 0.207292 0.138889 0.027083 0.138889
0 0.205990 0.011574 0.026562 0.141667
