0 0.843750 0.655093 0.046875 0.213889
0 0.259375 0.034722 0.031250 0.165741
0 0.367708 0.630093 0.046875 0.236111
0 0.916667 0.518056 0.040625 0.195370
0 0.537240 0.981019 0.039063 0.237963
0 0.377865 0.242593 0.040104 0.103704
0 0.367969 0.325463 0.029687 0.112037
0 0.432812 0.214352 0.031250 0.156481
0 0.519010 0.001389 0.025521 0.130556
0 0.491406 -0.005556 0.027604 0.140741
0 0.333333 0.126852 0.020833 0.131481
0 0.134115 0.338426 0.031771 0.175000
0 0.100000 0.325926 0.030208 0.190741
0 0.586979 0.910648 0.060417 0.243519
0 0.626042 0.913426 0.053125 0.228704
0 0.402865 0.145370 0.021354 0.140741
0 0.437500 0.129630 0.023958 0.151852
0 0.260677 0.175463 0.024479 0.145370
0 0.651563 0.082407 0.031250 0.109259
0 0.150781 0.999074 0.043229 0.201852
0 0.184375 0.959722 0.050000 0.252778
0 0.304688 0.185648 0.025000 0.160185
0 0.166406 0.088426 0.029687 0.147222
0 0.200521 0.183333 0.027083 0.161111
0 0.163021 0.193056 0.025000 0.156481
0 0.125521 0.199074 0.028125 0.148148
0 0.157292 0.143981 0.027083 0.149074
0 0.467187 0.016204 0.026042 0.149074
0 0.208854 0.330556 0.034375 0.177778
0 0.267448 0.131019 0.031771 0.160185
0 0.880208 0.313426 0.039583 0.184259
0 0.825781 0.295833 0.027604 0.169444
0 0.786458 0.070370 0.030208 0.131481
0 0.987500 0.335648 0.036458 0.163889
0 0.867188 0.037963 0.027083 0.140741
0 0.818229 0.027315 0.027083 0.150926
0 0.235156 0.140278 0.023438 0.154630
0 0.212240 0.147685 0.025521 0.139815
0 0.234896 0.025926 0.029167 0.144444
0 0.202865 0.019907 0.026562 0.141667
