0 0.844792 0.654630 0.048958 0.214815
0 0.282031 0.608333 0.050521 0.222222
0 0.915365 0.518981 0.049479 0.193519
0 0.503646 0.978241 0.038542 0.239815
0 0.377865 0.242593 0.040104 0.103704
0 0.367969 0.325463 0.029687 0.112037
0 0.433333 0.213426 0.033333 0.156481
0 0.509635 -0.024537 0.025521 0.130556
0 0.333854 0.126852 0.019792 0.131481
0 0.151042 0.309722 0.030208 0.169444
0 0.122396 0.301852 0.030208 0.187037
0 0.609115 0.987500 0.052604 0.223148
0 0.638542 0.992593 0.042708 0.211111
0 0.402604 0.145370 0.022917 0.140741
0 0.407031 0.122222 0.026562 0.157407
0 0.267969 0.136574 0.023438 0.143519
0 0.651563 0.082407 0.031250 0.109259
0 0.194271 1.023611 0.052083 0.152778
0 0.299219 0.185185 0.031771 0.161111
0 0.155990 0.067130 0.027604 0.141667
0 0.200260 0.183333 0.025521 0.159259
0 0.163021 0.193056 0.025000 0.156481
0 0.133854 0.198611 0.023958 0.147222
0 0.470312 0.004167 0.026042 0.149074
0 0.194271 0.382407 0.034375 0.190741
0 0.260417 0.092130 0.031250 0.154630
0 0.803125 0.993056 0.045833 0.204630
0 0.760417 1.004630 0.039583 0.190741
0 0.862240 0.268056 0.033854 0.173148
0 0.802604 0.253241 0.029167 0.163889
0 0.786458 0.071296 0.030208 0.131481
0 0.831250 0.007407 0.027083 0.140741
0 0.252865 0.167593 0.023438 0.161111
0 0.231510 0.173611 0.027604 0.143519
0 0.232031 0.059722 0.029687 0.143519
0 0.198177 0.046759 0.027604 0.141667
