0 0.845052 0.654630 0.049479 0.214815
0 0.219010 0.605093 0.058854 0.228704
0 0.916667 0.518519 0.051042 0.192593
0 0.456510 0.975000 0.039063 0.238889
0 0.377865 0.242593 0.040104 0.103704
0 0.367969 0.325463 0.029687 0.112037
0 0.433333 0.213889 0.032292 0.157407
0 0.165365 0.288426 0.029687 0.165741
0 0.138542 0.284722 0.031250 0.182407
0 0.402865 0.145370 0.024479 0.140741
0 0.263021 0.103241 0.022917 0.134259
0 0.651563 0.082407 0.031250 0.109259
0 0.305990 0.183333 0.025521 0.162963
0 0.171094 0.048611 0.026562 0.139815
0 0.200000 0.183333 0.025000 0.159259
0 0.163021 0.193519 0.025000 0.155556
0 0.129688 0.199074 0.028125 0.148148
0 0.472917 -0.010648 0.026042 0.149074
0 0.181510 0.427778 0.035937 0.196296
0 0.256771 0.056019 0.028125 0.149074
0 0.739583 0.905093 0.050000 0.232407
0 0.691927 0.925000 0.045312 0.227778
0 0.863021 0.229630 0.037500 0.172222
0 0.789583 0.228704 0.027083 0.159259
0 0.786458 0.072222 0.030208 0.131481
0 0.264062 0.201389 0.022917 0.163889
0 0.234896 0.202778 0.034375 0.150000
0 0.224479 0.084259 0.028125 0.148148
0 0.196094 0.080093 0.025521 0.141667
0 0.841927 -0.005556 0.022396 0.079630
0 0.582031 0.027315 0.039063 0.132407
