0 0.844792 0.654630 0.048958 0.214815
0 0.272135 0.608333 0.045312 0.222222
0 0.915625 0.518981 0.050000 0.193519
0 0.497396 0.978241 0.038542 0.239815
0 0.377865 0.242593 0.040104 0.103704
0 0.367969 0.325463 0.029687 0.112037
0 0.433333 0.213426 0.033333 0.156481
0 0.153125 0.306019 0.030208 0.169444
0 0.124740 0.300000 0.028646 0.187037
0 0.610156 0.994907 0.052604 0.212037
0 0.402865 0.146296 0.022396 0.140741
0 0.266406 0.131944 0.023438 0.143519
0 0.651563 0.082407 0.031250 0.109259
0 0.299219 0.185648 0.031771 0.160185
0 0.158073 0.066204 0.026562 0.139815
0 0.200260 0.183333 0.025521 0.159259
0 0.163021 0.193056 0.025000 0.156481
0 0.133073 0.198611 0.024479 0.147222
0 0.151302 0.166204 0.028646 0.162037
0 0.470833 0.002315 0.026042 0.149074
0 0.193229 0.389815 0.034375 0.190741
0 0.259375 0.085185 0.031250 0.153704
0 0.795052 0.986574 0.045312 0.217593
0 0.751042 0.996759 0.039583 0.206481
0 0.860417 0.260648 0.033333 0.171296
0 0.800521 0.248611 0.028125 0.163889
0 0.786458 0.071296 0.030208 0.131481
0 0.826823 0.003704 0.027604 0.140741
0 0.254948 0.172222 0.023438 0.161111
0 0.233073 0.177778 0.027604 0.140741
0 0.184635 0.034722 0.024479 0.130556
0 0.230469 0.065278 0.029687 0.143519
0 0.198958 0.055093 0.026042 0.141667
0 0.638802 0.047222 0.024479 0.135185
