0 0.845052 0.654630 0.049479 0.214815
0 0.236458 0.604630 0.041667 0.229630
0 0.916667 0.518981 0.052083 0.193519
0 0.469010 0.979167 0.039063 0.239815
0 0.377865 0.242593 0.040104 0.103704
0 0.367969 0.325463 0.029687 0.112037
0 0.433333 0.213889 0.032292 0.157407
0 0.159375 0.291204 0.029167 0.163889
0 0.133594 0.288889 0.030729 0.179630
0 0.593490 1.019444 0.052604 0.162963
0 0.636979 1.022685 0.048958 0.154630
0 0.402865 0.145833 0.024479 0.141667
0 0.262500 0.111574 0.022917 0.134259
0 0.651563 0.082407 0.031250 0.109259
0 0.304948 0.183796 0.025521 0.163889
0 0.165885 0.056944 0.026562 0.139815
0 0.200000 0.183333 0.025000 0.159259
0 0.163021 0.193519 0.025000 0.155556
0 0.129688 0.199074 0.027083 0.148148
0 0.151042 0.168056 0.029167 0.162037
0 0.472917 -0.007870 0.026042 0.149074
0 0.183073 0.415741 0.035937 0.194444
0 0.256510 0.061574 0.027604 0.149074
0 0.758073 0.933796 0.054688 0.234259
0 0.712500 0.947685 0.042708 0.228704
0 0.863802 0.232407 0.039063 0.166667
0 0.792188 0.231481 0.028125 0.157407
0 0.786458 0.071296 0.030208 0.131481
0 0.261458 0.187963 0.022917 0.162963
0 0.234896 0.188426 0.036458 0.145370
0 0.226563 0.075000 0.028125 0.146296
0 0.197396 0.071759 0.026042 0.141667
0 0.843750 -0.006481 0.018750 0.077778
0 0.601302 0.030093 0.031771 0.132407
