0 0.845052 0.654630 0.049479 0.214815
0 0.225260 0.604630 0.050521 0.229630
0 0.916927 0.518519 0.051562 0.192593
0 0.461719 0.977778 0.039063 0.238889
0 0.377865 0.242593 0.040104 0.103704
0 0.367969 0.325463 0.029687 0.112037
0 0.433333 0.213889 0.032292 0.157407
0 0.162500 0.288426 0.029167 0.163889
0 0.136458 0.285648 0.031250 0.180556
0 0.402865 0.145370 0.024479 0.140741
0 0.262500 0.106019 0.022917 0.134259
0 0.651563 0.082407 0.031250 0.109259
0 0.305729 0.183333 0.025000 0.162963
0 0.168490 0.052315 0.026562 0.139815
0 0.200000 0.183333 0.025000 0.159259
0 0.163021 0.193519 0.025000 0.155556
0 0.129688 0.199074 0.028125 0.148148
0 0.472917 -0.009722 0.026042 0.149074
0 0.181510 0.423148 0.035937 0.196296
0 0.256510 0.058333 0.027604 0.148148
0 0.747656 0.916667 0.051562 0.233333
0 0.701302 0.937037 0.043229 0.227778
0 0.863802 0.229630 0.038021 0.168519
0 0.790625 0.229167 0.027083 0.158333
0 0.786458 0.071296 0.030208 0.131481
0 0.263021 0.194907 0.022917 0.163889
0 0.234896 0.199074 0.036458 0.150000
0 0.225521 0.080556 0.028125 0.148148
0 0.197135 0.075463 0.025521 0.141667
0 0.842708 -0.006019 0.020833 0.078704
0 0.590104 0.027315 0.033333 0.132407
