0 0.844792 0.654630 0.048958 0.214815
0 0.279687 0.608333 0.046875 0.222222
0 0.915365 0.518981 0.049479 0.193519
0 0.501563 0.978241 0.038542 0.239815
0 0.377865 0.242593 0.040104 0.103704
0 0.367969 0.325463 0.029687 0.112037
0 0.433333 0.213426 0.033333 0.156481
0 0.333854 0.126852 0.019792 0.131481
0 0.152083 0.307870 0.030208 0.169444
0 0.123177 0.300926 0.029687 0.187037
0 0.610156 0.990741 0.052604 0.218519
0 0.402604 0.145370 0.022917 0.140741
0 0.405990 0.122222 0.026562 0.157407
0 0.266927 0.134722 0.023438 0.143519
0 0.651563 0.082407 0.031250 0.109259
0 0.194271 1.026389 0.052083 0.147222
0 0.299219 0.185185 0.031771 0.161111
0 0.156250 0.066204 0.027083 0.139815
0 0.200260 0.183333 0.025521 0.159259
0 0.163021 0.193056 0.025000 0.156481
0 0.133854 0.198611 0.023958 0.147222
0 0.470312 0.004167 0.026042 0.149074
0 0.194271 0.385185 0.034375 0.190741
0 0.259375 0.089815 0.031250 0.153704
0 0.800521 0.991204 0.045833 0.208333
0 0.757292 1.002315 0.039583 0.195370
0 0.861458 0.267130 0.033333 0.173148
0 0.801562 0.252315 0.028125 0.163889
0 0.786458 0.071296 0.030208 0.131481
0 0.829688 0.006481 0.027083 0.140741
0 0.253906 0.169444 0.023438 0.161111
0 0.232031 0.175000 0.027604 0.142593
0 0.187240 0.034722 0.024479 0.130556
0 0.232031 0.063426 0.029687 0.143519
0 0.198437 0.049537 0.027083 0.141667
