0 0.844792 0.654630 0.048958 0.214815
0 0.287760 0.609259 0.058854 0.220370
0 0.914844 0.518981 0.049479 0.193519
0 0.509635 0.979167 0.039063 0.239815
0 0.377865 0.242593 0.040104 0.103704
0 0.367969 0.325463 0.029687 0.112037
0 0.433594 0.213426 0.033854 0.156481
0 0.511198 -0.019907 0.025521 0.130556
0 0.333854 0.126852 0.019792 0.131481
0 0.148438 0.313426 0.030208 0.169444
0 0.120052 0.304630 0.032813 0.187037
0 0.607031 0.980556 0.052604 0.233333
0 0.640625 0.987037 0.044792 0.218519
0 0.402865 0.145370 0.022396 0.140741
0 0.409635 0.123148 0.026562 0.159259
0 0.270573 0.141204 0.023438 0.143519
0 0.651563 0.082407 0.031250 0.109259
0 0.195313 1.015741 0.052083 0.168519
0 0.299479 0.184259 0.032292 0.162963
0 0.155208 0.068519 0.029167 0.144444
0 0.200260 0.183333 0.025521 0.159259
0 0.163021 0.193056 0.025000 0.156481
0 0.134375 0.198611 0.022917 0.147222
0 0.149479 0.166204 0.029167 0.162037
0 0.469531 0.004167 0.025521 0.149074
0 0.194792 0.375000 0.034375 0.190741
0 0.263021 0.095833 0.031250 0.158333
0 0.810156 0.999074 0.046354 0.192593
0 0.767448 1.010648 0.040104 0.175000
0 0.864323 0.270370 0.035937 0.174074
0 0.805469 0.256019 0.031771 0.163889
0 0.786458 0.071296 0.030208 0.131481
0 0.834375 0.012037 0.027083 0.140741
0 0.250260 0.163889 0.023438 0.161111
0 0.230208 0.170370 0.026042 0.142593
0 0.233073 0.050463 0.029687 0.143519
0 0.197656 0.040741 0.028646 0.142593
