0 0.844792 0.654630 0.048958 0.214815
0 0.327344 0.618981 0.047396 0.226852
0 0.913802 0.518981 0.047396 0.193519
0 0.531510 0.987037 0.039063 0.224074
0 0.377865 0.242593 0.040104 0.103704
0 0.367969 0.325463 0.029687 0.112037
0 0.433594 0.213426 0.033854 0.156481
0 0.515365 -0.008796 0.025521 0.130556
0 0.488542 -0.013426 0.027083 0.136111
0 0.333594 0.126852 0.020313 0.131481
0 0.141667 0.325463 0.031250 0.171296
0 0.105208 0.313426 0.030208 0.184259
0 0.600781 0.946759 0.063021 0.241667
0 0.637500 0.949074 0.048958 0.225926
0 0.403385 0.145370 0.021354 0.140741
0 0.421094 0.125926 0.027604 0.155556
0 0.268490 0.156481 0.023438 0.144444
0 0.651563 0.082407 0.031250 0.109259
0 0.153646 1.020833 0.043750 0.158333
0 0.191146 0.988889 0.052083 0.218519
0 0.304167 0.184722 0.026042 0.162037
0 0.162500 0.077778 0.028125 0.146296
0 0.200521 0.183333 0.026042 0.159259
0 0.163021 0.193056 0.025000 0.156481
0 0.129688 0.199074 0.027083 0.148148
0 0.155990 0.166667 0.029687 0.161111
0 0.467187 0.007870 0.026042 0.149074
0 0.204948 0.349074 0.033854 0.181481
0 0.265885 0.114815 0.031771 0.161111
0 0.870573 0.291667 0.035937 0.175926
0 0.821615 0.275000 0.026562 0.166667
0 0.786458 0.070370 0.030208 0.131481
0 1.003385 0.356944 0.035937 0.163889
0 0.851823 0.025000 0.027604 0.140741
0 0.240885 0.149074 0.024479 0.157407
0 0.220052 0.159259 0.025521 0.140741
0 0.234115 0.034259 0.030729 0.144444
0 0.198698 0.028241 0.026562 0.141667
