0 0.844792 0.654630 0.048958 0.214815
0 0.290104 0.610185 0.062500 0.220370
0 0.914844 0.518981 0.049479 0.193519
0 0.512240 0.980093 0.039063 0.239815
0 0.377865 0.242593 0.040104 0.103704
0 0.367969 0.325463 0.029687 0.112037
0 0.433594 0.213426 0.033854 0.156481
0 0.511719 -0.018056 0.025521 0.130556
0 0.333854 0.126852 0.019792 0.131481
0 0.147917 0.315278 0.030208 0.169444
0 0.119271 0.306019 0.033333 0.187963
0 0.606510 0.978241 0.052604 0.237963
0 0.641667 0.985185 0.045833 0.222222
0 0.402865 0.145370 0.022396 0.140741
0 0.410677 0.124074 0.026562 0.159259
0 0.271615 0.143519 0.023438 0.144444
0 0.651563 0.082407 0.031250 0.109259
0 0.195833 1.013426 0.052083 0.175000
0 0.300000 0.184259 0.032292 0.162963
0 0.155208 0.069907 0.030208 0.145370
0 0.200260 0.183333 0.025521 0.159259
0 0.163021 0.193056 0.025000 0.156481
0 0.134635 0.198611 0.022396 0.147222
0 0.121094 0.181019 0.026562 0.167593
0 0.149479 0.166204 0.029167 0.162037
0 0.469271 0.004167 0.026042 0.149074
0 0.195313 0.372222 0.034375 0.190741
0 0.264062 0.097222 0.031250 0.159259
0 0.812760 1.001389 0.046354 0.187963
0 0.769792 1.012963 0.040625 0.168519
0 0.865104 0.271759 0.036458 0.175000
0 0.806771 0.257407 0.033333 0.164815
0 0.786458 0.071296 0.030208 0.131481
0 0.835677 0.013889 0.027604 0.140741
0 0.249219 0.162037 0.023438 0.161111
0 0.229687 0.169907 0.025000 0.141667
0 0.233594 0.046759 0.029687 0.143519
0 0.197396 0.040741 0.028125 0.142593
