0 0.844792 0.654630 0.048958 0.214815
0 0.314583 0.610185 0.034375 0.224074
0 0.914323 0.518981 0.048438 0.193519
0 0.524479 0.985648 0.039583 0.223148
0 0.377865 0.242593 0.040104 0.103704
0 0.367969 0.325463 0.029687 0.112037
0 0.433594 0.213426 0.033854 0.156481
0 0.514323 -0.016204 0.025521 0.130556
0 0.333854 0.126852 0.019792 0.131481
0 0.143750 0.318056 0.031250 0.171296
0 0.110677 0.313426 0.041146 0.184259
0 0.605469 0.964815 0.053646 0.240741
0 0.641667 0.968519 0.051042 0.224074
0 0.403125 0.145370 0.021875 0.140741
0 0.416406 0.125463 0.027604 0.160185
0 0.270573 0.152778 0.023438 0.144444
0 0.651563 0.082407 0.031250 0.109259
0 0.193750 1.001389 0.052083 0.197222
0 0.303125 0.183796 0.027083 0.163889
0 0.159375 0.077315 0.030208 0.145370
0 0.200521 0.183333 0.026042 0.159259
0 0.163021 0.193056 0.025000 0.156481
0 0.131510 0.199074 0.027604 0.148148
0 0.153125 0.166204 0.029167 0.162037
0 0.467969 0.004167 0.025521 0.149074
0 0.200521 0.366204 0.032292 0.186111
0 0.267448 0.104630 0.031771 0.161111
0 0.828125 1.014815 0.042708 0.159259
0 0.782031 1.025000 0.039063 0.142593
0 0.865365 0.282870 0.042188 0.175000
0 0.816406 0.266204 0.026562 0.165741
0 0.786458 0.070370 0.030208 0.131481
0 0.845573 0.015741 0.027604 0.140741
0 0.244271 0.153241 0.023958 0.154630
0 0.225000 0.163889 0.025000 0.140741
0 0.233854 0.045370 0.030208 0.144444
0 0.197135 0.036574 0.026562 0.141667
0 0.647656 0.059722 0.033854 0.106481
