0 0.845052 0.653704 0.049479 0.216667
0 0.350521 0.621759 0.041667 0.232407
0 0.913542 0.518981 0.046875 0.193519
0 0.534896 0.985648 0.039583 0.228704
0 0.377865 0.242593 0.040104 0.103704
0 0.367969 0.325463 0.029687 0.112037
0 0.433073 0.213426 0.032813 0.156481
0 0.517969 -0.004167 0.025521 0.130556
0 0.490365 -0.007870 0.027604 0.139815
0 0.333594 0.126852 0.020313 0.131481
0 0.139323 0.328241 0.031771 0.169444
0 0.103125 0.321759 0.030208 0.189815
0 0.592969 0.931481 0.065104 0.242593
0 0.632552 0.933333 0.050521 0.227778
0 0.403385 0.145370 0.021354 0.140741
0 0.426823 0.125926 0.028646 0.151852
0 0.265885 0.164815 0.023438 0.144444
0 0.651563 0.082407 0.031250 0.109259
0 0.154167 1.009259 0.043750 0.181481
0 0.191146 0.976852 0.053125 0.242593
0 0.305208 0.185648 0.025000 0.160185
0 0.165104 0.085185 0.028125 0.146296
0 0.200521 0.183333 0.026042 0.159259
0 0.163021 0.193056 0.025000 0.156481
0 0.127344 0.199074 0.027604 0.148148
0 0.466667 0.011574 0.026042 0.149074
0 0.206250 0.345370 0.033333 0.181481
0 0.266927 0.122222 0.031771 0.161111
0 0.876563 0.299537 0.036458 0.180556
0 0.823698 0.281481 0.026562 0.166667
0 0.786458 0.070370 0.030208 0.131481
0 0.996615 0.348611 0.035937 0.163889
0 0.858854 0.033333 0.027083 0.140741
0 0.237760 0.143981 0.024479 0.154630
0 0.216667 0.153704 0.025000 0.140741
0 0.235156 0.028704 0.029687 0.144444
0 0.202865 0.022685 0.026562 0.141667
