0 0.845052 0.654630 0.049479 0.214815
0 0.242708 0.604167 0.039583 0.228704
0 0.916406 0.518981 0.051562 0.193519
0 0.472135 0.979167 0.039063 0.239815
0 0.377865 0.242593 0.040104 0.103704
0 0.367969 0.325463 0.029687 0.112037
0 0.433333 0.213889 0.032292 0.157407
0 0.158594 0.293981 0.029687 0.165741
0 0.132552 0.291204 0.029687 0.180556
0 0.595573 1.015741 0.052604 0.170370
0 0.639062 1.018981 0.048958 0.162037
0 0.403125 0.145833 0.023958 0.141667
0 0.263021 0.114352 0.022917 0.134259
0 0.651563 0.082407 0.031250 0.109259
0 0.304167 0.184259 0.027083 0.162963
0 0.165365 0.058796 0.026562 0.139815
0 0.200000 0.183333 0.025000 0.159259
0 0.163021 0.193519 0.025000 0.155556
0 0.129427 0.199074 0.026562 0.148148
0 0.151042 0.168056 0.029167 0.162037
0 0.472917 -0.006944 0.026042 0.149074
0 0.184375 0.411111 0.036458 0.192593
0 0.257552 0.064815 0.027604 0.150000
0 0.763021 0.942130 0.056250 0.234259
0 0.717708 0.953241 0.042708 0.228704
0 0.862240 0.236574 0.039063 0.169444
0 0.792708 0.234722 0.029167 0.160185
0 0.786458 0.071296 0.030208 0.131481
0 0.260937 0.187037 0.022917 0.162963
0 0.235417 0.186574 0.035417 0.145370
0 0.226823 0.072685 0.027604 0.145370
0 0.197396 0.070833 0.026042 0.141667
0 0.844010 -0.006944 0.018229 0.076852
0 0.605990 0.033796 0.034896 0.132407
