0 0.844792 0.654630 0.048958 0.214815
0 0.283333 0.608796 0.052083 0.221296
0 0.915365 0.518981 0.049479 0.193519
0 0.504948 0.978241 0.039063 0.239815
0 0.377865 0.242593 0.040104 0.103704
0 0.367969 0.325463 0.029687 0.112037
0 0.433333 0.213426 0.033333 0.156481
0 0.510156 -0.023611 0.025521 0.130556
0 0.333854 0.126852 0.019792 0.131481
0 0.150521 0.310648 0.030208 0.169444
0 0.121875 0.302778 0.031250 0.187037
0 0.608594 0.986574 0.052604 0.225000
0 0.639062 0.991667 0.042708 0.212963
0 0.402604 0.145370 0.022917 0.140741
0 0.407552 0.122685 0.026562 0.158333
0 0.268490 0.137500 0.023438 0.143519
0 0.651563 0.082407 0.031250 0.109259
0 0.194792 1.021759 0.052083 0.156481
0 0.299219 0.184722 0.031771 0.162037
0 0.155729 0.067130 0.028125 0.141667
0 0.200260 0.183333 0.025521 0.159259
0 0.163021 0.193056 0.025000 0.156481
0 0.134115 0.198611 0.023438 0.147222
0 0.150260 0.166204 0.028646 0.162037
0 0.470052 0.004167 0.025521 0.149074
0 0.194271 0.380556 0.034375 0.190741
0 0.260937 0.092593 0.031250 0.155556
0 0.804688 0.994444 0.045833 0.201852
0 0.761979 1.006019 0.039583 0.187963
0 0.862500 0.268519 0.034375 0.174074
0 0.803125 0.253704 0.030208 0.164815
0 0.786458 0.071296 0.030208 0.131481
0 0.831771 0.008333 0.027083 0.140741
0 0.252344 0.166667 0.023438 0.161111
0 0.231510 0.173148 0.027604 0.144444
0 0.232552 0.057870 0.029687 0.143519
0 0.197917 0.045370 0.028125 0.142593
