0 0.845052 0.654630 0.049479 0.214815
0 0.253385 0.606481 0.040104 0.225926
0 0.916146 0.518981 0.051042 0.193519
0 0.481771 0.979167 0.038542 0.239815
0 0.377865 0.242593 0.040104 0.103704
0 0.367969 0.325463 0.029687 0.112037
0 0.433594 0.213889 0.032813 0.157407
0 0.156771 0.299537 0.030208 0.169444
0 0.129688 0.295833 0.028125 0.184259
0 0.602865 1.006481 0.052604 0.188889
0 0.639583 1.011111 0.045833 0.177778
0 0.403385 0.146759 0.022396 0.141667
0 0.403385 0.121296 0.027604 0.159259
0 0.264583 0.121759 0.022917 0.137963
0 0.651563 0.082407 0.031250 0.109259
0 0.302083 0.184722 0.029167 0.162037
0 0.163802 0.063426 0.026562 0.139815
0 0.200000 0.183333 0.025000 0.159259
0 0.163021 0.193056 0.025000 0.156481
0 0.130208 0.199074 0.025000 0.148148
0 0.151562 0.167130 0.029167 0.162037
0 0.472656 -0.004167 0.025521 0.149074
0 0.188542 0.401852 0.035417 0.190741
0 0.259115 0.072685 0.028646 0.152778
0 0.772396 0.955556 0.046875 0.235185
0 0.728646 0.975000 0.045833 0.220370
0 0.859115 0.245833 0.038021 0.171296
0 0.795573 0.240741 0.029687 0.162963
0 0.786458 0.071296 0.030208 0.131481
0 0.258594 0.182407 0.023438 0.161111
0 0.237500 0.186574 0.027083 0.147222
0 0.227604 0.069444 0.028125 0.142593
0 0.196875 0.066204 0.026042 0.141667
0 0.845052 -0.007407 0.016146 0.075926
0 0.619531 0.042130 0.038021 0.134259
