0 0.845052 0.654630 0.049479 0.214815
0 0.229167 0.604630 0.045833 0.229630
0 0.916927 0.518519 0.051562 0.192593
0 0.464844 0.978704 0.039063 0.238889
0 0.377865 0.242593 0.040104 0.103704
0 0.367969 0.325463 0.029687 0.112037
0 0.433333 0.213889 0.032292 0.157407
0 0.160677 0.288889 0.028646 0.162963
0 0.135156 0.286111 0.031771 0.179630
0 0.590885 1.024537 0.052604 0.152778
0 0.402865 0.145370 0.024479 0.140741
0 0.262500 0.107870 0.022917 0.134259
0 0.651563 0.082407 0.031250 0.109259
0 0.305729 0.183333 0.025000 0.162963
0 0.166927 0.054167 0.026562 0.139815
0 0.200000 0.183333 0.025000 0.159259
0 0.163021 0.193519 0.025000 0.155556
0 0.129688 0.199074 0.028125 0.148148
0 0.472917 -0.008796 0.026042 0.149074
0 0.181510 0.420370 0.035937 0.196296
0 0.256510 0.059259 0.027604 0.148148
0 0.752083 0.924074 0.053125 0.233333
0 0.705990 0.941667 0.043229 0.227778
0 0.864583 0.229630 0.038542 0.166667
0 0.791406 0.229630 0.027604 0.157407
0 0.786458 0.071296 0.030208 0.131481
0 0.261979 0.191204 0.022917 0.163889
0 0.234896 0.194444 0.036458 0.148148
0 0.226042 0.077778 0.028125 0.148148
0 0.197396 0.073611 0.026042 0.141667
0 0.842969 -0.006481 0.020313 0.077778
0 0.595052 0.027315 0.029687 0.132407
