0 0.845052 0.654630 0.049479 0.214815
0 0.232292 0.604630 0.043750 0.229630
0 0.916667 0.518981 0.052083 0.193519
0 0.466927 0.979167 0.039063 0.239815
0 0.377865 0.242593 0.040104 0.103704
0 0.367969 0.325463 0.029687 0.112037
0 0.433333 0.213889 0.032292 0.157407
0 0.159635 0.289815 0.028646 0.162963
0 0.134375 0.287037 0.031250 0.179630
0 0.591927 1.022222 0.052604 0.157407
0 0.402865 0.145833 0.024479 0.141667
0 0.262500 0.109722 0.022917 0.134259
0 0.651563 0.082407 0.031250 0.109259
0 0.305469 0.183796 0.024479 0.163889
0 0.165885 0.055093 0.026562 0.139815
0 0.200000 0.183333 0.025000 0.159259
0 0.163021 0.193519 0.025000 0.155556
0 0.194531 0.167593 0.026562 0.157407
0 0.129948 0.199074 0.027604 0.148148
0 0.472917 -0.008796 0.026042 0.149074
0 0.182031 0.418519 0.035937 0.196296
0 0.256510 0.060185 0.027604 0.148148
0 0.755208 0.929167 0.054167 0.234259
0 0.709375 0.944907 0.042708 0.228704
0 0.865104 0.230093 0.038542 0.165741
0 0.791927 0.230093 0.027604 0.156481
0 0.786458 0.071296 0.030208 0.131481
0 0.261979 0.189352 0.022917 0.163889
0 0.234896 0.191204 0.036458 0.147222
0 0.226563 0.076852 0.028125 0.148148
0 0.197396 0.072685 0.026042 0.141667
0 0.843490 -0.006481 0.019271 0.077778
0 0.598177 0.028241 0.029687 0.132407
