0 0.845313 0.654630 0.050000 0.214815
0 0.216406 0.612037 0.042188 0.231481
0 0.916146 0.518519 0.050000 0.192593
0 0.452604 0.979630 0.042708 0.240741
0 0.377865 0.242593 0.040104 0.103704
0 0.367969 0.325463 0.029687 0.112037
0 0.431250 0.211111 0.025000 0.161111
0 0.171875 0.279167 0.029167 0.165741
0 0.145573 0.274537 0.029687 0.182407
0 0.402865 0.145370 0.024479 0.140741
0 0.261458 0.093056 0.022917 0.130556
0 0.651563 0.081481 0.031250 0.109259
0 0.306510 0.183333 0.026562 0.162963
0 0.179427 0.050463 0.026562 0.139815
0 0.200000 0.182407 0.025000 0.159259
0 0.163021 0.193519 0.025000 0.155556
0 0.130469 0.199074 0.026562 0.150000
0 0.121875 0.180093 0.026042 0.169444
0 0.472656 -0.013426 0.025521 0.149074
0 0.176042 0.445833 0.035417 0.193519
0 0.257031 0.038889 0.030729 0.148148
0 0.712240 0.885648 0.055729 0.254630
0 0.670312 0.889815 0.044792 0.233333
0 0.855208 0.217593 0.035417 0.168519
0 0.785677 0.207407 0.027604 0.157407
0 0.731250 -0.021759 0.020833 0.115741
0 0.786458 0.072222 0.030208 0.131481
0 0.265625 0.208796 0.023958 0.163889
0 0.235417 0.212963 0.030208 0.148148
0 0.150000 0.045370 0.026042 0.131481
0 0.227083 0.094444 0.028125 0.148148
0 0.195313 0.087500 0.026042 0.141667
0 0.840104 -0.005093 0.021875 0.080556
0 0.556250 0.020833 0.032292 0.130556
