0 0.845052 0.654630 0.049479 0.214815
0 0.222917 0.605093 0.054167 0.228704
0 0.916927 0.518519 0.051562 0.192593
0 0.459635 0.976852 0.039063 0.238889
0 0.377865 0.242593 0.040104 0.103704
0 0.367969 0.325463 0.029687 0.112037
0 0.433333 0.213889 0.032292 0.157407
0 0.163542 0.288889 0.029167 0.164815
0 0.137240 0.285185 0.031771 0.181481
0 0.402865 0.145370 0.024479 0.140741
0 0.263021 0.105093 0.022917 0.134259
0 0.651563 0.082407 0.031250 0.109259
0 0.305729 0.183333 0.025000 0.162963
0 0.169531 0.050463 0.026562 0.139815
0 0.200000 0.183333 0.025000 0.159259
0 0.163021 0.193519 0.025000 0.155556
0 0.129688 0.199074 0.028125 0.148148
0 0.472917 -0.009722 0.026042 0.149074
0 0.181510 0.425000 0.035937 0.196296
0 0.256510 0.057407 0.027604 0.148148
0 0.744271 0.912037 0.051042 0.233333
0 0.697396 0.931481 0.043750 0.227778
0 0.863281 0.229630 0.038021 0.170370
0 0.790104 0.228704 0.027083 0.159259
0 0.786458 0.071296 0.030208 0.131481
0 0.263021 0.197685 0.022917 0.163889
0 0.234896 0.202315 0.036458 0.150926
0 0.225000 0.081481 0.028125 0.148148
0 0.196615 0.077315 0.025521 0.141667
0 0.842448 -0.006019 0.021354 0.078704
0 0.586979 0.027315 0.035417 0.132407
