0 0.845052 0.654167 0.049479 0.215741
0 0.342448 0.620833 0.044271 0.230556
0 0.913542 0.518981 0.046875 0.193519
0 0.534115 0.986574 0.039063 0.226852
0 0.377865 0.242593 0.040104 0.103704
0 0.367969 0.325463 0.029687 0.112037
0 0.433333 0.213426 0.033333 0.156481
0 0.517448 -0.006019 0.025521 0.130556
0 0.489844 -0.009722 0.027604 0.137963
0 0.333594 0.126852 0.020313 0.131481
0 0.140104 0.327778 0.031250 0.170370
0 0.103906 0.318981 0.029687 0.187963
0 0.595833 0.936574 0.064583 0.241667
0 0.634375 0.938426 0.050000 0.226852
0 0.403385 0.145370 0.021354 0.140741
0 0.425000 0.126389 0.028125 0.152778
0 0.266927 0.162037 0.023438 0.144444
0 0.651563 0.082407 0.031250 0.109259
0 0.154167 1.013426 0.043750 0.173148
0 0.191146 0.981019 0.053125 0.234259
0 0.304948 0.185185 0.025521 0.161111
0 0.164063 0.082407 0.028125 0.146296
0 0.200521 0.183333 0.026042 0.159259
0 0.163021 0.193056 0.025000 0.156481
0 0.128125 0.199074 0.027083 0.148148
0 0.159115 0.167130 0.028646 0.156481
0 0.466667 0.009722 0.026042 0.149074
0 0.205990 0.346296 0.033854 0.181481
0 0.265885 0.120370 0.031771 0.161111
0 0.874479 0.296759 0.035417 0.178704
0 0.823177 0.279630 0.026562 0.166667
0 0.786458 0.070370 0.030208 0.131481
0 0.998958 0.351389 0.036458 0.163889
0 0.856250 0.031481 0.027083 0.140741
0 0.238802 0.145833 0.024479 0.156481
0 0.217448 0.155556 0.025521 0.140741
0 0.234896 0.029630 0.030208 0.144444
0 0.201823 0.024537 0.026562 0.141667
