0 0.845052 0.654630 0.049479 0.214815
0 0.240625 0.604630 0.040625 0.229630
0 0.916667 0.518981 0.052083 0.193519
0 0.471094 0.979167 0.039063 0.239815
0 0.377865 0.242593 0.040104 0.103704
0 0.367969 0.325463 0.029687 0.112037
0 0.433333 0.213889 0.032292 0.157407
0 0.158854 0.293056 0.029167 0.165741
0 0.132813 0.290278 0.030208 0.180556
0 0.595052 1.017130 0.052604 0.167593
0 0.638542 1.020370 0.048958 0.159259
0 0.403125 0.145833 0.023958 0.141667
0 0.263021 0.113426 0.022917 0.134259
0 0.651563 0.082407 0.031250 0.109259
0 0.304427 0.184259 0.026562 0.162963
0 0.165365 0.058796 0.026562 0.139815
0 0.200000 0.183333 0.025000 0.159259
0 0.163021 0.193519 0.025000 0.155556
0 0.129688 0.199074 0.027083 0.148148
0 0.151042 0.168056 0.029167 0.162037
0 0.472917 -0.007870 0.026042 0.149074
0 0.184115 0.412963 0.035937 0.192593
0 0.257031 0.063889 0.027604 0.150000
0 0.761198 0.939352 0.055729 0.234259
0 0.715625 0.951389 0.042708 0.228704
0 0.862760 0.235185 0.039063 0.168519
0 0.792448 0.233333 0.028646 0.159259
0 0.786458 0.071296 0.030208 0.131481
0 0.260937 0.187037 0.022917 0.162963
0 0.235156 0.186574 0.035937 0.145370
0 0.226563 0.073611 0.028125 0.145370
0 0.197396 0.070833 0.026042 0.141667
0 0.844010 -0.006944 0.018229 0.076852
0 0.604427 0.032870 0.033854 0.132407
