0 0.845313 0.654630 0.050000 0.214815
0 0.216927 0.612500 0.039063 0.230556
0 0.916146 0.518519 0.050000 0.192593
0 0.453385 0.980556 0.043229 0.238889
0 0.377865 0.242593 0.040104 0.103704
0 0.367969 0.325463 0.029687 0.112037
0 0.430990 0.211111 0.024479 0.161111
0 0.172396 0.279167 0.029167 0.165741
0 0.146615 0.273611 0.029687 0.182407
0 0.402865 0.145370 0.024479 0.140741
0 0.260677 0.090278 0.022396 0.130556
0 0.651563 0.081481 0.031250 0.109259
0 0.306510 0.183333 0.026562 0.162963
0 0.180469 0.049537 0.026562 0.139815
0 0.200000 0.182407 0.025000 0.159259
0 0.163021 0.193519 0.025000 0.155556
0 0.130469 0.198611 0.026562 0.150926
0 0.472656 -0.014352 0.025521 0.149074
0 0.175260 0.447222 0.036979 0.192593
0 0.255990 0.035185 0.030729 0.148148
0 0.710417 0.878241 0.053125 0.252778
0 0.667448 0.887500 0.045312 0.236111
0 0.853906 0.216204 0.035937 0.169444
0 0.784635 0.206019 0.027604 0.156481
0 0.733594 -0.021759 0.021354 0.115741
0 0.786458 0.072222 0.030208 0.131481
0 0.265365 0.211111 0.024479 0.162963
0 0.235937 0.214815 0.030208 0.148148
0 0.148698 0.045833 0.025521 0.130556
0 0.227344 0.095370 0.027604 0.148148
0 0.196354 0.089352 0.026042 0.141667
0 0.839844 -0.005093 0.021354 0.080556
0 0.553646 0.020833 0.032292 0.130556
