0 0.844792 0.654167 0.048958 0.215741
0 0.339844 0.620833 0.045312 0.230556
0 0.913802 0.518981 0.047396 0.193519
0 0.533594 0.986574 0.039063 0.226852
0 0.377865 0.242593 0.040104 0.103704
0 0.367969 0.325463 0.029687 0.112037
0 0.433333 0.213426 0.033333 0.156481
0 0.516927 -0.006019 0.025521 0.130556
0 0.489583 -0.010648 0.027083 0.137963
0 0.333594 0.126852 0.020313 0.131481
0 0.140365 0.326852 0.031771 0.170370
0 0.103906 0.317593 0.029687 0.187037
0 0.596875 0.937963 0.064583 0.242593
0 0.634635 0.940278 0.049479 0.226852
0 0.403385 0.145370 0.021354 0.140741
0 0.424219 0.125926 0.028646 0.153704
0 0.266927 0.161111 0.023438 0.144444
0 0.651563 0.082407 0.031250 0.109259
0 0.154167 1.014815 0.043750 0.170370
0 0.190885 0.982407 0.052604 0.231481
0 0.304688 0.185185 0.026042 0.161111
0 0.164063 0.081481 0.028125 0.146296
0 0.200521 0.183333 0.026042 0.159259
0 0.163021 0.193056 0.025000 0.156481
0 0.128385 0.199074 0.027604 0.148148
0 0.158333 0.167130 0.029167 0.156481
0 0.466667 0.009722 0.026042 0.149074
0 0.205990 0.346296 0.033854 0.181481
0 0.265885 0.119444 0.031771 0.161111
0 0.873698 0.295833 0.034896 0.178704
0 0.822656 0.279167 0.026562 0.167593
0 0.786458 0.070370 0.030208 0.131481
0 0.999740 0.352315 0.035937 0.163889
0 0.855469 0.030556 0.027604 0.140741
0 0.239062 0.146296 0.025000 0.157407
0 0.217969 0.156481 0.025521 0.140741
0 0.234635 0.030556 0.030729 0.144444
0 0.201302 0.025463 0.026562 0.141667
