0 0.845313 0.654630 0.050000 0.214815
0 0.215365 0.611111 0.046354 0.233333
0 0.916406 0.518519 0.050521 0.192593
0 0.451302 0.978241 0.043229 0.243519
0 0.377865 0.242593 0.040104 0.103704
0 0.367969 0.325463 0.029687 0.112037
0 0.431510 0.211111 0.025521 0.161111
0 0.171354 0.280093 0.029167 0.165741
0 0.144531 0.275463 0.029687 0.182407
0 0.402865 0.145370 0.024479 0.140741
0 0.262500 0.097222 0.022917 0.133333
0 0.651563 0.081481 0.031250 0.109259
0 0.306250 0.183333 0.026042 0.162963
0 0.177344 0.050463 0.026562 0.139815
0 0.200000 0.182407 0.025000 0.159259
0 0.163021 0.193519 0.025000 0.155556
0 0.130208 0.199074 0.027083 0.150000
0 0.472656 -0.013426 0.025521 0.149074
0 0.177344 0.443056 0.033854 0.193519
0 0.258594 0.044907 0.030729 0.147222
0 0.717969 0.887963 0.053646 0.248148
0 0.673698 0.896296 0.045312 0.231481
0 0.856510 0.218056 0.034896 0.167593
0 0.787240 0.208333 0.027604 0.157407
0 0.786458 0.072222 0.030208 0.131481
0 0.265885 0.205093 0.023438 0.163889
0 0.235417 0.210185 0.030208 0.148148
0 0.151042 0.044444 0.027083 0.131481
0 0.226302 0.093519 0.027604 0.148148
0 0.195313 0.085648 0.026042 0.141667
0 0.840365 -0.005093 0.022396 0.080556
0 0.559896 0.021759 0.032292 0.130556
