0 0.845052 0.654630 0.049479 0.214815
0 0.251042 0.604630 0.036458 0.227778
0 0.916406 0.518981 0.051562 0.193519
0 0.476563 0.979167 0.038542 0.239815
0 0.377865 0.242593 0.040104 0.103704
0 0.367969 0.325463 0.029687 0.112037
0 0.433333 0.213889 0.032292 0.157407
0 0.157812 0.297685 0.030208 0.169444
0 0.130990 0.294907 0.028646 0.182407
0 0.598698 1.011111 0.052604 0.179630
0 0.642188 1.014352 0.048958 0.171296
0 0.403646 0.146296 0.022917 0.142593
0 0.404167 0.121296 0.028125 0.159259
0 0.263542 0.118056 0.022917 0.134259
0 0.651563 0.082407 0.031250 0.109259
0 0.303125 0.184722 0.028125 0.162037
0 0.164844 0.062500 0.026562 0.139815
0 0.200000 0.183333 0.025000 0.159259
0 0.163021 0.193519 0.025000 0.155556
0 0.129427 0.199537 0.025521 0.149074
0 0.151562 0.168056 0.029167 0.162037
0 0.473177 -0.006019 0.025521 0.149074
0 0.186458 0.406019 0.036458 0.189815
0 0.258594 0.069444 0.027604 0.151852
0 0.767448 0.948611 0.051562 0.234259
0 0.723177 0.963889 0.044271 0.224074
0 0.859896 0.242130 0.039583 0.173148
0 0.793229 0.238426 0.030208 0.162037
0 0.786458 0.071296 0.030208 0.131481
0 0.259896 0.185185 0.022917 0.161111
0 0.236458 0.186111 0.031250 0.146296
0 0.226823 0.069907 0.027604 0.143519
0 0.196875 0.068056 0.026042 0.141667
0 0.844531 -0.006944 0.017188 0.076852
0 0.612240 0.038889 0.039063 0.133333
