0 0.844792 0.654630 0.048958 0.214815
0 0.309635 0.609722 0.040104 0.223148
0 0.914323 0.518981 0.048438 0.193519
0 0.521875 0.984259 0.039583 0.225926
0 0.377865 0.242593 0.040104 0.103704
0 0.367969 0.325463 0.029687 0.112037
0 0.433594 0.213426 0.033854 0.156481
0 0.513802 -0.017130 0.025521 0.130556
0 0.333854 0.126852 0.019792 0.131481
0 0.144271 0.317130 0.031250 0.171296
0 0.111979 0.311574 0.039583 0.184259
0 0.605469 0.967130 0.053646 0.239815
0 0.641667 0.971296 0.050000 0.224074
0 0.403125 0.145370 0.021875 0.140741
0 0.415104 0.124537 0.027083 0.160185
0 0.270573 0.150926 0.023438 0.144444
0 0.651563 0.082407 0.031250 0.109259
0 0.193750 1.003704 0.052083 0.192593
0 0.302083 0.183796 0.028125 0.163889
0 0.158333 0.075463 0.030208 0.145370
0 0.200521 0.183333 0.026042 0.159259
0 0.163021 0.193056 0.025000 0.156481
0 0.132031 0.198611 0.026562 0.147222
0 0.152083 0.166204 0.029167 0.162037
0 0.467969 0.004167 0.025521 0.149074
0 0.199219 0.366667 0.032813 0.187037
0 0.266927 0.102778 0.031771 0.161111
0 0.824479 1.011111 0.044792 0.166667
0 0.779427 1.022222 0.040104 0.146296
0 0.865365 0.281019 0.041146 0.175000
0 0.814323 0.264352 0.028646 0.165741
0 0.786458 0.070370 0.030208 0.131481
0 0.843490 0.015741 0.027604 0.140741
0 0.245312 0.155093 0.023958 0.156481
0 0.226302 0.165278 0.024479 0.139815
0 0.233854 0.045370 0.030208 0.144444
0 0.197135 0.038426 0.026562 0.141667
0 0.647396 0.057870 0.034375 0.110185
