0 0.845052 0.654630 0.049479 0.214815
0 0.216667 0.607870 0.054167 0.230556
0 0.916667 0.518519 0.051042 0.192593
0 0.453385 0.976389 0.041146 0.241667
0 0.377865 0.242593 0.040104 0.103704
0 0.367969 0.325463 0.029687 0.112037
0 0.432552 0.212963 0.028646 0.159259
0 0.168750 0.284722 0.029167 0.165741
0 0.141667 0.280556 0.030208 0.183333
0 0.402865 0.145370 0.024479 0.140741
0 0.263021 0.100926 0.022917 0.133333
0 0.651563 0.082407 0.031250 0.109259
0 0.306250 0.183333 0.026042 0.162963
0 0.174219 0.049537 0.026562 0.139815
0 0.200000 0.182407 0.025000 0.159259
0 0.163021 0.193519 0.025000 0.155556
0 0.129948 0.199537 0.027604 0.149074
0 0.472656 -0.011574 0.025521 0.149074
0 0.179688 0.435648 0.034375 0.195370
0 0.258854 0.052778 0.030208 0.148148
0 0.729688 0.892593 0.048958 0.235185
0 0.680990 0.910185 0.047396 0.227778
0 0.859635 0.223148 0.035937 0.168519
0 0.788542 0.217130 0.027083 0.158333
0 0.786458 0.072222 0.030208 0.131481
0 0.265104 0.202315 0.022917 0.163889
0 0.235156 0.204630 0.030729 0.148148
0 0.153906 0.043519 0.027604 0.131481
0 0.225260 0.089815 0.027604 0.148148
0 0.195313 0.084722 0.026042 0.141667
0 0.840885 -0.005093 0.023438 0.080556
0 0.570833 0.025000 0.036458 0.131481
