0 0.845052 0.654630 0.049479 0.214815
0 0.217448 0.606019 0.057812 0.228704
0 0.916667 0.518519 0.051042 0.192593
0 0.454687 0.975463 0.039583 0.239815
0 0.377865 0.242593 0.040104 0.103704
0 0.367969 0.325463 0.029687 0.112037
0 0.433073 0.213889 0.030729 0.157407
0 0.167187 0.287037 0.029167 0.166667
0 0.139844 0.283333 0.030729 0.183333
0 0.402865 0.145370 0.024479 0.140741
0 0.263021 0.102315 0.022917 0.134259
0 0.651563 0.082407 0.031250 0.109259
0 0.305990 0.183333 0.025521 0.162963
0 0.172656 0.048611 0.026562 0.139815
0 0.200000 0.182407 0.025000 0.159259
0 0.163021 0.193519 0.025000 0.155556
0 0.129688 0.199537 0.028125 0.149074
0 0.472656 -0.011574 0.025521 0.149074
0 0.180729 0.431019 0.035417 0.195370
0 0.257813 0.054630 0.029167 0.148148
0 0.734896 0.898148 0.048958 0.233333
0 0.686198 0.917593 0.046354 0.227778
0 0.861198 0.225926 0.036979 0.170370
0 0.789063 0.222685 0.027083 0.158333
0 0.786458 0.072222 0.030208 0.131481
0 0.264583 0.201389 0.022917 0.163889
0 0.235156 0.204167 0.032813 0.149074
0 0.155469 0.043519 0.027604 0.131481
0 0.224740 0.087037 0.027604 0.148148
0 0.195313 0.082870 0.026042 0.141667
0 0.841667 -0.005556 0.022917 0.079630
0 0.576823 0.026389 0.039063 0.130556
