0 0.844792 0.654630 0.048958 0.214815
0 0.315885 0.610648 0.035937 0.225000
0 0.914323 0.518981 0.048438 0.193519
0 0.525000 0.985648 0.039583 0.223148
0 0.377865 0.242593 0.040104 0.103704
0 0.367969 0.325463 0.029687 0.112037
0 0.433594 0.213426 0.033854 0.156481
0 0.514323 -0.016204 0.025521 0.130556
0 0.333594 0.126852 0.020313 0.131481
0 0.143229 0.318056 0.031250 0.171296
0 0.109896 0.313426 0.039583 0.184259
0 0.604948 0.962037 0.054688 0.240741
0 0.640885 0.965741 0.050521 0.224074
0 0.403125 0.145370 0.021875 0.140741
0 0.416927 0.125000 0.027604 0.159259
0 0.270052 0.152778 0.023438 0.144444
0 0.651563 0.082407 0.031250 0.109259
0 0.150000 1.027778 0.043750 0.144444
0 0.193229 0.999537 0.052083 0.199074
0 0.303125 0.183796 0.027083 0.163889
0 0.159375 0.077315 0.030208 0.145370
0 0.200521 0.183333 0.026042 0.159259
0 0.163021 0.193056 0.025000 0.156481
0 0.130990 0.199074 0.027604 0.148148
0 0.153125 0.166204 0.029167 0.162037
0 0.467448 0.004167 0.025521 0.149074
0 0.200781 0.363889 0.032813 0.185185
0 0.267969 0.105556 0.031771 0.161111
0 0.829948 1.017130 0.041146 0.156481
0 0.783333 1.025926 0.038542 0.140741
0 0.865625 0.284722 0.042708 0.175000
0 0.817708 0.267593 0.026042 0.166667
0 0.786458 0.070370 0.030208 0.131481
0 0.846615 0.015741 0.027604 0.140741
0 0.243750 0.152778 0.023958 0.153704
0 0.224479 0.163426 0.025000 0.139815
0 0.234115 0.045370 0.030729 0.144444
0 0.197135 0.035648 0.026562 0.141667
0 0.647656 0.060648 0.033854 0.104630
