0 0.845052 0.654630 0.049479 0.214815
0 0.216667 0.607407 0.055208 0.229630
0 0.916667 0.518519 0.051042 0.192593
0 0.453646 0.975926 0.040625 0.240741
0 0.377865 0.242593 0.040104 0.103704
0 0.367969 0.325463 0.029687 0.112037
0 0.432552 0.213426 0.029687 0.158333
0 0.168229 0.285185 0.029167 0.166667
0 0.140885 0.281481 0.030729 0.183333
0 0.402865 0.145370 0.024479 0.140741
0 0.263021 0.101389 0.022917 0.134259
0 0.651563 0.082407 0.031250 0.109259
0 0.305990 0.183333 0.025521 0.162963
0 0.173698 0.049537 0.026562 0.139815
0 0.200000 0.182407 0.025000 0.159259
0 0.163021 0.193519 0.025000 0.155556
0 0.129688 0.199537 0.028125 0.149074
0 0.472656 -0.011574 0.025521 0.149074
0 0.179948 0.433796 0.034896 0.195370
0 0.258594 0.053241 0.029687 0.147222
0 0.732031 0.893981 0.048438 0.232407
0 0.682552 0.912963 0.047396 0.227778
0 0.860156 0.224537 0.035937 0.169444
0 0.789063 0.218981 0.027083 0.158333
0 0.786458 0.072222 0.030208 0.131481
0 0.265104 0.202315 0.022917 0.163889
0 0.235156 0.204630 0.031771 0.148148
0 0.154427 0.043519 0.027604 0.131481
0 0.225260 0.088889 0.027604 0.148148
0 0.195313 0.084722 0.026042 0.141667
0 0.841406 -0.005093 0.023438 0.080556
0 0.572917 0.025463 0.037500 0.130556
