0 0.845052 0.654630 0.049479 0.214815
0 0.227865 0.604630 0.047396 0.229630
0 0.916927 0.518519 0.051562 0.192593
0 0.463802 0.978704 0.039063 0.238889
0 0.377865 0.242593 0.040104 0.103704
0 0.367969 0.325463 0.029687 0.112037
0 0.433333 0.213889 0.032292 0.157407
0 0.161198 0.288889 0.028646 0.162963
0 0.135677 0.286111 0.031771 0.179630
0 0.590365 1.025463 0.052604 0.150926
0 0.402865 0.145370 0.024479 0.140741
0 0.262500 0.106944 0.022917 0.134259
0 0.651563 0.082407 0.031250 0.109259
0 0.305729 0.183333 0.025000 0.162963
0 0.167448 0.053241 0.026562 0.139815
0 0.200000 0.183333 0.025000 0.159259
0 0.163021 0.193519 0.025000 0.155556
0 0.129688 0.199074 0.028125 0.148148
0 0.472917 -0.008796 0.026042 0.149074
0 0.181510 0.421296 0.035937 0.196296
0 0.256510 0.059259 0.027604 0.148148
0 0.750521 0.921296 0.052083 0.233333
0 0.704427 0.939815 0.043229 0.227778
0 0.864323 0.229167 0.038021 0.167593
0 0.790885 0.229630 0.027604 0.157407
0 0.786458 0.071296 0.030208 0.131481
0 0.262500 0.192130 0.022917 0.163889
0 0.234896 0.195833 0.036458 0.149074
0 0.225521 0.078704 0.028125 0.148148
0 0.197396 0.073611 0.026042 0.141667
0 0.842969 -0.006019 0.020313 0.078704
0 0.593490 0.027315 0.030729 0.132407
