0 0.844792 0.654630 0.048958 0.214815
0 0.294792 0.609722 0.057292 0.221296
0 0.914583 0.518981 0.048958 0.193519
0 0.514323 0.981019 0.039063 0.236111
0 0.377865 0.242593 0.040104 0.103704
0 0.367969 0.325463 0.029687 0.112037
0 0.433594 0.213426 0.033854 0.156481
0 0.512240 -0.018056 0.025521 0.130556
0 0.333854 0.126852 0.019792 0.131481
0 0.146875 0.315278 0.030208 0.169444
0 0.117448 0.307407 0.034896 0.187037
0 0.605990 0.975000 0.052604 0.238889
0 0.641667 0.981481 0.046875 0.222222
0 0.402865 0.145370 0.022396 0.140741
0 0.411719 0.124074 0.026562 0.159259
0 0.271094 0.145370 0.023438 0.144444
0 0.651563 0.082407 0.031250 0.109259
0 0.195313 1.010648 0.052083 0.178704
0 0.300521 0.183796 0.031250 0.163889
0 0.155729 0.070833 0.030208 0.145370
0 0.200260 0.183333 0.025521 0.159259
0 0.163021 0.193056 0.025000 0.156481
0 0.133594 0.198611 0.023438 0.147222
0 0.150000 0.166204 0.029167 0.162037
0 0.469010 0.004167 0.025521 0.149074
0 0.196094 0.370833 0.033854 0.189815
0 0.265365 0.099074 0.031771 0.161111
0 0.815365 1.003241 0.046354 0.182407
0 0.772396 1.015278 0.040625 0.162037
0 0.865625 0.273611 0.037500 0.175000
0 0.808333 0.258796 0.033333 0.165741
0 0.786458 0.071296 0.030208 0.131481
0 0.837240 0.015741 0.027604 0.140741
0 0.248438 0.160648 0.023958 0.160185
0 0.229167 0.168519 0.023958 0.140741
0 0.233854 0.045370 0.030208 0.144444
0 0.197396 0.040278 0.028125 0.141667
0 0.647396 0.052315 0.034375 0.121296
