0 0.844792 0.654630 0.048958 0.214815
0 0.317188 0.611574 0.037500 0.225000
0 0.914323 0.518981 0.048438 0.193519
0 0.526042 0.985648 0.039583 0.223148
0 0.377865 0.242593 0.040104 0.103704
0 0.367969 0.325463 0.029687 0.112037
0 0.433594 0.213426 0.033854 0.156481
0 0.514323 -0.015278 0.025521 0.130556
0 0.333594 0.126852 0.020313 0.131481
0 0.143229 0.318981 0.031250 0.171296
0 0.109375 0.313426 0.038542 0.184259
0 0.604427 0.960185 0.055729 0.240741
0 0.640365 0.963889 0.050521 0.224074
0 0.403125 0.145370 0.021875 0.140741
0 0.417448 0.125000 0.027604 0.159259
0 0.270052 0.153704 0.023438 0.144444
0 0.651563 0.082407 0.031250 0.109259
0 0.150521 1.026852 0.043750 0.146296
0 0.193229 0.998148 0.052083 0.201852
0 0.303125 0.183796 0.027083 0.163889
0 0.159896 0.077315 0.030208 0.145370
0 0.200521 0.183333 0.026042 0.159259
0 0.163021 0.193056 0.025000 0.156481
0 0.130990 0.199074 0.027604 0.148148
0 0.153646 0.166204 0.029167 0.162037
0 0.467448 0.004167 0.025521 0.149074
0 0.201302 0.362037 0.032813 0.185185
0 0.268490 0.106481 0.031771 0.161111
0 0.831771 1.018519 0.040625 0.153704
0 0.784375 1.027315 0.038542 0.139815
0 0.866146 0.285185 0.041667 0.175926
0 0.817969 0.268519 0.026562 0.166667
0 0.786458 0.070370 0.030208 0.131481
0 0.848177 0.015741 0.027604 0.140741
0 0.243229 0.151852 0.023958 0.153704
0 0.223698 0.162963 0.025521 0.140741
0 0.234115 0.043519 0.030729 0.144444
0 0.197396 0.034722 0.026042 0.141667
