0 0.845052 0.654630 0.049479 0.214815
0 0.216406 0.608333 0.052604 0.231481
0 0.916406 0.518519 0.050521 0.192593
0 0.452865 0.976389 0.041146 0.241667
0 0.377865 0.242593 0.040104 0.103704
0 0.367969 0.325463 0.029687 0.112037
0 0.432292 0.212500 0.028125 0.158333
0 0.169271 0.283796 0.029167 0.165741
0 0.142187 0.279630 0.030208 0.183333
0 0.402865 0.145370 0.024479 0.140741
0 0.263021 0.100463 0.022917 0.134259
0 0.651563 0.082407 0.031250 0.109259
0 0.306250 0.183333 0.026042 0.162963
0 0.174740 0.049537 0.026562 0.139815
0 0.200000 0.182407 0.025000 0.159259
0 0.163021 0.193519 0.025000 0.155556
0 0.129948 0.199537 0.027604 0.149074
0 0.472656 -0.012500 0.025521 0.149074
0 0.179167 0.437037 0.034375 0.194444
0 0.259375 0.052315 0.030208 0.147222
0 0.727865 0.891667 0.049479 0.237037
0 0.679688 0.907870 0.046875 0.228704
0 0.859115 0.222222 0.034896 0.168519
0 0.788542 0.215278 0.027083 0.158333
0 0.786458 0.072222 0.030208 0.131481
0 0.265104 0.202315 0.022917 0.163889
0 0.235417 0.205556 0.030208 0.148148
0 0.153385 0.043519 0.027604 0.131481
0 0.225521 0.090741 0.028125 0.148148
0 0.195313 0.084722 0.026042 0.141667
0 0.840885 -0.005093 0.023438 0.080556
0 0.569010 0.024537 0.035937 0.130556
