0 0.845052 0.653704 0.049479 0.216667
0 0.345052 0.621296 0.043229 0.231481
0 0.913542 0.518981 0.046875 0.193519
0 0.534375 0.986111 0.039583 0.227778
0 0.377865 0.242593 0.040104 0.103704
0 0.367969 0.325463 0.029687 0.112037
0 0.433333 0.213426 0.033333 0.156481
0 0.517448 -0.005093 0.025521 0.130556
0 0.489844 -0.009259 0.027604 0.138889
0 0.333594 0.126852 0.020313 0.131481
0 0.139844 0.327778 0.031771 0.170370
0 0.103385 0.319907 0.029687 0.187963
0 0.594792 0.934722 0.064583 0.241667
0 0.633854 0.936574 0.050000 0.226852
0 0.403385 0.145370 0.021354 0.140741
0 0.425521 0.125926 0.028125 0.151852
0 0.266406 0.162963 0.023438 0.144444
0 0.651563 0.082407 0.031250 0.109259
0 0.154167 1.012037 0.043750 0.175926
0 0.191146 0.979630 0.053125 0.237037
0 0.304948 0.185648 0.025521 0.160185
0 0.164583 0.083333 0.028125 0.146296
0 0.200521 0.183333 0.026042 0.159259
0 0.163021 0.193056 0.025000 0.156481
0 0.127865 0.199074 0.027604 0.148148
0 0.159375 0.167130 0.028125 0.154630
0 0.466667 0.010648 0.026042 0.149074
0 0.205990 0.345833 0.033854 0.180556
0 0.266406 0.121296 0.031771 0.161111
0 0.875260 0.298148 0.035937 0.179630
0 0.823177 0.280556 0.026562 0.166667
0 0.786458 0.070370 0.030208 0.131481
0 0.998177 0.350463 0.035937 0.163889
0 0.857031 0.031481 0.027604 0.140741
0 0.238542 0.145370 0.025000 0.155556
0 0.217188 0.154630 0.025000 0.140741
0 0.234896 0.029630 0.030208 0.144444
0 0.202344 0.023611 0.026562 0.141667
