0 0.845052 0.654630 0.049479 0.214815
0 0.248698 0.604167 0.036979 0.228704
0 0.916406 0.518981 0.051562 0.193519
0 0.475260 0.979167 0.039063 0.239815
0 0.377865 0.242593 0.040104 0.103704
0 0.367969 0.325463 0.029687 0.112037
0 0.433333 0.213889 0.032292 0.157407
0 0.157812 0.296296 0.030208 0.168519
0 0.131250 0.293519 0.029167 0.181481
0 0.597656 1.012037 0.052604 0.177778
0 0.641146 1.015278 0.048958 0.169444
0 0.403385 0.145833 0.023438 0.141667
0 0.403906 0.121296 0.027604 0.159259
0 0.263021 0.117130 0.022917 0.134259
0 0.651563 0.082407 0.031250 0.109259
0 0.303385 0.184259 0.027604 0.162963
0 0.164844 0.061574 0.026562 0.139815
0 0.200000 0.183333 0.025000 0.159259
0 0.163021 0.193519 0.025000 0.155556
0 0.129167 0.199074 0.026042 0.148148
0 0.151042 0.168056 0.029167 0.162037
0 0.472917 -0.006944 0.026042 0.149074
0 0.185938 0.406944 0.036458 0.189815
0 0.258333 0.068056 0.028125 0.150926
0 0.766406 0.946759 0.052604 0.234259
0 0.721615 0.961111 0.044271 0.225926
0 0.860417 0.240741 0.039583 0.172222
0 0.792969 0.237500 0.029687 0.162037
0 0.786458 0.071296 0.030208 0.131481
0 0.259896 0.185648 0.022917 0.162037
0 0.236198 0.186574 0.031771 0.145370
0 0.226823 0.070833 0.027604 0.143519
0 0.196875 0.068981 0.026042 0.141667
0 0.844531 -0.006944 0.017188 0.076852
0 0.610677 0.037037 0.038021 0.133333
