0 0.845052 0.654630 0.049479 0.214815
0 0.234375 0.604630 0.042708 0.229630
0 0.916667 0.518981 0.052083 0.193519
0 0.467969 0.979167 0.039063 0.239815
0 0.377865 0.242593 0.040104 0.103704
0 0.367969 0.325463 0.029687 0.112037
0 0.433333 0.213889 0.032292 0.157407
0 0.159375 0.290741 0.029167 0.162963
0 0.134115 0.287963 0.030729 0.179630
0 0.592448 1.020833 0.052604 0.160185
0 0.402865 0.145833 0.024479 0.141667
0 0.262500 0.110648 0.022917 0.134259
0 0.651563 0.082407 0.031250 0.109259
0 0.305208 0.183796 0.025000 0.163889
0 0.165885 0.056019 0.026562 0.139815
0 0.200000 0.183333 0.025000 0.159259
0 0.163021 0.193519 0.025000 0.155556
0 0.129948 0.199074 0.027604 0.148148
0 0.472917 -0.007870 0.026042 0.149074
0 0.182552 0.417130 0.035937 0.195370
0 0.256510 0.061111 0.027604 0.148148
0 0.756771 0.931481 0.054167 0.233333
0 0.710938 0.946296 0.042708 0.227778
0 0.864323 0.231019 0.039063 0.165741
0 0.791927 0.230556 0.027604 0.157407
0 0.786458 0.071296 0.030208 0.131481
0 0.261458 0.188426 0.022917 0.163889
0 0.234896 0.189815 0.036458 0.146296
0 0.226563 0.075463 0.028125 0.147222
0 0.197396 0.072685 0.026042 0.141667
0 0.843490 -0.006481 0.019271 0.077778
0 0.599740 0.029167 0.030729 0.132407
