0 0.845052 0.653704 0.049479 0.216667
0 0.347917 0.621296 0.042708 0.231481
0 0.913542 0.518981 0.046875 0.193519
0 0.534635 0.985648 0.039063 0.228704
0 0.377865 0.242593 0.040104 0.103704
0 0.367969 0.325463 0.029687 0.112037
0 0.433073 0.213426 0.032813 0.156481
0 0.517969 -0.005093 0.025521 0.130556
0 0.490104 -0.008796 0.027083 0.139815
0 0.333594 0.126852 0.020313 0.131481
0 0.139323 0.327778 0.031771 0.170370
0 0.103385 0.320370 0.029687 0.188889
0 0.594010 0.933333 0.065104 0.242593
0 0.633073 0.935185 0.050521 0.227778
0 0.403385 0.145370 0.021354 0.140741
0 0.426302 0.125926 0.028646 0.151852
0 0.265885 0.163889 0.023438 0.144444
0 0.651563 0.082407 0.031250 0.109259
0 0.154167 1.010648 0.043750 0.178704
0 0.191146 0.978241 0.053125 0.239815
0 0.304948 0.185648 0.025521 0.160185
0 0.164583 0.084259 0.028125 0.146296
0 0.200521 0.183333 0.026042 0.159259
0 0.163021 0.193056 0.025000 0.156481
0 0.127344 0.199074 0.027604 0.148148
0 0.466667 0.010648 0.026042 0.149074
0 0.206250 0.345370 0.033333 0.181481
0 0.266927 0.122222 0.031771 0.161111
0 0.875781 0.298611 0.035937 0.180556
0 0.823177 0.281019 0.026562 0.167593
0 0.786458 0.070370 0.030208 0.131481
0 0.997396 0.349537 0.036458 0.163889
0 0.858073 0.032407 0.027604 0.140741
0 0.238021 0.144444 0.025000 0.155556
0 0.216927 0.154167 0.024479 0.141667
0 0.234896 0.029630 0.030208 0.144444
0 0.202865 0.023611 0.026562 0.141667
