0 0.844792 0.654630 0.048958 0.214815
0 0.321875 0.614815 0.041667 0.225926
0 0.914063 0.518981 0.047917 0.193519
0 0.528385 0.986574 0.039063 0.223148
0 0.377865 0.242593 0.040104 0.103704
0 0.367969 0.325463 0.029687 0.112037
0 0.433594 0.213426 0.033854 0.156481
0 0.514844 -0.012500 0.025521 0.130556
0 0.333594 0.126852 0.020313 0.131481
0 0.142708 0.321759 0.031250 0.171296
0 0.107552 0.313426 0.034896 0.184259
0 0.602865 0.954630 0.058854 0.240741
0 0.639323 0.957870 0.049479 0.225000
0 0.403385 0.145370 0.021354 0.140741
0 0.419010 0.125926 0.027604 0.157407
0 0.269531 0.154630 0.023438 0.144444
0 0.651563 0.082407 0.031250 0.109259
0 0.152083 1.024537 0.043750 0.150926
0 0.192188 0.994444 0.052083 0.209259
0 0.303385 0.184259 0.026562 0.162963
0 0.160938 0.077778 0.029167 0.146296
0 0.200521 0.183333 0.026042 0.159259
0 0.163021 0.193056 0.025000 0.156481
0 0.130469 0.199074 0.027604 0.148148
0 0.154688 0.166667 0.029167 0.161111
0 0.467448 0.006019 0.025521 0.149074
0 0.203125 0.356481 0.033333 0.183333
0 0.267448 0.109259 0.031771 0.161111
0 0.837240 1.024074 0.036979 0.142593
0 0.867969 0.287963 0.039063 0.175926
0 0.819531 0.271296 0.026562 0.166667
0 0.786458 0.070370 0.030208 0.131481
0 1.006510 0.357870 0.035937 0.163889
0 0.849740 0.019444 0.027604 0.140741
0 0.242188 0.150926 0.023958 0.155556
0 0.222135 0.161111 0.025521 0.140741
0 0.234115 0.039815 0.030729 0.144444
0 0.197396 0.031944 0.026042 0.141667
