0 0.845833 0.654630 0.051042 0.214815
0 0.319271 0.648611 0.035417 0.230556
0 0.916667 0.516667 0.037500 0.196296
0 0.477604 0.991667 0.045833 0.212963
0 0.377865 0.242593 0.040104 0.103704
0 0.367969 0.325463 0.029687 0.112037
0 0.421354 0.202778 0.027083 0.161111
0 0.187500 0.252778 0.026042 0.159259
0 0.159635 0.248148 0.028646 0.177778
0 0.404167 0.140278 0.027083 0.145370
0 0.247135 0.028241 0.021354 0.123148
0 0.651563 0.081481 0.031250 0.109259
0 0.300521 0.187500 0.031250 0.160185
0 0.174740 0.049074 0.023438 0.138889
0 0.200000 0.179630 0.025000 0.159259
0 0.134115 0.200463 0.025521 0.150926
0 0.121615 0.180556 0.025521 0.168519
0 0.467187 -0.025463 0.026042 0.147222
0 0.171354 0.567593 0.039583 0.209259
0 0.596094 0.682870 0.038021 0.225000
0 0.561198 0.712500 0.038021 0.232407
0 0.832812 0.141667 0.031250 0.161111
0 0.764323 0.138889 0.024479 0.148148
0 0.837240 0.042130 0.028646 0.130556
0 0.789583 0.089352 0.030208 0.134259
0 0.276042 -0.007870 0.018750 0.123148
0 0.246094 0.287037 0.026562 0.174074
0 0.220312 0.289352 0.036458 0.160185
0 0.145833 0.047222 0.026042 0.129630
0 0.262500 0.158796 0.030208 0.156481
0 0.234375 0.154167 0.028125 0.154630
0 0.430729 -0.003704 0.029167 0.129630
