0 0.845313 0.654630 0.050000 0.214815
0 0.230990 0.621759 0.051562 0.228704
0 0.915885 0.518056 0.047396 0.191667
0 0.464583 0.983796 0.042708 0.232407
0 0.377865 0.242593 0.040104 0.103704
0 0.367969 0.325463 0.029687 0.112037
0 0.421615 0.208333 0.025521 0.159259
0 0.179688 0.267593 0.035417 0.161111
0 0.149479 0.268519 0.029167 0.185185
0 0.403385 0.145833 0.024479 0.139815
0 0.254167 0.077315 0.021875 0.130556
0 0.651563 0.081481 0.031250 0.109259
0 0.302083 0.186574 0.029167 0.162037
0 0.181510 0.049074 0.026562 0.138889
0 0.200000 0.181481 0.025000 0.159259
0 0.163021 0.193519 0.025000 0.155556
0 0.135677 0.200463 0.025521 0.150926
0 0.121615 0.179167 0.025521 0.171296
0 0.470312 -0.018981 0.026042 0.149074
0 0.174479 0.477778 0.037500 0.198148
0 0.674740 0.823148 0.051562 0.253704
0 0.633073 0.836111 0.042188 0.240741
0 0.847656 0.193519 0.031771 0.164815
0 0.781510 0.186574 0.025521 0.158333
0 0.758594 -0.004167 0.022396 0.123148
0 0.785417 0.072222 0.030208 0.131481
0 0.261198 0.232870 0.024479 0.165741
0 0.232031 0.237963 0.033854 0.150000
0 0.147135 0.046759 0.024479 0.130556
0 0.233333 0.108796 0.031250 0.147222
0 0.204167 0.105556 0.027083 0.140741
0 0.834635 -0.002315 0.021354 0.078704
0 0.514323 0.010648 0.032813 0.128704
