0 0.845833 0.654630 0.051042 0.214815
0 0.339323 0.652778 0.038021 0.225926
0 0.916667 0.516667 0.037500 0.196296
0 0.475260 0.985648 0.045312 0.226852
0 0.377865 0.242593 0.040104 0.103704
0 0.367969 0.325463 0.029687 0.112037
0 0.421615 0.202778 0.025521 0.162963
0 0.192188 0.250000 0.025000 0.161111
0 0.159896 0.246759 0.029167 0.182407
0 0.404948 0.139815 0.028646 0.146296
0 0.399740 0.114815 0.029687 0.155556
0 0.241927 0.018981 0.021354 0.123148
0 0.651563 0.081481 0.031250 0.109259
0 0.301042 0.187500 0.031250 0.160185
0 0.174740 0.049074 0.023438 0.138889
0 0.200000 0.179630 0.025000 0.159259
0 0.163021 0.192593 0.026042 0.155556
0 0.134115 0.200463 0.025521 0.150926
0 0.121615 0.181019 0.025521 0.167593
0 0.467187 -0.025463 0.026042 0.147222
0 0.168490 0.592593 0.040104 0.218519
0 0.584896 0.665741 0.045833 0.233333
0 0.547135 0.681019 0.040104 0.221296
0 0.826302 0.133796 0.030729 0.160185
0 0.763021 0.127315 0.023958 0.147222
0 0.852865 0.048611 0.026562 0.136111
0 0.804688 0.029630 0.023958 0.135185
0 0.786198 0.095833 0.030729 0.136111
0 0.565625 -0.021296 0.022917 0.135185
0 0.389844 -0.018056 0.022396 0.125000
0 0.272917 -0.000463 0.018750 0.125000
0 0.244531 0.301852 0.027604 0.175926
0 0.219792 0.303704 0.034375 0.162963
0 0.145573 0.047222 0.026562 0.129630
0 0.265625 0.166667 0.033333 0.159259
0 0.234375 0.166204 0.028125 0.156481
0 0.419271 -0.004167 0.022917 0.128704
