0 0.845573 0.654630 0.050521 0.214815
0 0.265365 0.637037 0.052604 0.231481
0 0.915104 0.517593 0.044792 0.190741
0 0.464844 0.989352 0.045312 0.221296
0 0.377865 0.242593 0.040104 0.103704
0 0.367969 0.325463 0.029687 0.112037
0 0.420833 0.206019 0.031250 0.160185
0 0.188021 0.259722 0.028125 0.158333
0 0.150521 0.259259 0.031250 0.179630
0 0.403385 0.146296 0.024479 0.138889
0 0.254167 0.060185 0.021875 0.129630
0 0.651563 0.081481 0.031250 0.109259
0 0.301042 0.187963 0.031250 0.161111
0 0.174740 0.049074 0.023438 0.138889
0 0.200000 0.180556 0.025000 0.159259
0 0.163281 0.192593 0.025521 0.155556
0 0.135937 0.200463 0.025000 0.150926
0 0.121615 0.179630 0.025521 0.170370
0 0.175521 0.516667 0.036458 0.205556
0 0.635938 0.759259 0.044792 0.242593
0 0.598958 0.776389 0.040625 0.234259
0 0.846615 0.167130 0.029687 0.162037
0 0.775781 0.165741 0.028646 0.153704
0 0.792969 0.078704 0.029687 0.131481
0 0.255469 0.260185 0.027604 0.174074
0 0.226563 0.260648 0.034375 0.156481
0 0.146615 0.046759 0.024479 0.130556
0 0.245833 0.131481 0.029167 0.155556
0 0.219010 0.130556 0.026562 0.155556
0 0.473438 0.002778 0.031250 0.133333
