0 0.845313 0.654630 0.050000 0.214815
0 0.231771 0.622222 0.051042 0.227778
0 0.915885 0.518056 0.047396 0.191667
0 0.464062 0.984259 0.042708 0.231481
0 0.377865 0.242593 0.040104 0.103704
0 0.367969 0.325463 0.029687 0.112037
0 0.421615 0.208333 0.025521 0.159259
0 0.179948 0.267593 0.034896 0.161111
0 0.149479 0.268519 0.029167 0.185185
0 0.403385 0.145833 0.024479 0.139815
0 0.254167 0.076389 0.021875 0.130556
0 0.651563 0.081481 0.031250 0.109259
0 0.302083 0.186574 0.029167 0.162037
0 0.181250 0.049074 0.026042 0.138889
0 0.200000 0.181481 0.025000 0.159259
0 0.163021 0.193519 0.025000 0.155556
0 0.135677 0.200463 0.025521 0.150926
0 0.121615 0.179167 0.025521 0.171296
0 0.470312 -0.018981 0.026042 0.149074
0 0.174479 0.479630 0.037500 0.198148
0 0.672917 0.820370 0.052083 0.253704
0 0.632031 0.833796 0.042188 0.239815
0 0.847656 0.191667 0.031771 0.164815
0 0.781250 0.185648 0.026042 0.158333
0 0.759635 -0.004630 0.022396 0.124074
0 0.785417 0.072222 0.030208 0.131481
0 0.261198 0.233796 0.024479 0.165741
0 0.232292 0.238889 0.033333 0.150000
0 0.147135 0.046759 0.024479 0.130556
0 0.233854 0.109722 0.031250 0.147222
0 0.204167 0.105556 0.027083 0.140741
0 0.834375 -0.002315 0.020833 0.078704
0 0.513021 0.010648 0.033333 0.128704
