0 0.845833 0.654630 0.051042 0.214815
0 0.310937 0.646759 0.037500 0.234259
0 0.916927 0.516667 0.038021 0.196296
0 0.477865 0.993519 0.045312 0.212963
0 0.377865 0.242593 0.040104 0.103704
0 0.367969 0.325463 0.029687 0.112037
0 0.422396 0.202778 0.030208 0.159259
0 0.185938 0.253241 0.027083 0.158333
0 0.159115 0.248148 0.028646 0.177778
0 0.403646 0.140741 0.026042 0.146296
0 0.248698 0.030093 0.021354 0.125000
0 0.651563 0.081481 0.031250 0.109259
0 0.300000 0.187500 0.031250 0.160185
0 0.174740 0.049074 0.023438 0.138889
0 0.200000 0.180556 0.025000 0.159259
0 0.134115 0.200463 0.025521 0.150926
0 0.121615 0.180556 0.025521 0.168519
0 0.467187 -0.025463 0.026042 0.147222
0 0.171615 0.559722 0.039063 0.208333
0 0.602083 0.697685 0.041667 0.230556
0 0.566146 0.717593 0.039583 0.229630
0 0.834375 0.148611 0.031250 0.162037
0 0.765885 0.141667 0.025521 0.148148
0 0.831510 0.036574 0.028646 0.125000
0 0.790365 0.086111 0.029687 0.135185
0 0.278385 -0.012037 0.019271 0.122222
0 0.247135 0.280556 0.026562 0.174074
0 0.221354 0.283796 0.036458 0.160185
0 0.146094 0.046759 0.025521 0.130556
0 0.260677 0.151852 0.030729 0.153704
0 0.232031 0.151389 0.028646 0.154630
0 0.435937 -0.003704 0.032292 0.131481
