0 0.845833 0.654630 0.051042 0.214815
0 0.309635 0.646296 0.039063 0.233333
0 0.916927 0.516667 0.038021 0.196296
0 0.477865 0.993519 0.045312 0.212963
0 0.377865 0.242593 0.040104 0.103704
0 0.367969 0.325463 0.029687 0.112037
0 0.422656 0.202778 0.030729 0.159259
0 0.185938 0.253241 0.027083 0.158333
0 0.159115 0.248148 0.028646 0.177778
0 0.403646 0.141204 0.026042 0.145370
0 0.249219 0.031019 0.021354 0.125000
0 0.651563 0.081481 0.031250 0.109259
0 0.300000 0.187500 0.031250 0.160185
0 0.174740 0.049074 0.023438 0.138889
0 0.200000 0.180556 0.025000 0.159259
0 0.134115 0.200463 0.025521 0.150926
0 0.121615 0.180556 0.025521 0.168519
0 0.467187 -0.025463 0.026042 0.147222
0 0.172135 0.557870 0.039063 0.208333
0 0.602865 0.700463 0.042188 0.230556
0 0.567187 0.718056 0.039583 0.228704
0 0.834375 0.149074 0.031250 0.161111
0 0.766146 0.142593 0.026042 0.148148
0 0.830729 0.035185 0.028125 0.125926
0 0.790365 0.086111 0.029687 0.135185
0 0.278906 -0.013889 0.019271 0.122222
0 0.247656 0.280093 0.026562 0.173148
0 0.221354 0.282870 0.036458 0.160185
0 0.146094 0.046759 0.025521 0.130556
0 0.260156 0.150926 0.030729 0.153704
0 0.231510 0.151389 0.028646 0.154630
0 0.436979 -0.003704 0.031250 0.131481
