0 0.845833 0.654630 0.051042 0.214815
0 0.315104 0.648148 0.034375 0.235185
0 0.916667 0.516667 0.037500 0.196296
0 0.477865 0.993056 0.045312 0.212037
0 0.377865 0.242593 0.040104 0.103704
0 0.367969 0.325463 0.029687 0.112037
0 0.422135 0.202315 0.028646 0.160185
0 0.186458 0.252778 0.027083 0.159259
0 0.159635 0.248148 0.028646 0.177778
0 0.403906 0.140278 0.026562 0.145370
0 0.247656 0.028241 0.021354 0.123148
0 0.651563 0.081481 0.031250 0.109259
0 0.300521 0.187500 0.031250 0.160185
0 0.174740 0.049074 0.023438 0.138889
0 0.200000 0.179630 0.025000 0.159259
0 0.134115 0.200463 0.025521 0.150926
0 0.121615 0.180556 0.025521 0.168519
0 0.467187 -0.025463 0.026042 0.147222
0 0.171354 0.564352 0.039583 0.208333
0 0.598958 0.689815 0.039583 0.227778
0 0.563802 0.714815 0.039063 0.231481
0 0.833594 0.145833 0.030729 0.162037
0 0.765104 0.139815 0.023958 0.148148
0 0.834115 0.039815 0.028646 0.127778
0 0.789844 0.087037 0.029687 0.135185
0 0.277344 -0.009259 0.019271 0.122222
0 0.246615 0.283333 0.026562 0.174074
0 0.220833 0.286574 0.036458 0.160185
0 0.145833 0.047222 0.026042 0.129630
0 0.261719 0.155093 0.030729 0.154630
0 0.233594 0.153241 0.028646 0.154630
0 0.433073 -0.003704 0.032813 0.129630
