0 0.845833 0.654630 0.051042 0.214815
0 0.328906 0.649537 0.036979 0.221296
0 0.916667 0.516667 0.037500 0.196296
0 0.476563 0.987963 0.045833 0.214815
0 0.377865 0.242593 0.040104 0.103704
0 0.367969 0.325463 0.029687 0.112037
0 0.420052 0.202778 0.024479 0.162963
0 0.189583 0.252778 0.025000 0.161111
0 0.159896 0.248148 0.029167 0.179630
0 0.404687 0.139815 0.028125 0.146296
0 0.400781 0.116667 0.031771 0.157407
0 0.245573 0.027315 0.021354 0.123148
0 0.651563 0.081481 0.031250 0.109259
0 0.301042 0.187500 0.031250 0.160185
0 0.174740 0.049074 0.023438 0.138889
0 0.200000 0.179630 0.025000 0.159259
0 0.163021 0.192593 0.026042 0.155556
0 0.134115 0.200463 0.025521 0.150926
0 0.121615 0.180556 0.025521 0.168519
0 0.467187 -0.025463 0.026042 0.147222
0 0.171354 0.576389 0.040625 0.212037
0 0.590365 0.678704 0.047396 0.233333
0 0.554167 0.697222 0.039583 0.227778
0 0.829948 0.134722 0.030729 0.160185
0 0.763021 0.134259 0.023958 0.148148
0 0.844271 0.046296 0.028125 0.137037
0 0.788281 0.093519 0.030729 0.135185
0 0.273438 -0.005093 0.018750 0.125000
0 0.244792 0.294907 0.027083 0.175000
0 0.220573 0.296759 0.034896 0.162037
0 0.145573 0.047222 0.026562 0.129630
0 0.264323 0.165278 0.030729 0.160185
0 0.234375 0.160648 0.028125 0.154630
0 0.425000 -0.004167 0.021875 0.128704
