0 0.845833 0.654630 0.051042 0.214815
0 0.304427 0.643981 0.047396 0.228704
0 0.917448 0.516667 0.039063 0.194444
0 0.477604 0.992593 0.045833 0.214815
0 0.377865 0.242593 0.040104 0.103704
0 0.367969 0.325463 0.029687 0.112037
0 0.422917 0.203704 0.032292 0.159259
0 0.185417 0.255093 0.028125 0.158333
0 0.158073 0.248148 0.028646 0.177778
0 0.403646 0.141667 0.026042 0.144444
0 0.250521 0.035648 0.021875 0.128704
0 0.651563 0.081481 0.031250 0.109259
0 0.300000 0.187500 0.031250 0.160185
0 0.174740 0.049074 0.023438 0.138889
0 0.200000 0.180556 0.025000 0.159259
0 0.134375 0.200463 0.025000 0.150926
0 0.121615 0.180093 0.025521 0.169444
0 0.467187 -0.025463 0.026042 0.147222
0 0.172656 0.551852 0.039063 0.209259
0 0.607292 0.710648 0.044792 0.234259
0 0.571094 0.725463 0.040104 0.230556
0 0.834375 0.150463 0.031250 0.160185
0 0.766927 0.147222 0.028646 0.148148
0 0.827083 0.029167 0.027083 0.126852
0 0.791406 0.086111 0.029687 0.135185
0 0.248958 0.278241 0.027083 0.171296
0 0.222396 0.279630 0.036458 0.159259
0 0.146094 0.046759 0.025521 0.130556
0 0.259115 0.147222 0.030729 0.153704
0 0.229948 0.149537 0.028646 0.154630
0 0.441146 -0.004167 0.027083 0.132407
