0 0.845833 0.654630 0.051042 0.214815
0 0.301823 0.643056 0.050521 0.226852
0 0.917708 0.516667 0.039583 0.194444
0 0.477604 0.992593 0.045833 0.214815
0 0.377865 0.242593 0.040104 0.103704
0 0.367969 0.325463 0.029687 0.112037
0 0.423437 0.203704 0.033333 0.159259
0 0.185417 0.255556 0.028125 0.157407
0 0.158073 0.248148 0.028646 0.177778
0 0.403646 0.142130 0.026042 0.143519
0 0.251563 0.037963 0.021875 0.129630
0 0.651563 0.081481 0.031250 0.109259
0 0.300000 0.187500 0.031250 0.160185
0 0.174740 0.049074 0.023438 0.138889
0 0.200000 0.180556 0.025000 0.159259
0 0.134375 0.200463 0.025000 0.150926
0 0.121615 0.180093 0.025521 0.169444
0 0.173177 0.548148 0.039063 0.209259
0 0.609896 0.715278 0.045833 0.236111
0 0.573698 0.731019 0.040104 0.232407
0 0.834375 0.151389 0.031250 0.160185
0 0.767188 0.149537 0.030208 0.149074
0 0.825260 0.025926 0.026562 0.127778
0 0.791927 0.086111 0.029687 0.135185
0 0.249479 0.277315 0.027083 0.171296
0 0.222917 0.277778 0.036458 0.159259
0 0.146094 0.046759 0.025521 0.130556
0 0.258594 0.145370 0.030729 0.153704
0 0.228385 0.147685 0.028646 0.154630
0 0.443229 -0.004167 0.025000 0.132407
