0 0.845313 0.654630 0.050000 0.214815
0 0.218490 0.613889 0.033854 0.229630
0 0.916146 0.518056 0.048958 0.191667
0 0.455729 0.982407 0.042708 0.235185
0 0.377865 0.242593 0.040104 0.103704
0 0.367969 0.325463 0.029687 0.112037
0 0.430208 0.211111 0.022917 0.161111
0 0.173437 0.276852 0.029167 0.164815
0 0.148177 0.271759 0.029687 0.182407
0 0.402865 0.145833 0.024479 0.139815
0 0.259115 0.085185 0.022396 0.127778
0 0.651563 0.081481 0.031250 0.109259
0 0.306250 0.183333 0.027083 0.162963
0 0.183073 0.049537 0.026562 0.139815
0 0.200000 0.182407 0.025000 0.159259
0 0.163021 0.193519 0.025000 0.155556
0 0.130990 0.197685 0.025521 0.150926
0 0.121875 0.179630 0.026042 0.170370
0 0.472135 -0.015278 0.025521 0.149074
0 0.173177 0.452315 0.039063 0.193519
0 0.705990 0.861574 0.046354 0.249074
0 0.660677 0.882407 0.045312 0.242593
0 0.852344 0.212500 0.035937 0.169444
0 0.782292 0.203241 0.027083 0.156481
0 0.738802 -0.019444 0.022396 0.116667
0 0.786198 0.072222 0.029687 0.131481
0 0.264844 0.216667 0.024479 0.162963
0 0.234635 0.219444 0.034896 0.150000
0 0.147135 0.046759 0.024479 0.130556
0 0.228385 0.097222 0.028646 0.148148
0 0.198437 0.093981 0.027083 0.141667
0 0.839583 -0.005093 0.020833 0.080556
0 0.546615 0.018981 0.032813 0.130556
