0 0.845573 0.654630 0.050521 0.214815
0 0.298958 0.642130 0.051042 0.226852
0 0.917448 0.516667 0.040104 0.192593
0 0.477083 0.992130 0.045833 0.215741
0 0.377865 0.242593 0.040104 0.103704
0 0.367969 0.325463 0.029687 0.112037
0 0.423437 0.204630 0.033333 0.159259
0 0.185417 0.256481 0.028125 0.157407
0 0.157552 0.249537 0.028646 0.178704
0 0.403385 0.143056 0.025521 0.143519
0 0.252083 0.039352 0.021875 0.130556
0 0.651563 0.081481 0.031250 0.109259
0 0.299740 0.187500 0.031771 0.160185
0 0.174740 0.049074 0.023438 0.138889
0 0.200000 0.180556 0.025000 0.159259
0 0.163021 0.192593 0.026042 0.155556
0 0.134635 0.200463 0.025521 0.150926
0 0.121615 0.180093 0.025521 0.169444
0 0.173958 0.545370 0.039583 0.209259
0 0.612760 0.720370 0.047396 0.238889
0 0.576042 0.736111 0.040625 0.235185
0 0.834635 0.152778 0.031771 0.159259
0 0.767708 0.152315 0.031250 0.149074
0 0.792448 0.086111 0.029687 0.135185
0 0.250521 0.276852 0.027083 0.170370
0 0.223177 0.275926 0.035937 0.159259
0 0.146354 0.046759 0.025000 0.130556
0 0.258073 0.144444 0.030729 0.153704
0 0.227344 0.145833 0.028646 0.154630
0 0.445573 -0.004167 0.025521 0.132407
