0 0.845313 0.654630 0.050000 0.214815
0 0.232552 0.622222 0.050521 0.227778
0 0.915625 0.518056 0.046875 0.191667
0 0.463542 0.984722 0.042708 0.230556
0 0.377865 0.242593 0.040104 0.103704
0 0.367969 0.325463 0.029687 0.112037
0 0.421615 0.208333 0.025521 0.159259
0 0.180469 0.267130 0.033854 0.162037
0 0.149479 0.267593 0.029167 0.185185
0 0.403385 0.145833 0.024479 0.139815
0 0.253646 0.075463 0.021875 0.130556
0 0.651563 0.081481 0.031250 0.109259
0 0.302083 0.186574 0.029167 0.162037
0 0.180729 0.049074 0.026042 0.138889
0 0.200000 0.181481 0.025000 0.159259
0 0.163021 0.193519 0.025000 0.155556
0 0.135677 0.200463 0.025521 0.150926
0 0.121615 0.179167 0.025521 0.171296
0 0.470312 -0.019907 0.026042 0.149074
0 0.174479 0.481944 0.037500 0.199074
0 0.671094 0.817593 0.052604 0.253704
0 0.630729 0.831019 0.041667 0.237963
0 0.847396 0.190741 0.031250 0.164815
0 0.780729 0.184259 0.026042 0.157407
0 0.760938 -0.004630 0.022917 0.124074
0 0.785417 0.072222 0.030208 0.131481
0 0.261198 0.235185 0.024479 0.166667
0 0.232031 0.239815 0.032813 0.150000
0 0.147135 0.046759 0.024479 0.130556
0 0.234375 0.109722 0.031250 0.147222
0 0.204687 0.106481 0.027083 0.140741
0 0.834115 -0.002315 0.021354 0.078704
0 0.511719 0.010648 0.033854 0.128704
