0 0.845573 0.654630 0.050521 0.214815
0 0.266667 0.637963 0.054167 0.231481
0 0.915104 0.517593 0.044792 0.190741
0 0.465625 0.989815 0.045833 0.220370
0 0.377865 0.242593 0.040104 0.103704
0 0.367969 0.325463 0.029687 0.112037
0 0.421094 0.206019 0.031771 0.160185
0 0.188021 0.259722 0.028125 0.158333
0 0.151042 0.259259 0.031250 0.179630
0 0.403385 0.146296 0.024479 0.138889
0 0.254167 0.060185 0.021875 0.129630
0 0.651563 0.081481 0.031250 0.109259
0 0.301042 0.187963 0.031250 0.161111
0 0.174740 0.049074 0.023438 0.138889
0 0.200000 0.180556 0.025000 0.159259
0 0.163281 0.192593 0.025521 0.155556
0 0.135937 0.200463 0.025000 0.150926
0 0.121615 0.179630 0.025521 0.170370
0 0.176042 0.518519 0.036458 0.205556
0 0.634375 0.756019 0.044792 0.241667
0 0.598177 0.774537 0.040104 0.234259
0 0.845833 0.166204 0.030208 0.162037
0 0.775521 0.164352 0.028125 0.152778
0 0.792969 0.078704 0.029687 0.131481
0 0.254948 0.259722 0.027604 0.173148
0 0.226563 0.261111 0.034375 0.155556
0 0.146615 0.046759 0.024479 0.130556
0 0.246354 0.131944 0.029167 0.154630
0 0.219531 0.132407 0.026562 0.155556
0 0.472396 0.002778 0.032292 0.133333
