0 0.845833 0.654630 0.051042 0.214815
0 0.320833 0.648611 0.035417 0.228704
0 0.916667 0.516667 0.037500 0.196296
0 0.477604 0.991204 0.045833 0.212037
0 0.377865 0.242593 0.040104 0.103704
0 0.367969 0.325463 0.029687 0.112037
0 0.421094 0.202778 0.026562 0.161111
0 0.188021 0.253241 0.026042 0.160185
0 0.159896 0.248148 0.029167 0.177778
0 0.404167 0.140278 0.027083 0.145370
0 0.247135 0.028241 0.021354 0.123148
0 0.651563 0.081481 0.031250 0.109259
0 0.300521 0.187500 0.031250 0.160185
0 0.174740 0.049074 0.023438 0.138889
0 0.200000 0.179630 0.025000 0.159259
0 0.134115 0.200463 0.025521 0.150926
0 0.121615 0.180556 0.025521 0.168519
0 0.467187 -0.025463 0.026042 0.147222
0 0.171615 0.568981 0.040104 0.210185
0 0.595052 0.681944 0.039063 0.226852
0 0.560677 0.712037 0.038021 0.233333
0 0.832552 0.140741 0.030729 0.161111
0 0.764062 0.137963 0.023958 0.148148
0 0.837760 0.043056 0.028646 0.132407
0 0.789323 0.089815 0.029687 0.135185
0 0.275781 -0.007407 0.019271 0.124074
0 0.245573 0.287963 0.026562 0.174074
0 0.220312 0.290278 0.036458 0.160185
0 0.145833 0.047222 0.026042 0.129630
0 0.262760 0.160185 0.030729 0.157407
0 0.234375 0.155093 0.028125 0.154630
0 0.429948 -0.003704 0.027604 0.129630
