0 0.845313 0.654630 0.050000 0.214815
0 0.229687 0.620833 0.050000 0.228704
0 0.915625 0.518056 0.047917 0.191667
0 0.464583 0.983333 0.042708 0.233333
0 0.377865 0.242593 0.040104 0.103704
0 0.367969 0.325463 0.029687 0.112037
0 0.422656 0.208796 0.025521 0.158333
0 0.178646 0.268056 0.035417 0.160185
0 0.149479 0.269444 0.029167 0.185185
0 0.403385 0.145833 0.024479 0.139815
0 0.254688 0.078241 0.021875 0.130556
0 0.651563 0.081481 0.031250 0.109259
0 0.302083 0.185648 0.029167 0.162037
0 0.182031 0.049537 0.026562 0.139815
0 0.200000 0.181481 0.025000 0.159259
0 0.163021 0.193519 0.025000 0.155556
0 0.135156 0.199537 0.025521 0.150926
0 0.121875 0.179167 0.026042 0.171296
0 0.470833 -0.018056 0.026042 0.149074
0 0.174219 0.475463 0.038021 0.197222
0 0.677865 0.829167 0.050521 0.254630
0 0.635677 0.842130 0.043229 0.243519
0 0.848437 0.196296 0.032292 0.164815
0 0.782292 0.188889 0.025000 0.159259
0 0.756771 -0.003241 0.021875 0.123148
0 0.785417 0.072222 0.030208 0.131481
0 0.261719 0.231481 0.024479 0.164815
0 0.232031 0.235648 0.034896 0.150926
0 0.147135 0.046759 0.024479 0.130556
0 0.232552 0.107870 0.031771 0.147222
0 0.203646 0.104630 0.027083 0.140741
0 0.835156 -0.002315 0.021354 0.078704
0 0.517188 0.010648 0.033333 0.128704
