0 0.845313 0.654630 0.050000 0.214815
0 0.221615 0.616667 0.032813 0.224074
0 0.915885 0.518056 0.048438 0.191667
0 0.463281 0.982407 0.043229 0.235185
0 0.377865 0.242593 0.040104 0.103704
0 0.367969 0.325463 0.029687 0.112037
0 0.429688 0.211111 0.021875 0.161111
0 0.173958 0.271759 0.028125 0.160185
0 0.149219 0.270833 0.029687 0.182407
0 0.402865 0.145833 0.024479 0.139815
0 0.257031 0.085185 0.022396 0.127778
0 0.651563 0.081481 0.031250 0.109259
0 0.304427 0.184259 0.027604 0.162963
0 0.183073 0.049537 0.026562 0.139815
0 0.200000 0.182407 0.025000 0.159259
0 0.163021 0.193519 0.025000 0.155556
0 0.133333 0.197685 0.025000 0.150926
0 0.121875 0.179630 0.026042 0.170370
0 0.471615 -0.016204 0.025521 0.149074
0 0.172396 0.467130 0.038542 0.200926
0 0.695052 0.847685 0.045312 0.250926
0 0.648958 0.867593 0.045833 0.248148
0 0.852083 0.199537 0.033333 0.165741
0 0.780208 0.193981 0.025000 0.160185
0 0.745313 -0.013426 0.021875 0.117593
0 0.785937 0.072222 0.030208 0.131481
0 0.264583 0.224074 0.025000 0.162963
0 0.233073 0.226389 0.038021 0.150926
0 0.147135 0.046759 0.024479 0.130556
0 0.229948 0.102315 0.031771 0.147222
0 0.201042 0.099074 0.027083 0.140741
0 0.837760 -0.004167 0.020313 0.078704
0 0.532031 0.013889 0.036979 0.129630
