0 0.845573 0.654630 0.050521 0.214815
0 0.294792 0.641204 0.046875 0.228704
0 0.916667 0.516667 0.041667 0.192593
0 0.476042 0.992130 0.045833 0.215741
0 0.377865 0.242593 0.040104 0.103704
0 0.367969 0.325463 0.029687 0.112037
0 0.423437 0.205093 0.033333 0.158333
0 0.185417 0.257870 0.028125 0.158333
0 0.156250 0.251852 0.029167 0.179630
0 0.403385 0.143981 0.025521 0.141667
0 0.252083 0.041204 0.021875 0.130556
0 0.651563 0.081481 0.031250 0.109259
0 0.299479 0.187500 0.032292 0.160185
0 0.174740 0.049074 0.023438 0.138889
0 0.200000 0.180556 0.025000 0.159259
0 0.163021 0.192593 0.026042 0.155556
0 0.134896 0.200463 0.025000 0.150926
0 0.121615 0.180093 0.025521 0.169444
0 0.175521 0.541667 0.039583 0.207407
0 0.616667 0.727778 0.048958 0.242593
0 0.579688 0.743981 0.040625 0.237963
0 0.835938 0.156019 0.032292 0.160185
0 0.769792 0.153241 0.029167 0.149074
0 0.792448 0.084259 0.029687 0.135185
0 0.250521 0.271296 0.027083 0.170370
0 0.224219 0.273611 0.035937 0.158333
0 0.146354 0.046759 0.025000 0.130556
0 0.255990 0.142593 0.029687 0.153704
0 0.225260 0.143056 0.028646 0.154630
0 0.449219 -0.002315 0.027604 0.132407
