0 0.845833 0.654630 0.051042 0.214815
0 0.325000 0.649074 0.036458 0.224074
0 0.916667 0.516667 0.037500 0.196296
0 0.477083 0.989815 0.045833 0.212963
0 0.377865 0.242593 0.040104 0.103704
0 0.367969 0.325463 0.029687 0.112037
0 0.420312 0.202778 0.025000 0.162963
0 0.188802 0.253241 0.025521 0.160185
0 0.159896 0.248148 0.029167 0.177778
0 0.404427 0.140278 0.027604 0.145370
0 0.401042 0.117593 0.032292 0.157407
0 0.246094 0.028241 0.021354 0.123148
0 0.651563 0.081481 0.031250 0.109259
0 0.300521 0.187500 0.031250 0.160185
0 0.174740 0.049074 0.023438 0.138889
0 0.200000 0.179630 0.025000 0.159259
0 0.163021 0.192593 0.026042 0.155556
0 0.134115 0.200463 0.025521 0.150926
0 0.121615 0.180556 0.025521 0.168519
0 0.467187 -0.025463 0.026042 0.147222
0 0.171615 0.572222 0.040104 0.211111
0 0.592708 0.680556 0.043750 0.229630
0 0.557292 0.704167 0.038542 0.230556
0 0.831510 0.136574 0.030729 0.160185
0 0.763021 0.137037 0.023958 0.148148
0 0.840885 0.044907 0.028646 0.136111
0 0.789063 0.092130 0.030208 0.134259
0 0.274479 -0.006481 0.018750 0.124074
0 0.245052 0.291667 0.026562 0.174074
0 0.220312 0.293519 0.035417 0.161111
0 0.145833 0.047222 0.026042 0.129630
0 0.263542 0.163889 0.030208 0.159259
0 0.234375 0.157870 0.028125 0.154630
0 0.427344 -0.003704 0.024479 0.129630
