0 0.845573 0.654630 0.050521 0.214815
0 0.280208 0.639352 0.042708 0.232407
0 0.914844 0.517593 0.044271 0.190741
0 0.471354 0.990741 0.045833 0.218519
0 0.377865 0.242593 0.040104 0.103704
0 0.367969 0.325463 0.029687 0.112037
0 0.422917 0.206019 0.032292 0.158333
0 0.186458 0.260185 0.028125 0.159259
0 0.152865 0.256944 0.029687 0.182407
0 0.403385 0.146296 0.024479 0.138889
0 0.252604 0.049074 0.021875 0.129630
0 0.651563 0.081481 0.031250 0.109259
0 0.299740 0.187963 0.032813 0.161111
0 0.174740 0.049074 0.023438 0.138889
0 0.200000 0.180556 0.025000 0.159259
0 0.163281 0.192593 0.025521 0.155556
0 0.135417 0.200463 0.025000 0.150926
0 0.121615 0.180093 0.025521 0.169444
0 0.177604 0.528704 0.038542 0.205556
0 0.625781 0.739815 0.046354 0.240741
0 0.590885 0.761574 0.039063 0.234259
0 0.840885 0.164352 0.032813 0.162037
0 0.775521 0.157870 0.025000 0.150926
0 0.792969 0.081019 0.029687 0.134259
0 0.252604 0.260648 0.027083 0.171296
0 0.225521 0.263889 0.032292 0.155556
0 0.146615 0.046759 0.024479 0.130556
0 0.250521 0.138426 0.028125 0.154630
0 0.221875 0.137963 0.027083 0.155556
0 0.461458 0.000926 0.032292 0.133333
