0 0.845313 0.654630 0.050000 0.214815
0 0.218490 0.613889 0.033854 0.229630
0 0.916406 0.518519 0.049479 0.192593
0 0.455208 0.982407 0.042708 0.235185
0 0.377865 0.242593 0.040104 0.103704
0 0.367969 0.325463 0.029687 0.112037
0 0.430729 0.211574 0.022917 0.162037
0 0.173437 0.278241 0.029167 0.165741
0 0.148177 0.272685 0.029687 0.182407
0 0.402865 0.145833 0.024479 0.139815
0 0.259635 0.085185 0.022396 0.127778
0 0.651563 0.081481 0.031250 0.109259
0 0.306771 0.183333 0.027083 0.162963
0 0.183594 0.049537 0.026562 0.139815
0 0.200000 0.182407 0.025000 0.159259
0 0.163021 0.193519 0.025000 0.155556
0 0.130990 0.198611 0.025521 0.150926
0 0.121875 0.180093 0.026042 0.169444
0 0.472656 -0.014352 0.025521 0.149074
0 0.173698 0.450926 0.039063 0.192593
0 0.707031 0.864815 0.047396 0.250000
0 0.661979 0.883796 0.045833 0.241667
0 0.852344 0.213889 0.035937 0.170370
0 0.782552 0.204167 0.027604 0.156481
0 0.737760 -0.020370 0.022396 0.116667
0 0.786198 0.072222 0.029687 0.131481
0 0.264844 0.215741 0.024479 0.162963
0 0.234896 0.218056 0.034375 0.149074
0 0.147135 0.046759 0.024479 0.130556
0 0.228125 0.096296 0.028125 0.148148
0 0.197917 0.093056 0.027083 0.141667
0 0.839583 -0.005093 0.020833 0.080556
0 0.548438 0.019907 0.032292 0.130556
