0 0.845573 0.654630 0.050521 0.214815
0 0.284115 0.639352 0.039063 0.232407
0 0.914844 0.517593 0.044271 0.190741
0 0.473177 0.991204 0.045312 0.217593
0 0.377865 0.242593 0.040104 0.103704
0 0.367969 0.325463 0.029687 0.112037
0 0.423437 0.206019 0.032292 0.158333
0 0.186198 0.260185 0.027604 0.159259
0 0.153646 0.256481 0.029167 0.183333
0 0.403385 0.146296 0.024479 0.138889
0 0.252604 0.045370 0.021875 0.129630
0 0.651563 0.081481 0.031250 0.109259
0 0.299479 0.187963 0.033333 0.161111
0 0.174740 0.049074 0.023438 0.138889
0 0.200000 0.180556 0.025000 0.159259
0 0.163281 0.192593 0.025521 0.155556
0 0.135417 0.200463 0.025000 0.150926
0 0.121615 0.180093 0.025521 0.169444
0 0.178125 0.531944 0.039583 0.204630
0 0.624219 0.737963 0.047396 0.242593
0 0.588542 0.757870 0.039583 0.236111
0 0.839583 0.164352 0.033333 0.162037
0 0.775521 0.156481 0.023958 0.150000
0 0.793490 0.082407 0.029687 0.135185
0 0.252083 0.261111 0.027083 0.170370
0 0.225000 0.265741 0.033333 0.155556
0 0.146615 0.046759 0.024479 0.130556
0 0.252083 0.140278 0.028125 0.154630
0 0.222396 0.138889 0.028125 0.155556
0 0.458333 0.000926 0.032292 0.133333
