0 0.845573 0.654630 0.050521 0.214815
0 0.238542 0.625000 0.046875 0.225926
0 0.915365 0.517593 0.046354 0.190741
0 0.460156 0.987500 0.043229 0.225000
0 0.377865 0.242593 0.040104 0.103704
0 0.367969 0.325463 0.029687 0.112037
0 0.421354 0.207870 0.026042 0.163889
0 0.183333 0.265741 0.028125 0.162963
0 0.148958 0.264815 0.029167 0.185185
0 0.403385 0.146296 0.024479 0.138889
0 0.252604 0.068981 0.021875 0.130556
0 0.651563 0.081481 0.031250 0.109259
0 0.302083 0.187500 0.029167 0.162037
0 0.177865 0.049074 0.023438 0.138889
0 0.200000 0.181481 0.025000 0.159259
0 0.163281 0.192593 0.025521 0.155556
0 0.136719 0.200463 0.025521 0.150926
0 0.121615 0.179167 0.025521 0.171296
0 0.469010 -0.021759 0.025521 0.149074
0 0.173958 0.496296 0.037500 0.203704
0 0.661979 0.793981 0.047917 0.241667
0 0.621094 0.817593 0.042188 0.242593
0 0.846615 0.182407 0.029687 0.164815
0 0.778385 0.177315 0.027604 0.154630
0 0.785417 0.073148 0.030208 0.131481
0 0.260417 0.242593 0.023958 0.168519
0 0.229948 0.243981 0.036979 0.149074
0 0.146615 0.046759 0.024479 0.130556
0 0.238281 0.116667 0.029687 0.148148
0 0.208073 0.118056 0.026562 0.152778
0 0.832292 -0.003704 0.019792 0.077778
0 0.500521 0.009722 0.035417 0.128704
