0 0.845833 0.654630 0.051042 0.214815
0 0.330469 0.650000 0.036979 0.222222
0 0.916667 0.516667 0.037500 0.196296
0 0.476563 0.987963 0.045833 0.216667
0 0.377865 0.242593 0.040104 0.103704
0 0.367969 0.325463 0.029687 0.112037
0 0.420312 0.202778 0.025000 0.162963
0 0.190104 0.252778 0.025000 0.161111
0 0.159896 0.248148 0.029167 0.179630
0 0.404687 0.139815 0.028125 0.146296
0 0.400521 0.116667 0.031250 0.157407
0 0.245052 0.026389 0.021354 0.123148
0 0.651563 0.081481 0.031250 0.109259
0 0.301042 0.187500 0.031250 0.160185
0 0.174740 0.049074 0.023438 0.138889
0 0.200000 0.179630 0.025000 0.159259
0 0.163021 0.192593 0.026042 0.155556
0 0.134115 0.200463 0.025521 0.150926
0 0.121615 0.181019 0.025521 0.167593
0 0.467187 -0.025463 0.026042 0.147222
0 0.170833 0.578704 0.040625 0.212963
0 0.589583 0.678241 0.048958 0.234259
0 0.553125 0.694907 0.039583 0.226852
0 0.829427 0.134722 0.030729 0.160185
0 0.763021 0.133333 0.023958 0.148148
0 0.845313 0.046759 0.028125 0.136111
0 0.788021 0.093519 0.030208 0.135185
0 0.562500 -0.025926 0.022917 0.135185
0 0.273438 -0.004167 0.018750 0.125000
0 0.244792 0.295833 0.027083 0.175000
0 0.220573 0.298148 0.033854 0.162963
0 0.145573 0.047222 0.026562 0.129630
0 0.264583 0.165278 0.031250 0.160185
0 0.234375 0.161574 0.028125 0.154630
0 0.424219 -0.004167 0.022396 0.128704
