0 0.845313 0.654630 0.050000 0.214815
0 0.219792 0.614815 0.033333 0.227778
0 0.916146 0.518056 0.048958 0.191667
0 0.458594 0.982407 0.043229 0.235185
0 0.377865 0.242593 0.040104 0.103704
0 0.367969 0.325463 0.029687 0.112037
0 0.429948 0.211111 0.022396 0.161111
0 0.173698 0.275000 0.028646 0.162963
0 0.148698 0.271759 0.029687 0.182407
0 0.402865 0.145833 0.024479 0.139815
0 0.258594 0.085185 0.022396 0.127778
0 0.651563 0.081481 0.031250 0.109259
0 0.305469 0.183333 0.027604 0.162963
0 0.183073 0.049537 0.026562 0.139815
0 0.200000 0.182407 0.025000 0.159259
0 0.163021 0.193519 0.025000 0.155556
0 0.132031 0.197685 0.025521 0.150926
0 0.121875 0.179630 0.026042 0.170370
0 0.472135 -0.015278 0.025521 0.149074
0 0.172917 0.458333 0.038542 0.196296
0 0.703906 0.851852 0.042188 0.246296
0 0.656771 0.880093 0.045833 0.247222
0 0.852344 0.207407 0.034896 0.168519
0 0.781510 0.199537 0.026562 0.158333
0 0.741146 -0.017130 0.021875 0.117593
0 0.786198 0.072222 0.029687 0.131481
0 0.264844 0.219444 0.024479 0.162963
0 0.234115 0.221759 0.038021 0.150926
0 0.147135 0.046759 0.024479 0.130556
0 0.228906 0.099074 0.029687 0.148148
0 0.199479 0.096296 0.027083 0.140741
0 0.839323 -0.004630 0.020313 0.079630
0 0.541146 0.017130 0.034375 0.130556
