0 0.845573 0.654630 0.050521 0.214815
0 0.253125 0.632407 0.044792 0.229630
0 0.915104 0.517593 0.045833 0.190741
0 0.459375 0.988889 0.042708 0.222222
0 0.377865 0.242593 0.040104 0.103704
0 0.367969 0.325463 0.029687 0.112037
0 0.420312 0.206944 0.028125 0.162037
0 0.187500 0.262037 0.028125 0.155556
0 0.148438 0.261111 0.030208 0.181481
0 0.403385 0.146296 0.024479 0.138889
0 0.253646 0.061574 0.021875 0.130556
0 0.651563 0.081481 0.031250 0.109259
0 0.302083 0.187500 0.029167 0.162037
0 0.175260 0.049074 0.023438 0.138889
0 0.200000 0.181481 0.025000 0.159259
0 0.163281 0.192593 0.025521 0.155556
0 0.136458 0.200463 0.025000 0.150926
0 0.121615 0.179630 0.025521 0.170370
0 0.173177 0.505093 0.036979 0.208333
0 0.651042 0.780093 0.044792 0.241667
0 0.610677 0.799537 0.042188 0.239815
0 0.847917 0.181481 0.030208 0.162963
0 0.776302 0.173611 0.025521 0.154630
0 0.787500 0.076852 0.030208 0.131481
0 0.259896 0.246296 0.023958 0.168519
0 0.227344 0.249074 0.040104 0.151852
0 0.146615 0.046759 0.024479 0.130556
0 0.241667 0.127778 0.029167 0.155556
0 0.213802 0.122222 0.026562 0.155556
0 0.830990 -0.006019 0.018229 0.076852
0 0.486979 0.004630 0.025000 0.133333
