0 0.845833 0.654630 0.051042 0.214815
0 0.332031 0.650463 0.036979 0.223148
0 0.916667 0.516667 0.037500 0.196296
0 0.476302 0.987500 0.045312 0.217593
0 0.377865 0.242593 0.040104 0.103704
0 0.367969 0.325463 0.029687 0.112037
0 0.420312 0.202778 0.025000 0.162963
0 0.190625 0.251852 0.025000 0.161111
0 0.159896 0.247685 0.029167 0.180556
0 0.404687 0.139815 0.028125 0.146296
0 0.400521 0.116204 0.031250 0.156481
0 0.244531 0.025463 0.021354 0.123148
0 0.651563 0.081481 0.031250 0.109259
0 0.301042 0.187500 0.031250 0.160185
0 0.174740 0.049074 0.023438 0.138889
0 0.200000 0.179630 0.025000 0.159259
0 0.163021 0.192593 0.026042 0.155556
0 0.134115 0.200463 0.025521 0.150926
0 0.121615 0.181019 0.025521 0.167593
0 0.467187 -0.025463 0.026042 0.147222
0 0.170313 0.581019 0.040625 0.213889
0 0.588802 0.677778 0.050521 0.235185
0 0.552083 0.692593 0.039583 0.225926
0 0.828906 0.134722 0.030729 0.160185
0 0.763021 0.132407 0.023958 0.148148
0 0.846615 0.047222 0.027604 0.137037
0 0.787760 0.094444 0.030729 0.135185
0 0.563021 -0.025000 0.022917 0.135185
0 0.273438 -0.003241 0.018750 0.125000
0 0.244792 0.296759 0.027083 0.175000
0 0.220573 0.299074 0.033854 0.162963
0 0.145573 0.047222 0.026562 0.129630
0 0.264583 0.165741 0.031250 0.159259
0 0.234375 0.162500 0.028125 0.154630
0 0.423177 -0.004167 0.022396 0.128704
