0 0.845313 0.654630 0.050000 0.214815
0 0.227865 0.619907 0.046354 0.226852
0 0.915625 0.518056 0.047917 0.191667
0 0.464583 0.983333 0.042708 0.233333
0 0.377865 0.242593 0.040104 0.103704
0 0.367969 0.325463 0.029687 0.112037
0 0.424219 0.209259 0.024479 0.159259
0 0.177604 0.268519 0.033333 0.159259
0 0.149479 0.269444 0.029167 0.185185
0 0.403385 0.145833 0.024479 0.139815
0 0.255208 0.079630 0.021875 0.129630
0 0.651563 0.081481 0.031250 0.109259
0 0.302604 0.185648 0.029167 0.162037
0 0.182031 0.049537 0.026562 0.139815
0 0.200000 0.181481 0.025000 0.159259
0 0.163021 0.193519 0.025000 0.155556
0 0.134896 0.199537 0.025000 0.150926
0 0.121875 0.179167 0.026042 0.171296
0 0.470833 -0.018056 0.026042 0.149074
0 0.173698 0.474074 0.038021 0.198148
0 0.680990 0.834722 0.049479 0.254630
0 0.637760 0.847222 0.044271 0.246296
0 0.848958 0.196296 0.032292 0.164815
0 0.781771 0.189815 0.025000 0.159259
0 0.754167 -0.005556 0.021875 0.122222
0 0.785417 0.072222 0.030208 0.131481
0 0.262240 0.229630 0.024479 0.164815
0 0.231771 0.233796 0.035417 0.150926
0 0.147135 0.046759 0.024479 0.130556
0 0.232031 0.106019 0.031771 0.147222
0 0.203125 0.103704 0.027083 0.140741
0 0.835677 -0.003241 0.021354 0.078704
0 0.519792 0.011111 0.034375 0.129630
