0 0.845313 0.654630 0.050000 0.214815
0 0.233594 0.622685 0.049479 0.226852
0 0.915625 0.518056 0.046875 0.191667
0 0.462760 0.985648 0.043229 0.228704
0 0.377865 0.242593 0.040104 0.103704
0 0.367969 0.325463 0.029687 0.112037
0 0.421615 0.208333 0.025521 0.161111
0 0.181250 0.267130 0.032292 0.162037
0 0.149479 0.267593 0.029167 0.185185
0 0.403385 0.145833 0.024479 0.139815
0 0.253646 0.073611 0.021875 0.130556
0 0.651563 0.081481 0.031250 0.109259
0 0.302083 0.186574 0.029167 0.162037
0 0.180208 0.049074 0.025000 0.138889
0 0.200000 0.181481 0.025000 0.159259
0 0.163281 0.193519 0.025521 0.155556
0 0.136198 0.200463 0.025521 0.150926
0 0.121615 0.179167 0.025521 0.171296
0 0.469792 -0.019907 0.026042 0.149074
0 0.174479 0.486111 0.037500 0.200000
0 0.668490 0.811574 0.052604 0.250926
0 0.628385 0.826389 0.041146 0.237963
0 0.847135 0.187963 0.030729 0.164815
0 0.780208 0.182407 0.027083 0.157407
0 0.763021 -0.005093 0.022917 0.125000
0 0.785417 0.072222 0.030208 0.131481
0 0.260937 0.237037 0.023958 0.166667
0 0.232292 0.241667 0.032292 0.150000
0 0.147135 0.046759 0.024479 0.130556
0 0.235417 0.111574 0.030208 0.147222
0 0.205208 0.108796 0.027083 0.143519
0 0.833594 -0.002315 0.021354 0.078704
0 0.509115 0.010648 0.034896 0.128704
