0 0.845573 0.654630 0.050521 0.214815
0 0.249219 0.630556 0.045312 0.229630
0 0.915365 0.517593 0.046354 0.190741
0 0.459375 0.988426 0.042708 0.223148
0 0.377865 0.242593 0.040104 0.103704
0 0.367969 0.325463 0.029687 0.112037
0 0.420573 0.206944 0.027604 0.162037
0 0.186458 0.262963 0.028125 0.157407
0 0.148438 0.262037 0.030208 0.183333
0 0.403385 0.146296 0.024479 0.138889
0 0.253646 0.063426 0.021875 0.130556
0 0.651563 0.081481 0.031250 0.109259
0 0.302083 0.187500 0.029167 0.162037
0 0.175781 0.049074 0.023438 0.138889
0 0.200000 0.181481 0.025000 0.159259
0 0.163281 0.192593 0.025521 0.155556
0 0.136719 0.200463 0.025521 0.150926
0 0.121615 0.179167 0.025521 0.171296
0 0.173177 0.502778 0.036979 0.207407
0 0.654167 0.781944 0.044792 0.239815
0 0.613281 0.804630 0.042188 0.242593
0 0.847396 0.181481 0.030208 0.162963
0 0.776563 0.174537 0.026042 0.154630
0 0.786979 0.075926 0.030208 0.131481
0 0.259896 0.245370 0.023958 0.168519
0 0.227344 0.246296 0.041146 0.150000
0 0.146615 0.046759 0.024479 0.130556
0 0.240625 0.125000 0.029167 0.153704
0 0.212240 0.122222 0.026562 0.155556
0 0.831250 -0.005556 0.018750 0.077778
0 0.490365 0.006019 0.027604 0.132407
