0 0.845313 0.654630 0.050000 0.214815
0 0.222135 0.617130 0.032813 0.223148
0 0.915885 0.518056 0.048438 0.191667
0 0.464323 0.982407 0.043229 0.235185
0 0.377865 0.242593 0.040104 0.103704
0 0.367969 0.325463 0.029687 0.112037
0 0.429688 0.211111 0.021875 0.161111
0 0.174479 0.271296 0.028125 0.159259
0 0.149740 0.270833 0.029687 0.182407
0 0.402865 0.145833 0.024479 0.139815
0 0.257031 0.085185 0.022396 0.127778
0 0.651563 0.081481 0.031250 0.109259
0 0.304167 0.184722 0.028125 0.162037
0 0.183073 0.050463 0.026562 0.139815
0 0.200000 0.182407 0.025000 0.159259
0 0.163021 0.193519 0.025000 0.155556
0 0.133854 0.197685 0.025000 0.150926
0 0.121875 0.179630 0.026042 0.170370
0 0.471615 -0.016204 0.025521 0.149074
0 0.172396 0.469444 0.038542 0.201852
0 0.693229 0.846296 0.045833 0.251852
0 0.647396 0.865278 0.045833 0.249074
0 0.851563 0.198611 0.033333 0.165741
0 0.780208 0.193056 0.025000 0.160185
0 0.746354 -0.012963 0.021875 0.118519
0 0.785677 0.072222 0.029687 0.131481
0 0.264062 0.224074 0.025000 0.162963
0 0.233073 0.227315 0.038021 0.150926
0 0.147135 0.046759 0.024479 0.130556
0 0.229948 0.102315 0.031771 0.147222
0 0.201563 0.100000 0.027083 0.140741
0 0.837500 -0.004167 0.020833 0.078704
0 0.530208 0.013889 0.037500 0.129630
