0 0.845573 0.654630 0.050521 0.214815
0 0.261198 0.636574 0.045312 0.232407
0 0.915365 0.517593 0.045312 0.190741
0 0.461719 0.989352 0.044271 0.221296
0 0.377865 0.242593 0.040104 0.103704
0 0.367969 0.325463 0.029687 0.112037
0 0.420573 0.206481 0.029687 0.161111
0 0.188021 0.260648 0.028125 0.156481
0 0.149219 0.259722 0.030729 0.180556
0 0.403385 0.146296 0.024479 0.138889
0 0.254167 0.060185 0.021875 0.129630
0 0.651563 0.081481 0.031250 0.109259
0 0.301823 0.187963 0.029687 0.161111
0 0.174740 0.049074 0.023438 0.138889
0 0.200000 0.181481 0.025000 0.159259
0 0.163281 0.192593 0.025521 0.155556
0 0.136198 0.200463 0.025521 0.150926
0 0.121615 0.179630 0.025521 0.170370
0 0.174219 0.511111 0.036979 0.207407
0 0.643229 0.775463 0.044792 0.247222
0 0.604167 0.785648 0.041667 0.234259
0 0.847135 0.174074 0.029687 0.162963
0 0.776042 0.169444 0.027083 0.153704
0 0.790104 0.077778 0.030208 0.131481
0 0.257552 0.253241 0.025521 0.171296
0 0.227344 0.256481 0.036979 0.155556
0 0.146615 0.046759 0.024479 0.130556
0 0.243750 0.129630 0.029167 0.155556
0 0.216927 0.125000 0.026562 0.155556
0 0.479948 0.003241 0.027604 0.134259
