0 0.845573 0.654630 0.050521 0.214815
0 0.278385 0.638889 0.044271 0.231481
0 0.914844 0.517593 0.044271 0.190741
0 0.470573 0.990741 0.045312 0.218519
0 0.377865 0.242593 0.040104 0.103704
0 0.367969 0.325463 0.029687 0.112037
0 0.422656 0.206019 0.031771 0.158333
0 0.186719 0.260185 0.027604 0.159259
0 0.152604 0.257407 0.030208 0.181481
0 0.403385 0.146296 0.024479 0.138889
0 0.253125 0.050000 0.021875 0.129630
0 0.651563 0.081481 0.031250 0.109259
0 0.300000 0.187963 0.032292 0.161111
0 0.174740 0.049074 0.023438 0.138889
0 0.200000 0.180556 0.025000 0.159259
0 0.163281 0.192593 0.025521 0.155556
0 0.135417 0.200463 0.025000 0.150926
0 0.121615 0.180093 0.025521 0.169444
0 0.177344 0.527315 0.038021 0.204630
0 0.626823 0.741204 0.045312 0.239815
0 0.591927 0.763426 0.039063 0.234259
0 0.841667 0.164352 0.032292 0.162037
0 0.775260 0.158796 0.025521 0.150926
0 0.792969 0.081019 0.029687 0.134259
0 0.252865 0.260648 0.027604 0.171296
0 0.225781 0.263426 0.031771 0.154630
0 0.146615 0.046759 0.024479 0.130556
0 0.250000 0.137500 0.028125 0.154630
0 0.221615 0.137037 0.027604 0.155556
0 0.463021 0.000926 0.032292 0.133333
