0 0.845573 0.654630 0.050521 0.214815
0 0.276562 0.638889 0.045833 0.231481
0 0.914844 0.517593 0.044271 0.190741
0 0.469792 0.990741 0.045833 0.218519
0 0.377865 0.242593 0.040104 0.103704
0 0.367969 0.325463 0.029687 0.112037
0 0.422396 0.206019 0.032292 0.158333
0 0.186979 0.260185 0.028125 0.159259
0 0.152604 0.257407 0.030208 0.181481
0 0.403385 0.146296 0.024479 0.138889
0 0.253125 0.051852 0.021875 0.129630
0 0.651563 0.081481 0.031250 0.109259
0 0.300000 0.187963 0.032292 0.161111
0 0.174740 0.049074 0.023438 0.138889
0 0.200000 0.180556 0.025000 0.159259
0 0.163281 0.192593 0.025521 0.155556
0 0.135417 0.200463 0.025000 0.150926
0 0.121615 0.179630 0.025521 0.170370
0 0.177344 0.525926 0.038021 0.205556
0 0.627604 0.742130 0.044792 0.239815
0 0.593490 0.765741 0.039063 0.233333
0 0.842187 0.165278 0.032292 0.162037
0 0.775521 0.159722 0.026042 0.150926
0 0.792969 0.080556 0.029687 0.133333
0 0.253125 0.260185 0.027083 0.172222
0 0.225521 0.262500 0.032292 0.154630
0 0.146615 0.046759 0.024479 0.130556
0 0.249219 0.136574 0.028646 0.154630
0 0.221354 0.137037 0.027083 0.155556
0 0.464583 0.001852 0.032292 0.133333
