0 0.845313 0.654630 0.050000 0.214815
0 0.222656 0.617130 0.034896 0.223148
0 0.915885 0.518056 0.048438 0.191667
0 0.464323 0.982407 0.043229 0.235185
0 0.377865 0.242593 0.040104 0.103704
0 0.367969 0.325463 0.029687 0.112037
0 0.428646 0.210185 0.021875 0.161111
0 0.174740 0.270370 0.028646 0.159259
0 0.149479 0.270370 0.029167 0.183333
0 0.402865 0.145833 0.024479 0.139815
0 0.256510 0.084259 0.022396 0.127778
0 0.651563 0.081481 0.031250 0.109259
0 0.303906 0.184722 0.028646 0.162037
0 0.182552 0.049537 0.026562 0.139815
0 0.200000 0.182407 0.025000 0.159259
0 0.163021 0.193519 0.025000 0.155556
0 0.133854 0.197685 0.025000 0.150926
0 0.121875 0.179167 0.026042 0.171296
0 0.471354 -0.017130 0.026042 0.149074
0 0.172396 0.469907 0.038542 0.200926
0 0.691406 0.845833 0.046354 0.252778
0 0.645833 0.862500 0.045833 0.249074
0 0.851042 0.198611 0.033333 0.165741
0 0.780208 0.192593 0.025000 0.159259
0 0.747396 -0.012037 0.021875 0.118519
0 0.785677 0.072222 0.029687 0.131481
0 0.263802 0.225000 0.024479 0.162963
0 0.232813 0.228241 0.037500 0.150926
0 0.147135 0.046759 0.024479 0.130556
0 0.230469 0.103241 0.031771 0.147222
0 0.201563 0.100000 0.027083 0.140741
0 0.837240 -0.003704 0.020313 0.079630
0 0.528385 0.012963 0.036979 0.129630
