0 0.845833 0.654630 0.051042 0.214815
0 0.312240 0.647222 0.035937 0.235185
0 0.916667 0.516667 0.037500 0.196296
0 0.477865 0.993519 0.045312 0.212963
0 0.377865 0.242593 0.040104 0.103704
0 0.367969 0.325463 0.029687 0.112037
0 0.422135 0.202778 0.029687 0.159259
0 0.185938 0.252778 0.027083 0.159259
0 0.159115 0.248148 0.028646 0.177778
0 0.403646 0.140741 0.026042 0.146296
0 0.248177 0.028704 0.021354 0.124074
0 0.651563 0.081481 0.031250 0.109259
0 0.300000 0.187500 0.031250 0.160185
0 0.174740 0.049074 0.023438 0.138889
0 0.200000 0.180556 0.025000 0.159259
0 0.134115 0.200463 0.025521 0.150926
0 0.121615 0.180556 0.025521 0.168519
0 0.467187 -0.025463 0.026042 0.147222
0 0.171615 0.561574 0.039063 0.208333
0 0.601042 0.695370 0.040625 0.229630
0 0.565365 0.716667 0.039063 0.229630
0 0.834375 0.148611 0.031250 0.162037
0 0.765885 0.140741 0.024479 0.148148
0 0.832552 0.038426 0.028646 0.125000
0 0.790365 0.086111 0.029687 0.135185
0 0.277865 -0.011111 0.019271 0.122222
0 0.247135 0.281481 0.026562 0.174074
0 0.221354 0.284722 0.036458 0.160185
0 0.146094 0.047222 0.025521 0.129630
0 0.261198 0.152778 0.030729 0.153704
0 0.232552 0.152315 0.028646 0.154630
0 0.434896 -0.003704 0.033333 0.131481
