0 0.845573 0.654630 0.050521 0.214815
0 0.290365 0.640278 0.042188 0.230556
0 0.915625 0.517130 0.042708 0.191667
0 0.475000 0.991667 0.045833 0.216667
0 0.377865 0.242593 0.040104 0.103704
0 0.367969 0.325463 0.029687 0.112037
0 0.423698 0.205556 0.032813 0.157407
0 0.185677 0.259259 0.027604 0.159259
0 0.155208 0.253704 0.029167 0.181481
0 0.403646 0.144907 0.025000 0.139815
0 0.252083 0.042593 0.021875 0.129630
0 0.651563 0.081481 0.031250 0.109259
0 0.299219 0.187500 0.032813 0.160185
0 0.174740 0.049074 0.023438 0.138889
0 0.200000 0.180556 0.025000 0.159259
0 0.163021 0.192593 0.026042 0.155556
0 0.134896 0.200463 0.025000 0.150926
0 0.121615 0.180093 0.025521 0.169444
0 0.177083 0.537500 0.039583 0.206481
0 0.620313 0.733333 0.050000 0.244444
0 0.583594 0.750463 0.040104 0.237963
0 0.837240 0.159259 0.032813 0.161111
0 0.772135 0.154630 0.026562 0.150000
0 0.792969 0.083333 0.029687 0.135185
0 0.251042 0.266667 0.027083 0.170370
0 0.224479 0.270370 0.034375 0.157407
0 0.146354 0.046759 0.025000 0.130556
0 0.254167 0.141667 0.029167 0.153704
0 0.223698 0.141204 0.028646 0.154630
0 0.452865 -0.000926 0.029687 0.133333
