0 0.845573 0.654630 0.050521 0.214815
0 0.242188 0.626852 0.045833 0.225926
0 0.915365 0.517593 0.046354 0.190741
0 0.460156 0.987963 0.043229 0.224074
0 0.377865 0.242593 0.040104 0.103704
0 0.367969 0.325463 0.029687 0.112037
0 0.421094 0.207870 0.026562 0.163889
0 0.184375 0.264815 0.028125 0.161111
0 0.148958 0.263889 0.029167 0.183333
0 0.403385 0.146296 0.024479 0.138889
0 0.252604 0.067130 0.021875 0.130556
0 0.651563 0.081481 0.031250 0.109259
0 0.302083 0.187500 0.029167 0.162037
0 0.177344 0.049074 0.023438 0.138889
0 0.200000 0.181481 0.025000 0.159259
0 0.163281 0.192593 0.025521 0.155556
0 0.136719 0.200463 0.025521 0.150926
0 0.121615 0.179167 0.025521 0.171296
0 0.468750 -0.022685 0.026042 0.149074
0 0.173958 0.498611 0.037500 0.204630
0 0.659896 0.787963 0.045833 0.238889
0 0.618750 0.814815 0.042708 0.244444
0 0.846875 0.181944 0.030208 0.163889
0 0.777604 0.176389 0.027083 0.154630
0 0.785937 0.074074 0.030208 0.131481
0 0.260417 0.243519 0.023958 0.168519
0 0.228906 0.243981 0.039063 0.149074
0 0.146615 0.046759 0.024479 0.130556
0 0.239062 0.119444 0.029167 0.150000
0 0.209115 0.121296 0.026562 0.155556
0 0.832031 -0.004630 0.019271 0.077778
0 0.497135 0.008333 0.032813 0.129630
