0 0.845313 0.654630 0.050000 0.214815
0 0.227083 0.619444 0.044792 0.225926
0 0.915625 0.518056 0.047917 0.191667
0 0.464583 0.982870 0.042708 0.234259
0 0.377865 0.242593 0.040104 0.103704
0 0.367969 0.325463 0.029687 0.112037
0 0.425000 0.209259 0.023958 0.159259
0 0.177344 0.268981 0.032813 0.160185
0 0.149479 0.269907 0.029167 0.184259
0 0.403385 0.145833 0.024479 0.139815
0 0.255469 0.080556 0.022396 0.129630
0 0.651563 0.081481 0.031250 0.109259
0 0.302865 0.185648 0.028646 0.162037
0 0.182031 0.049537 0.026562 0.139815
0 0.200000 0.181481 0.025000 0.159259
0 0.163021 0.193519 0.025000 0.155556
0 0.134635 0.198611 0.025521 0.150926
0 0.121875 0.179167 0.026042 0.171296
0 0.470833 -0.018056 0.026042 0.149074
0 0.173698 0.473611 0.038021 0.199074
0 0.682813 0.837500 0.048958 0.254630
0 0.638802 0.849537 0.044271 0.247222
0 0.849219 0.196759 0.032813 0.165741
0 0.781250 0.189815 0.025000 0.159259
0 0.753125 -0.006944 0.021875 0.121296
0 0.785417 0.072222 0.030208 0.131481
0 0.262240 0.228704 0.024479 0.164815
0 0.232031 0.232870 0.035937 0.150926
0 0.147135 0.046759 0.024479 0.130556
0 0.231510 0.106019 0.031771 0.147222
0 0.203125 0.102778 0.027083 0.140741
0 0.835938 -0.003241 0.020833 0.078704
0 0.521354 0.011574 0.034375 0.128704
