0 0.845573 0.654630 0.050521 0.214815
0 0.243750 0.627778 0.045833 0.227778
0 0.915365 0.517593 0.046354 0.190741
0 0.459896 0.987963 0.042708 0.224074
0 0.377865 0.242593 0.040104 0.103704
0 0.367969 0.325463 0.029687 0.112037
0 0.421094 0.207407 0.026562 0.162963
0 0.184896 0.264352 0.028125 0.160185
0 0.148698 0.263426 0.029687 0.184259
0 0.403385 0.146296 0.024479 0.138889
0 0.253125 0.066204 0.021875 0.130556
0 0.651563 0.081481 0.031250 0.109259
0 0.302083 0.187500 0.029167 0.162037
0 0.176823 0.049074 0.023438 0.138889
0 0.200000 0.181481 0.025000 0.159259
0 0.163281 0.192593 0.025521 0.155556
0 0.136719 0.200463 0.025521 0.150926
0 0.121615 0.179167 0.025521 0.171296
0 0.468490 -0.022685 0.025521 0.149074
0 0.173698 0.500000 0.036979 0.205556
0 0.659115 0.785185 0.045312 0.237037
0 0.617708 0.813426 0.042708 0.245370
0 0.847135 0.181944 0.029687 0.163889
0 0.777604 0.175926 0.027083 0.155556
0 0.786458 0.074074 0.030208 0.131481
0 0.260417 0.243519 0.023958 0.168519
0 0.228385 0.243981 0.040104 0.149074
0 0.146615 0.046759 0.024479 0.130556
0 0.239583 0.120833 0.029167 0.150926
0 0.209635 0.121296 0.026562 0.155556
0 0.832031 -0.004630 0.019271 0.077778
0 0.495573 0.007870 0.031771 0.130556
