0 0.845833 0.654630 0.051042 0.214815
0 0.305729 0.644444 0.044792 0.229630
0 0.917448 0.516667 0.039063 0.194444
0 0.477604 0.993056 0.045833 0.213889
0 0.377865 0.242593 0.040104 0.103704
0 0.367969 0.325463 0.029687 0.112037
0 0.422917 0.203704 0.032292 0.159259
0 0.185677 0.254630 0.027604 0.157407
0 0.158594 0.248148 0.028646 0.177778
0 0.403646 0.141667 0.026042 0.144444
0 0.250260 0.034259 0.021354 0.127778
0 0.651563 0.081481 0.031250 0.109259
0 0.300000 0.187500 0.031250 0.160185
0 0.174740 0.049074 0.023438 0.138889
0 0.200000 0.180556 0.025000 0.159259
0 0.134115 0.200463 0.025521 0.150926
0 0.121615 0.180556 0.025521 0.168519
0 0.467187 -0.025463 0.026042 0.147222
0 0.172656 0.553241 0.039063 0.208333
0 0.606250 0.708333 0.043750 0.233333
0 0.570052 0.722685 0.040104 0.228704
0 0.834375 0.150463 0.031250 0.160185
0 0.766667 0.146296 0.028125 0.148148
0 0.827865 0.031019 0.027604 0.126852
0 0.791406 0.086111 0.029687 0.135185
0 0.248698 0.278704 0.026562 0.172222
0 0.222135 0.280556 0.035937 0.159259
0 0.146094 0.046759 0.025521 0.130556
0 0.259635 0.148148 0.030729 0.153704
0 0.229948 0.149537 0.028646 0.154630
0 0.440104 -0.004167 0.028125 0.132407
