0 0.846094 0.654630 0.051562 0.214815
0 0.362240 0.648148 0.045312 0.233333
0 0.916146 0.516667 0.038542 0.196296
0 0.469792 0.983796 0.040625 0.228704
0 0.377865 0.242593 0.040104 0.103704
0 0.367969 0.325463 0.029687 0.112037
0 0.429427 0.208333 0.035937 0.161111
0 0.192969 0.239815 0.024479 0.155556
0 0.169792 0.239352 0.033333 0.176852
0 0.405990 0.140278 0.028646 0.147222
0 0.398958 0.116204 0.029167 0.156481
0 0.249479 0.001852 0.022917 0.120370
0 0.651563 0.081481 0.031250 0.109259
0 0.305729 0.188426 0.030208 0.158333
0 0.174740 0.049074 0.023438 0.138889
0 0.200000 0.178704 0.025000 0.159259
0 0.163021 0.192593 0.026042 0.155556
0 0.136979 0.200000 0.025000 0.153704
0 0.124219 0.181481 0.025521 0.166667
0 0.467187 -0.025463 0.026042 0.147222
0 0.161979 0.643519 0.041667 0.220370
0 0.559635 0.599074 0.043229 0.216667
0 0.513542 0.620833 0.036458 0.219444
0 0.753125 0.106944 0.026042 0.143519
0 0.869792 0.081019 0.029167 0.145370
0 0.782552 0.116667 0.029687 0.138889
0 0.570313 0.010648 0.027083 0.145370
0 0.272135 0.022685 0.021354 0.125000
0 0.241146 0.332870 0.027083 0.180556
0 0.208073 0.334722 0.042188 0.163889
0 0.145833 0.047685 0.027083 0.128704
0 0.262760 0.199537 0.029687 0.163889
0 0.234115 0.194444 0.027604 0.159259
0 0.410677 -0.003241 0.023438 0.128704
