0 0.846354 0.654630 0.052083 0.214815
0 0.358073 0.650000 0.041146 0.229630
0 0.916146 0.517130 0.039583 0.195370
0 0.490104 0.981019 0.043750 0.226852
0 0.377865 0.242593 0.040104 0.103704
0 0.367969 0.325463 0.029687 0.112037
0 0.433333 0.208796 0.039583 0.158333
0 0.195052 0.236111 0.025521 0.155556
0 0.174479 0.239352 0.035417 0.176852
0 0.405469 0.141204 0.027604 0.147222
0 0.399219 0.116667 0.027604 0.155556
0 0.651563 0.081481 0.031250 0.109259
0 0.306250 0.188426 0.030208 0.158333
0 0.174740 0.049074 0.023438 0.138889
0 0.200000 0.177778 0.025000 0.159259
0 0.163021 0.193981 0.026042 0.154630
0 0.137760 0.199537 0.026562 0.154630
0 0.126823 0.180556 0.024479 0.170370
0 0.467187 -0.025463 0.026042 0.147222
0 0.167708 0.703241 0.043750 0.228704
0 0.532031 0.539815 0.033854 0.211111
0 0.485417 0.555556 0.036458 0.211111
0 0.739062 0.995370 0.050000 0.194444
0 0.941146 0.741204 0.055208 0.213889
0 0.979687 0.701389 0.041667 0.236111
0 0.795573 0.073148 0.027604 0.144444
0 0.752083 0.081944 0.026042 0.141667
0 0.895052 0.123611 0.026562 0.154630
0 0.835417 0.093056 0.028125 0.136111
0 0.785417 0.145370 0.030208 0.142593
0 0.580729 0.063889 0.030208 0.142593
0 0.395052 0.003241 0.022396 0.125000
0 0.260937 0.057407 0.022917 0.125926
0 0.237500 0.375000 0.028125 0.188889
0 0.195573 0.378241 0.042188 0.163889
0 0.211719 0.131019 0.025521 0.152778
0 0.225781 0.005556 0.029687 0.127778
0 0.145833 0.047222 0.027083 0.127778
0 0.264323 0.236111 0.030729 0.170370
0 0.227865 0.228704 0.029687 0.161111
