0 0.846354 0.654630 0.052083 0.214815
0 0.358333 0.648611 0.041667 0.228704
0 0.916146 0.517130 0.039583 0.195370
0 0.486979 0.982870 0.044792 0.226852
0 0.377865 0.242593 0.040104 0.103704
0 0.367969 0.325463 0.029687 0.112037
0 0.433854 0.209259 0.039583 0.159259
0 0.194792 0.236111 0.025000 0.155556
0 0.174219 0.239352 0.035937 0.176852
0 0.405469 0.141204 0.027604 0.147222
0 0.398958 0.116667 0.028125 0.155556
0 0.651563 0.081481 0.031250 0.109259
0 0.306250 0.188426 0.030208 0.158333
0 0.174740 0.049074 0.023438 0.138889
0 0.200000 0.177778 0.025000 0.159259
0 0.163021 0.193519 0.026042 0.155556
0 0.137760 0.199537 0.026562 0.154630
0 0.127865 0.181019 0.024479 0.169444
0 0.467187 -0.025463 0.026042 0.147222
0 0.165365 0.696759 0.044271 0.226852
0 0.534635 0.548611 0.041146 0.213889
0 0.488542 0.564815 0.036458 0.212963
0 0.743229 1.002315 0.048958 0.186111
0 0.944010 0.741204 0.059896 0.213889
0 0.983854 0.703241 0.041667 0.236111
0 0.797917 0.075463 0.027083 0.147222
0 0.751042 0.087500 0.025000 0.143519
0 0.893229 0.118519 0.026042 0.151852
0 0.835677 0.086111 0.024479 0.133333
0 0.784375 0.140741 0.030208 0.142593
0 0.580469 0.057870 0.028646 0.143519
0 0.394010 0.003241 0.022396 0.125000
0 0.262500 0.054630 0.023958 0.122222
0 0.237500 0.372222 0.028125 0.188889
0 0.196875 0.375463 0.041667 0.167593
0 0.208073 0.133333 0.025521 0.155556
0 0.226042 0.001852 0.029167 0.127778
0 0.145833 0.047685 0.027083 0.128704
0 0.263802 0.230556 0.029687 0.170370
0 0.229427 0.225926 0.029687 0.161111
