0 0.846354 0.654630 0.052083 0.214815
0 0.358333 0.647685 0.041667 0.230556
0 0.916146 0.517130 0.039583 0.195370
0 0.474479 0.984259 0.044792 0.227778
0 0.377865 0.242593 0.040104 0.103704
0 0.367969 0.325463 0.029687 0.112037
0 0.434635 0.208796 0.040104 0.160185
0 0.194792 0.236111 0.025000 0.155556
0 0.173437 0.239352 0.037500 0.176852
0 0.405729 0.141204 0.028125 0.147222
0 0.398438 0.116667 0.029167 0.155556
0 0.651563 0.081481 0.031250 0.109259
0 0.306250 0.188426 0.030208 0.158333
0 0.174740 0.049074 0.023438 0.138889
0 0.200000 0.177778 0.025000 0.159259
0 0.163021 0.192593 0.026042 0.155556
0 0.137500 0.199074 0.027083 0.155556
0 0.125521 0.180556 0.025000 0.168519
0 0.467187 -0.025463 0.026042 0.147222
0 0.159635 0.669444 0.042188 0.220370
0 0.544271 0.574074 0.039583 0.216667
0 0.500781 0.591204 0.035937 0.217593
0 0.800260 0.089352 0.036979 0.149074
0 0.749479 0.097685 0.026042 0.145370
0 0.880469 0.102315 0.026562 0.145370
0 0.827604 0.072222 0.023958 0.133333
0 0.780469 0.129630 0.030729 0.138889
0 0.573177 0.035185 0.030729 0.144444
0 0.392448 0.003241 0.022396 0.125000
0 0.266927 0.041204 0.024479 0.123148
0 0.240625 0.350926 0.027083 0.183333
0 0.200260 0.353704 0.039063 0.166667
0 0.233073 -0.010185 0.022396 0.125926
0 0.145833 0.047685 0.027083 0.128704
0 0.261198 0.214815 0.030729 0.162963
0 0.231250 0.207407 0.031250 0.157407
0 0.411458 -0.003241 0.022917 0.128704
