0 0.846094 0.654630 0.051562 0.214815
0 0.353646 0.650463 0.047917 0.232407
0 0.916406 0.516667 0.038021 0.196296
0 0.472917 0.979167 0.040625 0.228704
0 0.377865 0.242593 0.040104 0.103704
0 0.367969 0.325463 0.029687 0.112037
0 0.425000 0.203241 0.029167 0.162037
0 0.193490 0.245833 0.025521 0.160185
0 0.161458 0.243056 0.031250 0.176852
0 0.405729 0.143056 0.029167 0.147222
0 0.398698 0.114815 0.027604 0.155556
0 0.240104 0.010185 0.021875 0.122222
0 0.651563 0.081481 0.031250 0.109259
0 0.304427 0.187037 0.032813 0.159259
0 0.174740 0.049074 0.023438 0.138889
0 0.200000 0.179630 0.025000 0.159259
0 0.134635 0.200000 0.025521 0.151852
0 0.121615 0.181481 0.025521 0.166667
0 0.467187 -0.025463 0.026042 0.147222
0 0.163542 0.610185 0.039583 0.218519
0 0.571094 0.640278 0.035937 0.232407
0 0.532552 0.659259 0.036979 0.220370
0 0.816667 0.119444 0.033333 0.151852
0 0.758073 0.119907 0.025521 0.145370
0 0.859635 0.066204 0.028646 0.139815
0 0.782031 0.105093 0.031771 0.139815
0 0.566146 -0.005093 0.027083 0.143519
0 0.272396 0.012500 0.018750 0.125000
0 0.242708 0.314352 0.028125 0.176852
0 0.214844 0.317130 0.038021 0.163889
0 0.145833 0.047685 0.027083 0.128704
0 0.263021 0.182407 0.031250 0.164815
0 0.236979 0.180556 0.028125 0.159259
0 0.410156 -0.003241 0.023438 0.128704
