0 0.846354 0.654630 0.052083 0.214815
0 0.358333 0.648148 0.041667 0.229630
0 0.916146 0.517130 0.039583 0.195370
0 0.477865 0.984722 0.044271 0.226852
0 0.377865 0.242593 0.040104 0.103704
0 0.367969 0.325463 0.029687 0.112037
0 0.434635 0.209722 0.040104 0.160185
0 0.194792 0.236111 0.025000 0.155556
0 0.173958 0.239352 0.037500 0.176852
0 0.406250 0.142593 0.028125 0.146296
0 0.398698 0.116667 0.028646 0.155556
0 0.651563 0.081481 0.031250 0.109259
0 0.306250 0.188426 0.030208 0.158333
0 0.174740 0.049074 0.023438 0.138889
0 0.200000 0.177778 0.025000 0.159259
0 0.163021 0.193056 0.026042 0.154630
0 0.137500 0.199074 0.027083 0.155556
0 0.128125 0.180556 0.025000 0.168519
0 0.467187 -0.025463 0.026042 0.147222
0 0.164063 0.682407 0.042708 0.224074
0 0.539063 0.561574 0.044792 0.217593
0 0.494792 0.576852 0.035417 0.214815
0 0.749479 1.014352 0.043750 0.150926
0 0.799740 0.084259 0.035937 0.148148
0 0.748958 0.087500 0.025000 0.143519
0 0.888802 0.106944 0.026562 0.145370
0 0.831510 0.079630 0.024479 0.133333
0 0.782292 0.135185 0.030208 0.138889
0 0.577344 0.043056 0.028646 0.143519
0 0.392969 0.003241 0.022396 0.125000
0 0.265625 0.046296 0.023958 0.122222
0 0.238542 0.363426 0.027083 0.184259
0 0.197396 0.363426 0.041667 0.165741
0 0.230208 -0.004630 0.022917 0.125926
0 0.145833 0.047685 0.027083 0.128704
0 0.263021 0.226389 0.030208 0.167593
0 0.230729 0.218056 0.030208 0.160185
0 0.411979 -0.003241 0.022917 0.128704
