0 0.845833 0.654630 0.051042 0.214815
0 0.344010 0.653241 0.040104 0.228704
0 0.916406 0.516667 0.038021 0.196296
0 0.474740 0.983333 0.044271 0.229630
0 0.377865 0.242593 0.040104 0.103704
0 0.367969 0.325463 0.029687 0.112037
0 0.422396 0.202778 0.026042 0.162963
0 0.193229 0.249074 0.025000 0.161111
0 0.159896 0.245370 0.029167 0.181481
0 0.405208 0.140278 0.029167 0.147222
0 0.399219 0.114815 0.028646 0.155556
0 0.240885 0.015278 0.021354 0.123148
0 0.651563 0.081481 0.031250 0.109259
0 0.301823 0.187037 0.031771 0.159259
0 0.174740 0.049074 0.023438 0.138889
0 0.200000 0.179630 0.025000 0.159259
0 0.134115 0.200463 0.025521 0.150926
0 0.121615 0.181019 0.025521 0.167593
0 0.467187 -0.025463 0.026042 0.147222
0 0.166927 0.598148 0.040104 0.220370
0 0.581510 0.654167 0.040104 0.230556
0 0.542969 0.672222 0.040104 0.216667
0 0.823177 0.129630 0.031771 0.157407
0 0.762240 0.125463 0.024479 0.147222
0 0.855208 0.053241 0.028125 0.136111
0 0.784635 0.098148 0.030729 0.137037
0 0.565885 -0.017593 0.023438 0.137037
0 0.390365 -0.015278 0.022396 0.125000
0 0.272917 0.002315 0.018750 0.125000
0 0.244271 0.304167 0.028125 0.176852
0 0.217448 0.305093 0.036979 0.162037
0 0.145833 0.047685 0.027083 0.128704
0 0.265104 0.171296 0.033333 0.161111
0 0.234375 0.168981 0.028125 0.158333
0 0.416406 -0.004167 0.023438 0.128704
