0 0.845833 0.654630 0.051042 0.214815
0 0.345573 0.652778 0.042188 0.229630
0 0.916406 0.516667 0.038021 0.196296
0 0.474479 0.982407 0.043750 0.229630
0 0.377865 0.242593 0.040104 0.103704
0 0.367969 0.325463 0.029687 0.112037
0 0.422656 0.202778 0.026562 0.162963
0 0.193229 0.248611 0.025000 0.162037
0 0.159896 0.244907 0.029167 0.180556
0 0.405208 0.141204 0.029167 0.147222
0 0.398958 0.114815 0.028125 0.155556
0 0.240365 0.014352 0.021354 0.123148
0 0.651563 0.081481 0.031250 0.109259
0 0.302344 0.187037 0.032813 0.159259
0 0.174740 0.049074 0.023438 0.138889
0 0.200000 0.179630 0.025000 0.159259
0 0.134115 0.200463 0.025521 0.150926
0 0.121615 0.181019 0.025521 0.167593
0 0.467187 -0.025463 0.026042 0.147222
0 0.166146 0.599537 0.039583 0.219444
0 0.579948 0.648611 0.036979 0.228704
0 0.540885 0.667593 0.040104 0.214815
0 0.821615 0.127315 0.031771 0.156481
0 0.761458 0.125000 0.025000 0.146296
0 0.856250 0.056944 0.029167 0.136111
0 0.783854 0.099074 0.031250 0.137037
0 0.566146 -0.015278 0.023958 0.137963
0 0.390365 -0.014352 0.022396 0.125000
0 0.272917 0.004167 0.018750 0.125000
0 0.244271 0.306019 0.028125 0.176852
0 0.216406 0.306019 0.038021 0.162037
0 0.145833 0.047685 0.027083 0.128704
0 0.264844 0.173611 0.032813 0.162037
0 0.234375 0.171296 0.028125 0.159259
0 0.414844 -0.004167 0.023438 0.128704
