0 0.846615 0.654630 0.052604 0.214815
0 0.357292 0.651389 0.040625 0.226852
0 0.916146 0.517130 0.039583 0.195370
0 0.496875 0.981481 0.041667 0.225926
0 0.377865 0.242593 0.040104 0.103704
0 0.367969 0.325463 0.029687 0.112037
0 0.432552 0.208333 0.039063 0.157407
0 0.195052 0.236111 0.025521 0.155556
0 0.175000 0.239352 0.034375 0.176852
0 0.406771 0.142130 0.027083 0.147222
0 0.400000 0.116204 0.026042 0.154630
0 0.651563 0.081481 0.031250 0.109259
0 0.305990 0.187963 0.029687 0.157407
0 0.174740 0.050000 0.023438 0.138889
0 0.204167 0.177315 0.026042 0.158333
0 0.163542 0.194907 0.026042 0.154630
0 0.138542 0.200926 0.026042 0.153704
0 0.122917 0.181481 0.023958 0.172222
0 0.467187 -0.025463 0.026042 0.147222
0 0.174740 0.732870 0.041146 0.232407
0 0.525260 0.515278 0.041146 0.212037
0 0.479167 0.529630 0.034375 0.209259
0 0.724740 0.969444 0.050521 0.231481
0 0.934635 0.739352 0.044271 0.219444
0 0.794010 0.066204 0.033854 0.137963
0 0.755729 0.074537 0.025000 0.137963
0 0.901823 0.135648 0.026562 0.154630
0 0.840885 0.110185 0.025521 0.144444
0 0.786719 0.156019 0.029687 0.145370
0 0.588281 0.078704 0.027604 0.142593
0 0.393229 0.004167 0.023958 0.125000
0 0.258333 0.064352 0.025000 0.130556
0 0.234375 0.399074 0.028125 0.188889
0 0.194792 0.399074 0.040625 0.168519
0 0.227604 0.135648 0.029167 0.160185
0 0.229167 0.016204 0.033333 0.128704
0 0.145833 0.047222 0.027083 0.127778
0 0.265104 0.253704 0.031250 0.174074
0 0.223177 0.246759 0.028646 0.169444
