0 0.846094 0.654630 0.051562 0.214815
0 0.351823 0.650926 0.048438 0.233333
0 0.916406 0.516667 0.038021 0.196296
0 0.473438 0.979167 0.040625 0.228704
0 0.377865 0.242593 0.040104 0.103704
0 0.367969 0.325463 0.029687 0.112037
0 0.424219 0.202778 0.027604 0.162963
0 0.193490 0.246759 0.025521 0.162037
0 0.160417 0.243056 0.030208 0.176852
0 0.405729 0.143056 0.029167 0.147222
0 0.398698 0.114815 0.027604 0.155556
0 0.239844 0.010185 0.021354 0.122222
0 0.651563 0.081481 0.031250 0.109259
0 0.303906 0.187037 0.033854 0.159259
0 0.174740 0.049074 0.023438 0.138889
0 0.200000 0.179630 0.025000 0.159259
0 0.134635 0.200000 0.025521 0.151852
0 0.121615 0.181481 0.025521 0.166667
0 0.467187 -0.025463 0.026042 0.147222
0 0.163542 0.606019 0.039583 0.217593
0 0.573177 0.642130 0.035937 0.232407
0 0.534375 0.661111 0.037500 0.218519
0 0.817187 0.120370 0.033333 0.151852
0 0.758854 0.121759 0.026042 0.145370
0 0.858854 0.065278 0.030208 0.137963
0 0.782031 0.103704 0.031771 0.138889
0 0.566146 -0.007407 0.026042 0.142593
0 0.272396 0.010648 0.018750 0.125000
0 0.243229 0.311574 0.028125 0.176852
0 0.215104 0.314815 0.038542 0.162963
0 0.145833 0.047685 0.027083 0.128704
0 0.263281 0.181481 0.031771 0.164815
0 0.236458 0.177778 0.028125 0.159259
0 0.410156 -0.003241 0.023438 0.128704
