0 0.846094 0.654630 0.051562 0.214815
0 0.361458 0.647222 0.046875 0.231481
0 0.916146 0.516667 0.038542 0.196296
0 0.470833 0.981944 0.040625 0.228704
0 0.377865 0.242593 0.040104 0.103704
0 0.367969 0.325463 0.029687 0.112037
0 0.428385 0.206481 0.033854 0.161111
0 0.193229 0.242130 0.025000 0.154630
0 0.166667 0.241204 0.034375 0.176852
0 0.405729 0.141204 0.029167 0.147222
0 0.398958 0.116204 0.029167 0.156481
0 0.244271 0.006481 0.022917 0.122222
0 0.651563 0.081481 0.031250 0.109259
0 0.305729 0.188426 0.030208 0.158333
0 0.174740 0.049074 0.023438 0.138889
0 0.200000 0.178704 0.025000 0.159259
0 0.135937 0.199537 0.025000 0.152778
0 0.123177 0.181481 0.025521 0.166667
0 0.467187 -0.025463 0.026042 0.147222
0 0.163021 0.628704 0.039583 0.222222
0 0.565625 0.620833 0.048958 0.226852
0 0.523177 0.637963 0.035937 0.220370
0 0.815365 0.114815 0.031771 0.151852
0 0.755208 0.112500 0.025000 0.145370
0 0.865104 0.071759 0.026042 0.145370
0 0.782813 0.111111 0.030208 0.140741
0 0.567448 0.002315 0.028646 0.145370
0 0.271354 0.018981 0.018750 0.125000
0 0.241927 0.325000 0.027604 0.177778
0 0.213542 0.325000 0.037500 0.164815
0 0.145833 0.047685 0.027083 0.128704
0 0.261979 0.190278 0.029167 0.163889
0 0.234896 0.188889 0.028125 0.159259
0 0.410417 -0.003241 0.022917 0.128704
