0 0.846354 0.654630 0.052083 0.214815
0 0.357812 0.651389 0.040625 0.230556
0 0.916146 0.517130 0.039583 0.195370
0 0.494531 0.980093 0.042188 0.226852
0 0.377865 0.242593 0.040104 0.103704
0 0.367969 0.325463 0.029687 0.112037
0 0.432552 0.208333 0.039063 0.157407
0 0.195052 0.236111 0.025521 0.155556
0 0.174740 0.239352 0.034896 0.176852
0 0.406510 0.141204 0.027604 0.147222
0 0.399740 0.116667 0.026562 0.155556
0 0.651563 0.081481 0.031250 0.109259
0 0.306250 0.187963 0.030208 0.157407
0 0.174740 0.049074 0.023438 0.138889
0 0.201302 0.177315 0.025521 0.158333
0 0.163021 0.193981 0.026042 0.154630
0 0.138021 0.200000 0.026042 0.153704
0 0.125000 0.180556 0.023958 0.170370
0 0.467187 -0.025463 0.026042 0.147222
0 0.171875 0.717593 0.042708 0.231481
0 0.526563 0.522222 0.033333 0.209259
0 0.482292 0.539352 0.035417 0.210185
0 0.731510 0.981944 0.050521 0.213889
0 0.936719 0.740741 0.047396 0.214815
0 0.971094 0.700463 0.041146 0.234259
0 0.793750 0.069444 0.030208 0.140741
0 0.754167 0.076389 0.026042 0.137963
0 0.898698 0.131019 0.026562 0.156481
0 0.837240 0.103704 0.029687 0.140741
0 0.786458 0.152315 0.030208 0.143519
0 0.583854 0.073148 0.030208 0.142593
0 0.394792 0.003241 0.022917 0.125000
0 0.258854 0.061574 0.022917 0.130556
0 0.236458 0.386111 0.028125 0.188889
0 0.193750 0.389815 0.042708 0.164815
0 0.223177 0.135185 0.030729 0.161111
0 0.226563 0.011574 0.031250 0.128704
0 0.145833 0.047222 0.027083 0.127778
0 0.264844 0.246296 0.031771 0.172222
0 0.225521 0.241204 0.029167 0.165741
