0 0.846354 0.654630 0.052083 0.214815
0 0.358333 0.648148 0.041667 0.229630
0 0.916146 0.517130 0.039583 0.195370
0 0.480729 0.983796 0.044792 0.226852
0 0.377865 0.242593 0.040104 0.103704
0 0.367969 0.325463 0.029687 0.112037
0 0.434115 0.209259 0.040104 0.159259
0 0.194792 0.236111 0.025000 0.155556
0 0.173698 0.239352 0.036979 0.176852
0 0.405729 0.141667 0.028125 0.146296
0 0.398958 0.116667 0.028125 0.155556
0 0.651563 0.081481 0.031250 0.109259
0 0.306250 0.188426 0.030208 0.158333
0 0.174740 0.049074 0.023438 0.138889
0 0.200000 0.177778 0.025000 0.159259
0 0.163021 0.193056 0.026042 0.154630
0 0.137500 0.199074 0.027083 0.155556
0 0.127865 0.180556 0.024479 0.168519
0 0.467187 -0.025463 0.026042 0.147222
0 0.164323 0.686574 0.043229 0.225000
0 0.537760 0.558796 0.047396 0.217593
0 0.492448 0.574074 0.035937 0.214815
0 0.747135 1.010185 0.045312 0.162963
0 0.959115 0.748611 0.052604 0.223148
0 0.997135 0.699537 0.043229 0.237963
0 0.799219 0.081481 0.032813 0.148148
0 0.749479 0.087500 0.025000 0.143519
0 0.890365 0.110648 0.026562 0.147222
0 0.833073 0.081481 0.024479 0.133333
0 0.782813 0.137037 0.030208 0.140741
0 0.578385 0.047685 0.028646 0.143519
0 0.393490 0.003241 0.022396 0.125000
0 0.264583 0.049074 0.023958 0.122222
0 0.238281 0.366204 0.027604 0.186111
0 0.197656 0.368519 0.041146 0.168519
0 0.228646 -0.002778 0.025000 0.125926
0 0.145833 0.047685 0.027083 0.128704
0 0.263021 0.227778 0.030208 0.168519
0 0.230990 0.223148 0.029687 0.161111
