0 0.845833 0.654630 0.051042 0.214815
0 0.344792 0.653241 0.041667 0.228704
0 0.916406 0.516667 0.038021 0.196296
0 0.474479 0.982870 0.043750 0.228704
0 0.377865 0.242593 0.040104 0.103704
0 0.367969 0.325463 0.029687 0.112037
0 0.422396 0.202778 0.026042 0.162963
0 0.193229 0.249074 0.025000 0.161111
0 0.159896 0.245370 0.029167 0.181481
0 0.405208 0.141204 0.029167 0.147222
0 0.399219 0.114815 0.028646 0.155556
0 0.240885 0.014815 0.021354 0.122222
0 0.651563 0.081481 0.031250 0.109259
0 0.302083 0.187037 0.032292 0.159259
0 0.174740 0.049074 0.023438 0.138889
0 0.200000 0.179630 0.025000 0.159259
0 0.134115 0.200463 0.025521 0.150926
0 0.121615 0.181019 0.025521 0.167593
0 0.467187 -0.025463 0.026042 0.147222
0 0.166406 0.598611 0.040104 0.219444
0 0.580729 0.650926 0.038542 0.229630
0 0.541927 0.669907 0.040104 0.215741
0 0.822135 0.128241 0.031771 0.156481
0 0.761979 0.125000 0.025000 0.146296
0 0.855469 0.055093 0.028646 0.136111
0 0.784375 0.098611 0.031250 0.136111
0 0.566146 -0.016204 0.023958 0.137963
0 0.390365 -0.015278 0.022396 0.125000
0 0.272917 0.003241 0.018750 0.125000
0 0.244271 0.305093 0.028125 0.176852
0 0.217188 0.306019 0.037500 0.162037
0 0.145833 0.047685 0.027083 0.128704
0 0.265104 0.172222 0.033333 0.161111
0 0.234375 0.170370 0.028125 0.159259
0 0.415365 -0.004167 0.023438 0.128704
