0 0.846354 0.654630 0.052083 0.214815
0 0.358073 0.650926 0.041146 0.231481
0 0.916146 0.517130 0.039583 0.195370
0 0.492708 0.980093 0.042708 0.226852
0 0.377865 0.242593 0.040104 0.103704
0 0.367969 0.325463 0.029687 0.112037
0 0.433073 0.208796 0.039063 0.158333
0 0.195052 0.236111 0.025521 0.155556
0 0.174479 0.239352 0.035417 0.176852
0 0.405990 0.141204 0.027604 0.147222
0 0.399479 0.116667 0.027083 0.155556
0 0.651563 0.081481 0.031250 0.109259
0 0.306250 0.188426 0.030208 0.158333
0 0.174740 0.049074 0.023438 0.138889
0 0.200000 0.177778 0.025000 0.159259
0 0.163021 0.193981 0.026042 0.154630
0 0.138021 0.200000 0.026042 0.153704
0 0.126302 0.180556 0.024479 0.170370
0 0.467187 -0.025463 0.026042 0.147222
0 0.169792 0.708796 0.043750 0.230556
0 0.529427 0.531944 0.033854 0.210185
0 0.483594 0.548611 0.035937 0.210185
0 0.735938 0.990278 0.051042 0.200926
0 0.939063 0.741204 0.051042 0.213889
0 0.976042 0.700000 0.041667 0.235185
0 0.793750 0.071296 0.028125 0.142593
0 0.752865 0.077315 0.026562 0.139815
0 0.896354 0.128241 0.027083 0.156481
0 0.834896 0.098611 0.031250 0.137963
0 0.785937 0.149074 0.030208 0.142593
0 0.580990 0.068519 0.030729 0.142593
0 0.395573 0.003241 0.022396 0.125000
0 0.259635 0.059722 0.022396 0.128704
0 0.237500 0.376852 0.028125 0.188889
0 0.194792 0.382407 0.042708 0.162963
0 0.216667 0.132870 0.028125 0.156481
0 0.225781 0.008333 0.029687 0.127778
0 0.145833 0.047222 0.027083 0.127778
0 0.264583 0.239815 0.031250 0.170370
0 0.226823 0.234259 0.029687 0.162963
