0 0.846094 0.654630 0.051562 0.214815
0 0.358854 0.648148 0.040625 0.231481
0 0.916146 0.517130 0.039583 0.195370
0 0.473698 0.984259 0.044271 0.227778
0 0.377865 0.242593 0.040104 0.103704
0 0.367969 0.325463 0.029687 0.112037
0 0.433854 0.208796 0.040625 0.160185
0 0.194531 0.236574 0.024479 0.156481
0 0.172917 0.239352 0.036458 0.176852
0 0.405729 0.140278 0.028125 0.147222
0 0.398698 0.116204 0.029687 0.156481
0 0.651563 0.081481 0.031250 0.109259
0 0.305729 0.188426 0.030208 0.158333
0 0.174740 0.049074 0.023438 0.138889
0 0.200000 0.177778 0.025000 0.159259
0 0.163021 0.192593 0.026042 0.155556
0 0.137240 0.199074 0.026562 0.155556
0 0.125521 0.180556 0.025000 0.168519
0 0.467187 -0.025463 0.026042 0.147222
0 0.159375 0.665741 0.041667 0.220370
0 0.546615 0.580556 0.038021 0.218519
0 0.502604 0.598148 0.036458 0.218519
0 0.801302 0.091204 0.035937 0.149074
0 0.749740 0.100463 0.026562 0.145370
0 0.878125 0.099537 0.027083 0.145370
0 0.826562 0.070370 0.023958 0.133333
0 0.780469 0.127778 0.030729 0.138889
0 0.572135 0.032407 0.030729 0.144444
0 0.392188 0.003241 0.021875 0.125000
0 0.268750 0.038426 0.025000 0.123148
0 0.240625 0.347222 0.027083 0.183333
0 0.202083 0.351389 0.037500 0.167593
0 0.234115 -0.012037 0.022396 0.125926
0 0.145833 0.047685 0.027083 0.128704
0 0.261198 0.211574 0.030729 0.162037
0 0.231771 0.206481 0.030208 0.157407
0 0.411458 -0.003241 0.022917 0.128704
