0 0.845833 0.654630 0.051042 0.214815
0 0.347396 0.652315 0.044792 0.230556
0 0.916406 0.516667 0.038021 0.196296
0 0.474219 0.981019 0.042188 0.228704
0 0.377865 0.242593 0.040104 0.103704
0 0.367969 0.325463 0.029687 0.112037
0 0.423177 0.202778 0.026562 0.162963
0 0.193490 0.248148 0.025521 0.161111
0 0.159896 0.244444 0.029167 0.179630
0 0.405208 0.142130 0.029167 0.147222
0 0.398958 0.114815 0.028125 0.155556
0 0.240365 0.012963 0.021354 0.122222
0 0.651563 0.081481 0.031250 0.109259
0 0.302865 0.187037 0.032813 0.159259
0 0.174740 0.049074 0.023438 0.138889
0 0.200000 0.179630 0.025000 0.159259
0 0.134115 0.200463 0.025521 0.150926
0 0.121615 0.181019 0.025521 0.167593
0 0.467187 -0.025463 0.026042 0.147222
0 0.165365 0.600926 0.040104 0.218519
0 0.577865 0.646296 0.036979 0.229630
0 0.538802 0.664352 0.039063 0.213889
0 0.819792 0.124537 0.032292 0.154630
0 0.760677 0.124074 0.025521 0.146296
0 0.856771 0.059722 0.030208 0.136111
0 0.783073 0.100000 0.031771 0.137037
0 0.566406 -0.012963 0.024479 0.138889
0 0.390365 -0.014352 0.022396 0.125000
0 0.272917 0.006019 0.018750 0.125000
0 0.243750 0.306944 0.028125 0.176852
0 0.215625 0.307407 0.039583 0.161111
0 0.145833 0.047685 0.027083 0.128704
0 0.264323 0.175926 0.032813 0.162963
0 0.234896 0.173148 0.028125 0.159259
0 0.413281 -0.004167 0.023438 0.128704
