0 0.846354 0.654630 0.052083 0.214815
0 0.358333 0.648611 0.041667 0.228704
0 0.916146 0.517130 0.039583 0.195370
0 0.483854 0.982870 0.044792 0.226852
0 0.377865 0.242593 0.040104 0.103704
0 0.367969 0.325463 0.029687 0.112037
0 0.433854 0.209259 0.039583 0.159259
0 0.194792 0.236111 0.025000 0.155556
0 0.173958 0.239352 0.036458 0.176852
0 0.405469 0.141204 0.027604 0.147222
0 0.398958 0.116667 0.028125 0.155556
0 0.651563 0.081481 0.031250 0.109259
0 0.306250 0.188426 0.030208 0.158333
0 0.174740 0.049074 0.023438 0.138889
0 0.200000 0.177778 0.025000 0.159259
0 0.163021 0.193519 0.026042 0.155556
0 0.137760 0.199537 0.026562 0.154630
0 0.127865 0.181019 0.024479 0.169444
0 0.467187 -0.025463 0.026042 0.147222
0 0.165104 0.691667 0.043750 0.225926
0 0.536198 0.553704 0.045312 0.216667
0 0.490365 0.569907 0.035937 0.213889
0 0.745052 1.006019 0.047396 0.175000
0 0.951562 0.744444 0.056250 0.218519
0 0.990365 0.700926 0.042188 0.237037
0 0.798438 0.078241 0.030208 0.147222
0 0.750000 0.087500 0.025000 0.143519
0 0.891667 0.114352 0.026042 0.149074
0 0.834115 0.083333 0.024479 0.133333
0 0.783333 0.138426 0.030208 0.141667
0 0.579427 0.052315 0.028646 0.143519
0 0.393490 0.003241 0.022396 0.125000
0 0.263542 0.051852 0.023958 0.122222
0 0.237760 0.368981 0.027604 0.187963
0 0.198177 0.374074 0.041146 0.170370
0 0.205729 0.134722 0.026042 0.158333
0 0.227344 -0.000463 0.026562 0.126852
0 0.145833 0.047685 0.027083 0.128704
0 0.263281 0.229167 0.029687 0.169444
0 0.229948 0.224074 0.029687 0.161111
