0 0.846094 0.654630 0.051562 0.214815
0 0.359115 0.648611 0.040104 0.232407
0 0.916146 0.517130 0.039583 0.195370
0 0.473177 0.984259 0.043229 0.227778
0 0.377865 0.242593 0.040104 0.103704
0 0.367969 0.325463 0.029687 0.112037
0 0.433333 0.208796 0.040625 0.160185
0 0.194531 0.236574 0.024479 0.156481
0 0.172656 0.239352 0.035937 0.176852
0 0.405729 0.139352 0.028125 0.147222
0 0.398698 0.116204 0.029687 0.156481
0 0.651563 0.081481 0.031250 0.109259
0 0.305729 0.188426 0.030208 0.158333
0 0.174740 0.049074 0.023438 0.138889
0 0.200000 0.178704 0.025000 0.159259
0 0.163021 0.192593 0.026042 0.155556
0 0.137500 0.199074 0.026042 0.155556
0 0.125521 0.180556 0.025000 0.168519
0 0.467187 -0.025463 0.026042 0.147222
0 0.159375 0.662963 0.041667 0.220370
0 0.548177 0.584722 0.036979 0.219444
0 0.503646 0.602778 0.036458 0.220370
0 0.802865 0.093056 0.033854 0.149074
0 0.750260 0.100926 0.026562 0.144444
0 0.876563 0.097685 0.028125 0.145370
0 0.825781 0.068519 0.024479 0.133333
0 0.780469 0.125926 0.030729 0.138889
0 0.571875 0.029630 0.030208 0.144444
0 0.391927 0.003241 0.022396 0.125000
0 0.270052 0.035648 0.025521 0.123148
0 0.240625 0.345370 0.027083 0.183333
0 0.203646 0.350463 0.036458 0.169444
0 0.235156 -0.013889 0.022396 0.125926
0 0.145833 0.047685 0.027083 0.128704
0 0.261719 0.210185 0.030729 0.162963
0 0.231510 0.205556 0.029687 0.157407
0 0.411198 -0.003241 0.023438 0.128704
