0 0.846354 0.654630 0.052083 0.214815
0 0.357812 0.650926 0.040625 0.229630
0 0.916146 0.517130 0.039583 0.195370
0 0.495052 0.980093 0.042188 0.226852
0 0.377865 0.242593 0.040104 0.103704
0 0.367969 0.325463 0.029687 0.112037
0 0.432552 0.208333 0.039063 0.157407
0 0.195052 0.236111 0.025521 0.155556
0 0.174740 0.239352 0.034896 0.176852
0 0.406510 0.141204 0.027604 0.147222
0 0.399740 0.116667 0.026562 0.155556
0 0.651563 0.081481 0.031250 0.109259
0 0.306250 0.187963 0.030208 0.157407
0 0.174740 0.049074 0.023438 0.138889
0 0.201823 0.177315 0.025521 0.158333
0 0.163021 0.193981 0.026042 0.154630
0 0.138021 0.200000 0.026042 0.153704
0 0.124740 0.180556 0.024479 0.170370
0 0.467187 -0.025463 0.026042 0.147222
0 0.172396 0.719907 0.042708 0.232407
0 0.526042 0.520833 0.033333 0.208333
0 0.482031 0.537500 0.034896 0.210185
0 0.730729 0.980556 0.051042 0.216667
0 0.936458 0.740278 0.046875 0.215741
0 0.793750 0.068981 0.031250 0.139815
0 0.754687 0.076389 0.026042 0.137963
0 0.899219 0.131944 0.026562 0.156481
0 0.837760 0.104630 0.028646 0.140741
0 0.786458 0.153241 0.030208 0.143519
0 0.584635 0.074074 0.029687 0.142593
0 0.394792 0.003241 0.022917 0.125000
0 0.258854 0.062500 0.022917 0.130556
0 0.235937 0.387963 0.028125 0.188889
0 0.193490 0.391667 0.042188 0.164815
0 0.224740 0.136111 0.031771 0.161111
0 0.227083 0.012037 0.031250 0.127778
0 0.145833 0.047222 0.027083 0.127778
0 0.264844 0.247222 0.031771 0.172222
0 0.225000 0.241667 0.029167 0.166667
