0 0.846615 0.654630 0.052604 0.214815
0 0.356771 0.650463 0.040625 0.226852
0 0.916146 0.518056 0.039583 0.195370
0 0.495312 0.983333 0.041667 0.225926
0 0.377865 0.242593 0.040104 0.103704
0 0.367969 0.325463 0.029687 0.112037
0 0.432552 0.208333 0.039063 0.157407
0 0.195052 0.236111 0.025521 0.155556
0 0.174479 0.239352 0.034375 0.176852
0 0.406510 0.142130 0.026562 0.147222
0 0.400260 0.116204 0.025521 0.154630
0 0.651563 0.081481 0.031250 0.109259
0 0.305469 0.187963 0.029687 0.157407
0 0.174740 0.050000 0.023438 0.138889
0 0.205990 0.177315 0.026562 0.158333
0 0.163542 0.193981 0.026042 0.154630
0 0.139323 0.200463 0.027604 0.152778
0 0.123177 0.181019 0.024479 0.171296
0 0.467187 -0.025463 0.026042 0.147222
0 0.177083 0.735648 0.045833 0.230556
0 0.524740 0.509722 0.045312 0.213889
0 0.476563 0.523611 0.033333 0.208333
0 0.719010 0.960648 0.050521 0.236111
0 0.934115 0.739352 0.045312 0.219444
0 0.795312 0.064815 0.031250 0.137037
0 0.755990 0.068981 0.024479 0.137963
0 0.903646 0.144444 0.027083 0.155556
0 0.842969 0.114815 0.025521 0.144444
0 0.788021 0.158796 0.029167 0.141667
0 0.590104 0.083796 0.027083 0.143519
0 0.391927 0.004630 0.024479 0.124074
0 0.257552 0.068056 0.025521 0.132407
0 0.233594 0.399537 0.028646 0.187963
0 0.196354 0.405556 0.038542 0.172222
0 0.229687 0.135648 0.027083 0.160185
0 0.229687 0.019444 0.034375 0.129630
0 0.145833 0.047222 0.027083 0.127778
0 0.265104 0.255556 0.031250 0.174074
0 0.221094 0.251852 0.028646 0.170370
