0 0.846615 0.654630 0.052604 0.214815
0 0.356510 0.650000 0.041146 0.225926
0 0.916146 0.518056 0.039583 0.195370
0 0.494531 0.984259 0.042188 0.225926
0 0.377865 0.242593 0.040104 0.103704
0 0.367969 0.325463 0.029687 0.112037
0 0.432552 0.208333 0.039063 0.157407
0 0.195313 0.235648 0.026042 0.154630
0 0.174479 0.239352 0.034375 0.176852
0 0.406510 0.142130 0.026562 0.147222
0 0.400260 0.116204 0.025521 0.154630
0 0.651563 0.081481 0.031250 0.109259
0 0.305469 0.187963 0.029687 0.157407
0 0.174740 0.050000 0.023438 0.138889
0 0.207031 0.177315 0.027604 0.158333
0 0.139844 0.200463 0.028646 0.152778
0 0.123177 0.181019 0.024479 0.171296
0 0.467187 -0.025463 0.026042 0.147222
0 0.178646 0.737500 0.048958 0.228704
0 0.523958 0.503241 0.040625 0.212037
0 0.475000 0.517593 0.033333 0.207407
0 0.715625 0.954630 0.050000 0.238889
0 0.933854 0.739815 0.046875 0.220370
0 0.796094 0.063889 0.029687 0.137037
0 0.756250 0.065741 0.023958 0.137037
0 0.904687 0.149537 0.028125 0.156481
0 0.844010 0.117593 0.025521 0.144444
0 0.788802 0.160648 0.028646 0.139815
0 0.591146 0.086574 0.027083 0.143519
0 0.391146 0.004630 0.025000 0.124074
0 0.257031 0.070370 0.025521 0.133333
0 0.232813 0.399537 0.029167 0.187963
0 0.195833 0.407407 0.039583 0.172222
0 0.230729 0.137500 0.027083 0.160185
0 0.230208 0.021296 0.035417 0.131481
0 0.145833 0.047222 0.027083 0.127778
0 0.265104 0.256481 0.031250 0.174074
0 0.219531 0.254630 0.028646 0.170370
