0 0.846354 0.654630 0.052083 0.214815
0 0.357812 0.651389 0.040625 0.230556
0 0.916146 0.517130 0.039583 0.195370
0 0.494010 0.980093 0.042188 0.226852
0 0.377865 0.242593 0.040104 0.103704
0 0.367969 0.325463 0.029687 0.112037
0 0.432552 0.208333 0.039063 0.157407
0 0.195052 0.236111 0.025521 0.155556
0 0.174740 0.239352 0.034896 0.176852
0 0.406510 0.141204 0.027604 0.147222
0 0.399479 0.116667 0.027083 0.155556
0 0.651563 0.081481 0.031250 0.109259
0 0.306250 0.187963 0.030208 0.157407
0 0.174740 0.049074 0.023438 0.138889
0 0.200521 0.177315 0.025000 0.158333
0 0.163021 0.193981 0.026042 0.154630
0 0.138021 0.200000 0.026042 0.153704
0 0.125781 0.180556 0.024479 0.170370
0 0.467187 -0.025463 0.026042 0.147222
0 0.171094 0.713889 0.043229 0.231481
0 0.527604 0.525926 0.033333 0.209259
0 0.482812 0.543056 0.035417 0.210185
0 0.733333 0.985648 0.051042 0.208333
0 0.937500 0.741204 0.048958 0.213889
0 0.973177 0.700000 0.041146 0.235185
0 0.793750 0.069907 0.029167 0.141667
0 0.753646 0.076389 0.026042 0.137963
0 0.897656 0.130093 0.026562 0.156481
0 0.836198 0.101852 0.030729 0.138889
0 0.786458 0.151389 0.030208 0.143519
0 0.582552 0.071296 0.030729 0.142593
0 0.395313 0.003241 0.022917 0.125000
0 0.259115 0.061574 0.022396 0.130556
0 0.236979 0.381481 0.028125 0.188889
0 0.194271 0.387037 0.042708 0.164815
0 0.220573 0.134259 0.029687 0.159259
0 0.226042 0.010185 0.030208 0.127778
0 0.145833 0.047222 0.027083 0.127778
0 0.264844 0.243981 0.031771 0.171296
0 0.226042 0.237963 0.029167 0.164815
