0 0.845833 0.654630 0.051042 0.214815
0 0.348958 0.651852 0.046875 0.231481
0 0.916406 0.516667 0.038021 0.196296
0 0.473958 0.980093 0.041667 0.228704
0 0.377865 0.242593 0.040104 0.103704
0 0.367969 0.325463 0.029687 0.112037
0 0.423437 0.202778 0.027083 0.162963
0 0.193490 0.247685 0.025521 0.162037
0 0.159896 0.243981 0.029167 0.178704
0 0.405208 0.143056 0.029167 0.147222
0 0.398698 0.114815 0.027604 0.155556
0 0.239844 0.012037 0.021354 0.122222
0 0.651563 0.081481 0.031250 0.109259
0 0.303385 0.187037 0.033854 0.159259
0 0.174740 0.049074 0.023438 0.138889
0 0.200000 0.179630 0.025000 0.159259
0 0.134115 0.200463 0.025521 0.150926
0 0.121615 0.181019 0.025521 0.167593
0 0.467187 -0.025463 0.026042 0.147222
0 0.164583 0.602315 0.039583 0.217593
0 0.576042 0.644907 0.036458 0.230556
0 0.536979 0.663426 0.038542 0.215741
0 0.818229 0.121759 0.033333 0.152778
0 0.759896 0.124074 0.026042 0.146296
0 0.857292 0.062500 0.031250 0.136111
0 0.782031 0.101389 0.031771 0.137963
0 0.566406 -0.010648 0.024479 0.139815
0 0.272917 0.007870 0.018750 0.125000
0 0.243750 0.307870 0.028125 0.176852
0 0.215365 0.309722 0.039063 0.162037
0 0.145833 0.047685 0.027083 0.128704
0 0.263802 0.178704 0.032813 0.164815
0 0.235417 0.175000 0.028125 0.159259
0 0.411719 -0.004167 0.023438 0.128704
