0 0.845833 0.654630 0.051042 0.214815
0 0.348177 0.651852 0.045312 0.231481
0 0.916406 0.516667 0.038021 0.196296
0 0.474219 0.980556 0.042188 0.229630
0 0.377865 0.242593 0.040104 0.103704
0 0.367969 0.325463 0.029687 0.112037
0 0.423177 0.202778 0.026562 0.162963
0 0.193490 0.247685 0.025521 0.162037
0 0.159896 0.243981 0.029167 0.178704
0 0.405208 0.142130 0.029167 0.147222
0 0.398698 0.114815 0.027604 0.155556
0 0.239844 0.012500 0.021354 0.123148
0 0.651563 0.081481 0.031250 0.109259
0 0.303125 0.187037 0.033333 0.159259
0 0.174740 0.049074 0.023438 0.138889
0 0.200000 0.179630 0.025000 0.159259
0 0.134115 0.200463 0.025521 0.150926
0 0.121615 0.181019 0.025521 0.167593
0 0.467187 -0.025463 0.026042 0.147222
0 0.165104 0.601852 0.039583 0.218519
0 0.576823 0.645370 0.036979 0.229630
0 0.538021 0.663889 0.038542 0.214815
0 0.819010 0.123148 0.032813 0.153704
0 0.760417 0.124074 0.026042 0.146296
0 0.857031 0.060648 0.030729 0.136111
0 0.782552 0.100926 0.031771 0.137037
0 0.566406 -0.011574 0.024479 0.139815
0 0.272917 0.006944 0.018750 0.125000
0 0.243750 0.306944 0.028125 0.176852
0 0.215365 0.308333 0.039063 0.161111
0 0.145833 0.047685 0.027083 0.128704
0 0.264062 0.177315 0.033333 0.163889
0 0.235417 0.174074 0.028125 0.159259
0 0.412240 -0.004167 0.023438 0.128704
