0 0.846615 0.654630 0.052604 0.214815
0 0.356510 0.650000 0.041146 0.225926
0 0.916146 0.518056 0.039583 0.195370
0 0.495052 0.983333 0.042188 0.225926
0 0.377865 0.242593 0.040104 0.103704
0 0.367969 0.325463 0.029687 0.112037
0 0.432552 0.208333 0.039063 0.157407
0 0.195052 0.236111 0.025521 0.155556
0 0.174479 0.239352 0.034375 0.176852
0 0.406510 0.142130 0.026562 0.147222
0 0.400260 0.116204 0.025521 0.154630
0 0.651563 0.081481 0.031250 0.109259
0 0.305469 0.187963 0.029687 0.157407
0 0.174740 0.050000 0.023438 0.138889
0 0.206250 0.177315 0.027083 0.158333
0 0.139583 0.200463 0.028125 0.152778
0 0.123177 0.181019 0.024479 0.171296
0 0.467187 -0.025463 0.026042 0.147222
0 0.177604 0.736111 0.046875 0.229630
0 0.524479 0.507407 0.043750 0.212963
0 0.476042 0.521296 0.033333 0.207407
0 0.717708 0.958333 0.050000 0.237037
0 0.934115 0.739815 0.046354 0.220370
0 0.795573 0.064352 0.030729 0.137963
0 0.756250 0.067593 0.023958 0.137037
0 0.903906 0.145833 0.027604 0.156481
0 0.842969 0.115741 0.025521 0.144444
0 0.788281 0.159722 0.028646 0.141667
0 0.590365 0.084722 0.027604 0.143519
0 0.391667 0.004630 0.025000 0.124074
0 0.257292 0.068981 0.025000 0.132407
0 0.233073 0.399537 0.028646 0.187963
0 0.197135 0.406944 0.038021 0.173148
0 0.230208 0.136574 0.027083 0.160185
0 0.229948 0.019907 0.034896 0.130556
0 0.145833 0.047222 0.027083 0.127778
0 0.265104 0.255556 0.031250 0.174074
0 0.220573 0.252778 0.028646 0.170370
