0 0.846094 0.654630 0.051562 0.214815
0 0.359115 0.649074 0.040104 0.231481
0 0.916146 0.517130 0.039583 0.195370
0 0.472917 0.985185 0.042708 0.227778
0 0.377865 0.242593 0.040104 0.103704
0 0.367969 0.325463 0.029687 0.112037
0 0.433333 0.208796 0.040625 0.160185
0 0.194531 0.236574 0.024479 0.156481
0 0.172656 0.239352 0.035937 0.176852
0 0.405729 0.139352 0.028125 0.147222
0 0.398698 0.116204 0.029687 0.156481
0 0.651563 0.081481 0.031250 0.109259
0 0.305729 0.188426 0.030208 0.158333
0 0.174740 0.049074 0.023438 0.138889
0 0.200000 0.178704 0.025000 0.159259
0 0.163021 0.192593 0.026042 0.155556
0 0.137760 0.199537 0.025521 0.154630
0 0.125521 0.181019 0.025000 0.167593
0 0.467187 -0.025463 0.026042 0.147222
0 0.159375 0.661574 0.041667 0.221296
0 0.548958 0.586574 0.036458 0.219444
0 0.504687 0.605556 0.036458 0.220370
0 0.803646 0.093981 0.033333 0.149074
0 0.750521 0.100926 0.027083 0.144444
0 0.875781 0.096296 0.028646 0.146296
0 0.825521 0.067593 0.023958 0.133333
0 0.780469 0.125926 0.030729 0.138889
0 0.571615 0.028704 0.029687 0.144444
0 0.391927 0.003241 0.022396 0.125000
0 0.270833 0.034259 0.026042 0.124074
0 0.240625 0.345370 0.027083 0.183333
0 0.203646 0.349074 0.037500 0.168519
0 0.235677 -0.014815 0.022396 0.125926
0 0.145833 0.047685 0.027083 0.128704
0 0.261979 0.209722 0.031250 0.163889
0 0.231771 0.205093 0.029167 0.158333
0 0.411198 -0.003241 0.023438 0.128704
