0 0.846094 0.654630 0.051562 0.214815
0 0.359375 0.649074 0.039583 0.231481
0 0.916146 0.517130 0.039583 0.195370
0 0.472396 0.985185 0.042708 0.227778
0 0.377865 0.242593 0.040104 0.103704
0 0.367969 0.325463 0.029687 0.112037
0 0.432812 0.208796 0.040625 0.160185
0 0.194271 0.236574 0.023958 0.156481
0 0.172396 0.239352 0.035417 0.176852
0 0.405729 0.139352 0.028125 0.147222
0 0.398698 0.116204 0.029687 0.156481
0 0.651563 0.081481 0.031250 0.109259
0 0.305729 0.188426 0.030208 0.158333
0 0.174740 0.049074 0.023438 0.138889
0 0.200000 0.178704 0.025000 0.159259
0 0.163021 0.192593 0.026042 0.155556
0 0.137760 0.199537 0.025521 0.154630
0 0.125521 0.181019 0.025000 0.167593
0 0.467187 -0.025463 0.026042 0.147222
0 0.159375 0.660185 0.041667 0.220370
0 0.550000 0.589352 0.036458 0.219444
0 0.505208 0.606481 0.036458 0.220370
0 0.804427 0.094907 0.031771 0.149074
0 0.750781 0.101389 0.026562 0.143519
0 0.875260 0.095370 0.028646 0.146296
0 0.825260 0.067593 0.024479 0.133333
0 0.780469 0.125000 0.030729 0.138889
0 0.571615 0.027778 0.029687 0.144444
0 0.391667 0.003241 0.021875 0.125000
0 0.271354 0.032870 0.026042 0.123148
0 0.240625 0.344444 0.027083 0.183333
0 0.203906 0.347685 0.038021 0.167593
0 0.236198 -0.015741 0.022396 0.125926
0 0.145833 0.047685 0.027083 0.128704
0 0.262240 0.208796 0.030729 0.163889
0 0.231771 0.205093 0.029167 0.158333
0 0.411198 -0.003241 0.023438 0.128704
