0 0.846354 0.654630 0.052083 0.214815
0 0.357292 0.650926 0.040625 0.227778
0 0.916146 0.517130 0.039583 0.195370
0 0.496094 0.980556 0.042188 0.225926
0 0.377865 0.242593 0.040104 0.103704
0 0.367969 0.325463 0.029687 0.112037
0 0.432552 0.208333 0.039063 0.157407
0 0.195052 0.236111 0.025521 0.155556
0 0.174740 0.239352 0.034896 0.176852
0 0.406510 0.141204 0.027604 0.147222
0 0.399740 0.116204 0.026562 0.154630
0 0.651563 0.081481 0.031250 0.109259
0 0.305990 0.187963 0.029687 0.157407
0 0.174740 0.050000 0.023438 0.138889
0 0.203125 0.177315 0.026042 0.158333
0 0.163021 0.193981 0.026042 0.154630
0 0.138021 0.200000 0.026042 0.153704
0 0.123437 0.181019 0.023958 0.171296
0 0.467187 -0.025463 0.026042 0.147222
0 0.173958 0.728241 0.041667 0.232407
0 0.525521 0.517130 0.038542 0.210185
0 0.480208 0.531944 0.034375 0.208333
0 0.726823 0.973148 0.050521 0.227778
0 0.935156 0.739352 0.044271 0.217593
0 0.793750 0.067130 0.033333 0.137963
0 0.755469 0.076389 0.025521 0.137963
0 0.901302 0.133796 0.026562 0.154630
0 0.840104 0.107870 0.026042 0.143519
0 0.786458 0.155093 0.030208 0.145370
0 0.587500 0.077315 0.028125 0.141667
0 0.393490 0.003704 0.023438 0.124074
0 0.258333 0.063426 0.023958 0.130556
0 0.234896 0.396296 0.028125 0.188889
0 0.194010 0.396759 0.041146 0.167593
0 0.226563 0.135648 0.030208 0.160185
0 0.228385 0.014352 0.032813 0.128704
0 0.145833 0.047222 0.027083 0.127778
0 0.264844 0.251852 0.031771 0.174074
0 0.223958 0.245370 0.029167 0.168519
