0 0.846094 0.654630 0.051562 0.214815
0 0.351042 0.651852 0.048958 0.233333
0 0.916406 0.516667 0.038021 0.196296
0 0.473958 0.979167 0.040625 0.228704
0 0.377865 0.242593 0.040104 0.103704
0 0.367969 0.325463 0.029687 0.112037
0 0.423958 0.202778 0.027083 0.162963
0 0.193750 0.247685 0.026042 0.162037
0 0.160156 0.243519 0.029687 0.177778
0 0.405729 0.143981 0.029167 0.147222
0 0.398698 0.114815 0.027604 0.155556
0 0.239844 0.011111 0.021354 0.122222
0 0.651563 0.081481 0.031250 0.109259
0 0.304167 0.187037 0.034375 0.159259
0 0.174740 0.049074 0.023438 0.138889
0 0.200000 0.179630 0.025000 0.159259
0 0.134635 0.200463 0.025521 0.150926
0 0.121615 0.181481 0.025521 0.166667
0 0.467187 -0.025463 0.026042 0.147222
0 0.164063 0.604167 0.039583 0.217593
0 0.573958 0.642593 0.036458 0.231481
0 0.535156 0.661574 0.038021 0.217593
0 0.817187 0.120370 0.033333 0.151852
0 0.759375 0.122685 0.026042 0.145370
0 0.858333 0.064815 0.031250 0.137037
0 0.782031 0.102778 0.031771 0.138889
0 0.566406 -0.008796 0.025521 0.141667
0 0.272917 0.009722 0.018750 0.125000
0 0.243229 0.309722 0.028125 0.176852
0 0.215104 0.312963 0.038542 0.162963
0 0.145833 0.047685 0.027083 0.128704
0 0.263542 0.180556 0.032292 0.164815
0 0.235937 0.176852 0.028125 0.159259
0 0.410156 -0.003241 0.023438 0.128704
