0 0.846354 0.654630 0.052083 0.214815
0 0.357292 0.651389 0.040625 0.228704
0 0.916146 0.517130 0.039583 0.195370
0 0.495573 0.980556 0.042188 0.225926
0 0.377865 0.242593 0.040104 0.103704
0 0.367969 0.325463 0.029687 0.112037
0 0.432552 0.208333 0.039063 0.157407
0 0.195052 0.236111 0.025521 0.155556
0 0.174740 0.239352 0.034896 0.176852
0 0.406510 0.141204 0.027604 0.147222
0 0.399740 0.116204 0.026562 0.154630
0 0.651563 0.081481 0.031250 0.109259
0 0.306250 0.187963 0.030208 0.157407
0 0.174740 0.050000 0.023438 0.138889
0 0.202604 0.177315 0.026042 0.158333
0 0.163021 0.193981 0.026042 0.154630
0 0.138021 0.200000 0.026042 0.153704
0 0.123958 0.181019 0.023958 0.171296
0 0.467187 -0.025463 0.026042 0.147222
0 0.173177 0.724074 0.042188 0.231481
0 0.525781 0.518519 0.035937 0.209259
0 0.481250 0.534259 0.034375 0.209259
0 0.728906 0.976852 0.050521 0.222222
0 0.935677 0.739815 0.045312 0.216667
0 0.793750 0.068056 0.032292 0.139815
0 0.754948 0.076389 0.025521 0.137963
0 0.900260 0.132407 0.026562 0.155556
0 0.838802 0.106481 0.027604 0.142593
0 0.786458 0.153704 0.030208 0.144444
0 0.585938 0.075463 0.029167 0.141667
0 0.394010 0.003704 0.023438 0.124074
0 0.258594 0.062500 0.023438 0.130556
0 0.235417 0.392593 0.028125 0.188889
0 0.193490 0.394907 0.042188 0.165741
0 0.225521 0.135648 0.031250 0.160185
0 0.227604 0.013426 0.032292 0.128704
0 0.145833 0.047222 0.027083 0.127778
0 0.264844 0.249537 0.031771 0.173148
0 0.224479 0.243519 0.029167 0.166667
