0 0.846615 0.654630 0.052604 0.214815
0 0.356771 0.650463 0.040625 0.226852
0 0.916146 0.517130 0.039583 0.195370
0 0.496354 0.981481 0.041667 0.225926
0 0.377865 0.242593 0.040104 0.103704
0 0.367969 0.325463 0.029687 0.112037
0 0.432552 0.208333 0.039063 0.157407
0 0.195052 0.236111 0.025521 0.155556
0 0.174479 0.239352 0.034375 0.176852
0 0.406510 0.142130 0.026562 0.147222
0 0.400000 0.116204 0.026042 0.154630
0 0.651563 0.081481 0.031250 0.109259
0 0.305729 0.187963 0.030208 0.157407
0 0.174740 0.050000 0.023438 0.138889
0 0.204427 0.177315 0.026562 0.158333
0 0.163542 0.193981 0.026042 0.154630
0 0.138542 0.200463 0.026042 0.152778
0 0.122917 0.181019 0.023958 0.171296
0 0.467187 -0.025463 0.026042 0.147222
0 0.175000 0.732870 0.041667 0.232407
0 0.525260 0.514352 0.042188 0.212037
0 0.478385 0.528241 0.033854 0.208333
0 0.723698 0.968056 0.050521 0.232407
0 0.934635 0.739352 0.044271 0.219444
0 0.794271 0.066204 0.033333 0.137963
0 0.755729 0.073611 0.025000 0.137963
0 0.902344 0.137500 0.026562 0.154630
0 0.841406 0.111111 0.025521 0.144444
0 0.786979 0.156481 0.029167 0.144444
0 0.588802 0.079630 0.027604 0.142593
0 0.392708 0.004167 0.023958 0.125000
0 0.257813 0.064815 0.025000 0.131481
0 0.234375 0.399074 0.028125 0.188889
0 0.195052 0.400463 0.040104 0.169444
0 0.227865 0.135648 0.028646 0.160185
0 0.229167 0.016204 0.033333 0.128704
0 0.145833 0.047222 0.027083 0.127778
0 0.265104 0.253704 0.031250 0.174074
0 0.223177 0.247685 0.028646 0.169444
