0 0.846354 0.654630 0.052083 0.214815
0 0.358333 0.647685 0.041667 0.230556
0 0.916146 0.517130 0.039583 0.195370
0 0.476302 0.984259 0.044271 0.227778
0 0.377865 0.242593 0.040104 0.103704
0 0.367969 0.325463 0.029687 0.112037
0 0.434635 0.208796 0.040104 0.160185
0 0.194792 0.236111 0.025000 0.155556
0 0.173437 0.239352 0.037500 0.176852
0 0.405729 0.141667 0.028125 0.146296
0 0.398438 0.116667 0.029167 0.155556
0 0.651563 0.081481 0.031250 0.109259
0 0.306250 0.188426 0.030208 0.158333
0 0.174740 0.049074 0.023438 0.138889
0 0.200000 0.177778 0.025000 0.159259
0 0.163021 0.192593 0.026042 0.155556
0 0.137500 0.199074 0.027083 0.155556
0 0.127083 0.180556 0.025000 0.168519
0 0.467187 -0.025463 0.026042 0.147222
0 0.161979 0.676389 0.042708 0.223148
0 0.540885 0.565741 0.042188 0.216667
0 0.497396 0.580556 0.035417 0.214815
0 0.752083 1.021296 0.041667 0.142593
0 0.800260 0.086574 0.036979 0.149074
0 0.748958 0.090741 0.025000 0.144444
0 0.885677 0.104167 0.026562 0.145370
0 0.829948 0.076852 0.024479 0.133333
0 0.781510 0.132407 0.030729 0.138889
0 0.575521 0.039352 0.029167 0.143519
0 0.392708 0.003241 0.021875 0.125000
0 0.266146 0.043981 0.023958 0.123148
0 0.239583 0.358333 0.027083 0.183333
0 0.197396 0.356944 0.041667 0.163889
0 0.231250 -0.007407 0.022917 0.125926
0 0.145833 0.047685 0.027083 0.128704
0 0.262240 0.221759 0.030729 0.165741
0 0.231250 0.212500 0.031250 0.158333
0 0.411458 -0.003241 0.022917 0.128704
