0 0.845833 0.654630 0.051042 0.214815
0 0.342969 0.653704 0.039063 0.227778
0 0.916406 0.516667 0.038021 0.196296
0 0.475000 0.984259 0.044792 0.229630
0 0.377865 0.242593 0.040104 0.103704
0 0.367969 0.325463 0.029687 0.112037
0 0.421875 0.202778 0.026042 0.162963
0 0.193229 0.249074 0.025000 0.161111
0 0.159896 0.245833 0.029167 0.182407
0 0.405208 0.140278 0.029167 0.147222
0 0.399219 0.114815 0.028646 0.155556
0 0.240885 0.016204 0.021354 0.123148
0 0.651563 0.081481 0.031250 0.109259
0 0.301563 0.187037 0.031250 0.159259
0 0.174740 0.049074 0.023438 0.138889
0 0.200000 0.179630 0.025000 0.159259
0 0.134115 0.200463 0.025521 0.150926
0 0.121615 0.181019 0.025521 0.167593
0 0.467187 -0.025463 0.026042 0.147222
0 0.167448 0.597222 0.040104 0.220370
0 0.582292 0.656944 0.041667 0.230556
0 0.544010 0.674537 0.040104 0.217593
0 0.823958 0.131019 0.031250 0.158333
0 0.762760 0.125463 0.024479 0.147222
0 0.854948 0.052315 0.027604 0.136111
0 0.806510 0.030556 0.023438 0.135185
0 0.785156 0.097685 0.030729 0.136111
0 0.565885 -0.018519 0.023438 0.137037
0 0.390365 -0.016204 0.022396 0.125000
0 0.272917 0.001389 0.018750 0.125000
0 0.244271 0.304167 0.028125 0.176852
0 0.218229 0.305093 0.036458 0.162037
0 0.145833 0.047685 0.027083 0.128704
0 0.265625 0.169907 0.033333 0.160185
0 0.234375 0.168056 0.028125 0.158333
0 0.416927 -0.004167 0.023438 0.128704
