0 0.846094 0.654630 0.051562 0.214815
0 0.356510 0.649074 0.047396 0.231481
0 0.916406 0.516667 0.038021 0.196296
0 0.472396 0.980093 0.040625 0.228704
0 0.377865 0.242593 0.040104 0.103704
0 0.367969 0.325463 0.029687 0.112037
0 0.426563 0.204630 0.031250 0.161111
0 0.193490 0.243981 0.025521 0.158333
0 0.163281 0.242593 0.032813 0.175926
0 0.405729 0.142130 0.029167 0.147222
0 0.398958 0.115278 0.028125 0.156481
0 0.240885 0.009259 0.022396 0.122222
0 0.651563 0.081481 0.031250 0.109259
0 0.304948 0.187500 0.031771 0.158333
0 0.174740 0.049074 0.023438 0.138889
0 0.200000 0.178704 0.025000 0.159259
0 0.135156 0.200000 0.025521 0.151852
0 0.122135 0.181481 0.025521 0.166667
0 0.467187 -0.025463 0.026042 0.147222
0 0.163281 0.616667 0.039063 0.220370
0 0.569271 0.635185 0.038542 0.231481
0 0.529687 0.655556 0.036458 0.222222
0 0.816146 0.118056 0.033333 0.152778
0 0.757031 0.117130 0.025521 0.145370
0 0.861198 0.067593 0.026562 0.142593
0 0.782031 0.107407 0.031771 0.140741
0 0.565885 -0.001852 0.028646 0.144444
0 0.271875 0.015278 0.018750 0.125000
0 0.242188 0.318519 0.028125 0.177778
0 0.215104 0.322222 0.037500 0.164815
0 0.145833 0.047685 0.027083 0.128704
0 0.262500 0.184259 0.030208 0.164815
0 0.235937 0.182407 0.028125 0.159259
0 0.410156 -0.003241 0.023438 0.128704
