0 0.846615 0.654630 0.052604 0.214815
0 0.356771 0.650463 0.040625 0.226852
0 0.916146 0.518056 0.039583 0.195370
0 0.495573 0.982407 0.042188 0.225926
0 0.377865 0.242593 0.040104 0.103704
0 0.367969 0.325463 0.029687 0.112037
0 0.432552 0.208333 0.039063 0.157407
0 0.195052 0.236111 0.025521 0.155556
0 0.174479 0.239352 0.034375 0.176852
0 0.406510 0.142130 0.026562 0.147222
0 0.400000 0.116204 0.026042 0.154630
0 0.651563 0.081481 0.031250 0.109259
0 0.305729 0.187963 0.030208 0.157407
0 0.174740 0.050000 0.023438 0.138889
0 0.205469 0.177315 0.026562 0.158333
0 0.163542 0.193981 0.026042 0.154630
0 0.139063 0.200463 0.027083 0.152778
0 0.122917 0.181019 0.023958 0.171296
0 0.467187 -0.025463 0.026042 0.147222
0 0.176563 0.734722 0.044792 0.230556
0 0.525260 0.512500 0.046354 0.213889
0 0.476823 0.524537 0.033854 0.208333
0 0.720313 0.962037 0.050000 0.235185
0 0.934115 0.739352 0.045312 0.219444
0 0.795052 0.065278 0.031771 0.137963
0 0.755990 0.070370 0.024479 0.137037
0 0.903385 0.142593 0.027604 0.155556
0 0.842448 0.113889 0.025521 0.144444
0 0.788021 0.158333 0.029167 0.142593
0 0.589844 0.082870 0.027604 0.143519
0 0.392188 0.004630 0.023958 0.124074
0 0.257552 0.067130 0.025521 0.132407
0 0.233594 0.399537 0.028646 0.187963
0 0.196094 0.404167 0.039063 0.171296
0 0.229687 0.135648 0.027083 0.160185
0 0.229687 0.018519 0.034375 0.129630
0 0.145833 0.047222 0.027083 0.127778
0 0.265104 0.255556 0.031250 0.174074
0 0.221615 0.250926 0.028646 0.170370
