0 0.846615 0.654630 0.052604 0.214815
0 0.357812 0.647222 0.040625 0.227778
0 0.916146 0.518056 0.039583 0.195370
0 0.492448 0.989352 0.042188 0.217593
0 0.377865 0.242593 0.040104 0.103704
0 0.367969 0.325463 0.029687 0.112037
0 0.432031 0.208333 0.038021 0.157407
0 0.174219 0.239815 0.034896 0.177778
0 0.404948 0.139815 0.028646 0.146296
0 0.651563 0.081481 0.031250 0.109259
0 0.303906 0.187963 0.029687 0.157407
0 0.174740 0.050000 0.023438 0.138889
0 0.208073 0.178241 0.027604 0.158333
0 0.163542 0.193981 0.026042 0.154630
0 0.138802 0.199537 0.027604 0.152778
0 0.125260 0.182407 0.029687 0.168519
0 0.467187 -0.025463 0.026042 0.147222
0 0.183333 0.778704 0.044792 0.237037
0 0.513802 0.470833 0.042188 0.210185
0 0.466927 0.484259 0.032813 0.200000
0 0.692187 0.891204 0.050000 0.245370
0 0.934635 0.742593 0.047396 0.229630
0 0.791667 0.049074 0.030208 0.137037
0 0.756771 0.054630 0.022917 0.137037
0 0.913802 0.173611 0.026562 0.158333
0 0.853646 0.142593 0.026042 0.146296
0 0.783854 0.176852 0.032292 0.142593
0 0.599219 0.112963 0.028646 0.150000
0 0.378646 0.025463 0.051042 0.106481
0 0.258854 0.087037 0.027083 0.137037
0 0.227083 0.429167 0.030208 0.191667
0 0.192448 0.433333 0.039063 0.175926
0 0.237760 0.142130 0.033854 0.163889
0 0.232813 0.037963 0.035417 0.131481
0 0.212240 0.017130 0.024479 0.123148
0 0.145833 0.047222 0.027083 0.127778
0 0.255729 0.280093 0.035417 0.176852
0 0.208854 0.276389 0.031250 0.169444
