0 0.846615 0.655093 0.052604 0.215741
0 0.366406 0.644907 0.043229 0.226852
0 0.916146 0.518981 0.039583 0.195370
0 0.499479 0.981019 0.041667 0.232407
0 0.377865 0.242593 0.040104 0.103704
0 0.367969 0.325463 0.029687 0.112037
0 0.431771 0.208333 0.037500 0.157407
0 0.178646 0.240278 0.028125 0.176852
0 0.405469 0.140741 0.029687 0.144444
0 0.400260 0.113889 0.026562 0.153704
0 0.651563 0.081481 0.031250 0.109259
0 0.302344 0.187963 0.028646 0.157407
0 0.174740 0.050000 0.023438 0.138889
0 0.200260 0.181944 0.027604 0.158333
0 0.163542 0.193981 0.026042 0.154630
0 0.136979 0.203704 0.029167 0.153704
0 0.127344 0.181481 0.033854 0.164815
0 0.467187 -0.025463 0.026042 0.147222
0 0.191927 0.831019 0.048438 0.245370
0 0.504167 0.430556 0.035417 0.198148
0 0.462240 0.443981 0.033854 0.195370
0 0.671354 0.831944 0.045833 0.250926
0 0.931250 0.743519 0.047917 0.229630
0 0.786979 0.034722 0.028125 0.136111
0 0.749219 0.039815 0.023438 0.137037
0 0.929427 0.203704 0.031771 0.164815
0 0.865104 0.170370 0.027083 0.150000
0 0.783073 0.198148 0.033854 0.146296
0 0.610156 0.143056 0.029687 0.150926
0 0.441146 -0.022222 0.023958 0.146296
0 0.417448 -0.018519 0.024479 0.142593
0 0.377604 0.015278 0.034375 0.128704
0 0.262500 0.106481 0.026042 0.142593
0 0.221615 0.456944 0.034896 0.193519
0 0.189583 0.468981 0.040625 0.182407
0 0.240625 0.148611 0.028125 0.162037
0 0.235156 0.056944 0.031771 0.134259
0 0.213802 0.035185 0.025521 0.125926
0 0.143229 0.047222 0.027083 0.127778
0 0.241146 0.302778 0.035417 0.175926
0 0.195573 0.299074 0.031771 0.170370
0 0.264844 0.284722 0.030729 0.167593
