0 0.846615 0.654630 0.052604 0.214815
0 0.357031 0.647685 0.041146 0.226852
0 0.916146 0.518056 0.039583 0.195370
0 0.492188 0.990278 0.041667 0.217593
0 0.377865 0.242593 0.040104 0.103704
0 0.367969 0.325463 0.029687 0.112037
0 0.432292 0.208333 0.038542 0.157407
0 0.174219 0.239815 0.034896 0.177778
0 0.405729 0.141667 0.027083 0.146296
0 0.651563 0.081481 0.031250 0.109259
0 0.304427 0.187963 0.029687 0.157407
0 0.174740 0.050000 0.023438 0.138889
0 0.208073 0.178241 0.027604 0.158333
0 0.139323 0.200000 0.028646 0.151852
0 0.124219 0.181019 0.026562 0.171296
0 0.467187 -0.025463 0.026042 0.147222
0 0.183333 0.769907 0.045833 0.237963
0 0.515885 0.481481 0.032813 0.211111
0 0.468750 0.493519 0.032292 0.200000
0 0.698958 0.909722 0.050000 0.243519
0 0.934115 0.741667 0.048438 0.227778
0 0.794531 0.053704 0.029687 0.137037
0 0.758594 0.059259 0.023438 0.137037
0 0.910677 0.166204 0.027604 0.160185
0 0.849740 0.136574 0.026562 0.145370
0 0.784635 0.172222 0.031771 0.142593
0 0.596615 0.107407 0.030729 0.148148
0 0.382031 0.018056 0.044271 0.119444
0 0.257292 0.083333 0.025000 0.137037
0 0.229167 0.422685 0.030208 0.191667
0 0.191667 0.427315 0.041667 0.175000
0 0.234896 0.142130 0.029167 0.163889
0 0.232292 0.034259 0.035417 0.131481
0 0.212500 0.012500 0.022917 0.121296
0 0.145833 0.047222 0.027083 0.127778
0 0.259375 0.275000 0.035417 0.175926
0 0.209896 0.271296 0.029167 0.170370
