0 0.846615 0.654630 0.052604 0.214815
0 0.357031 0.647222 0.041146 0.227778
0 0.916146 0.518056 0.039583 0.195370
0 0.492188 0.990278 0.041667 0.217593
0 0.377865 0.242593 0.040104 0.103704
0 0.367969 0.325463 0.029687 0.112037
0 0.432031 0.208333 0.038021 0.157407
0 0.174219 0.239815 0.034896 0.177778
0 0.405469 0.140741 0.027604 0.146296
0 0.651563 0.081481 0.031250 0.109259
0 0.304167 0.187963 0.029167 0.157407
0 0.174740 0.050000 0.023438 0.138889
0 0.208073 0.178241 0.027604 0.158333
0 0.139063 0.200000 0.028125 0.151852
0 0.124479 0.181019 0.027083 0.171296
0 0.467187 -0.025463 0.026042 0.147222
0 0.182812 0.771296 0.045833 0.237037
0 0.515365 0.478241 0.035937 0.210185
0 0.468229 0.490741 0.032292 0.200000
0 0.696875 0.902778 0.050000 0.244444
0 0.934635 0.742130 0.047396 0.228704
0 0.794010 0.051852 0.029687 0.137037
0 0.758333 0.057407 0.022917 0.137037
0 0.911719 0.167130 0.027604 0.158333
0 0.851042 0.138426 0.026042 0.145370
0 0.784375 0.173148 0.032292 0.142593
0 0.597396 0.108333 0.030208 0.148148
0 0.380729 0.019907 0.046875 0.117593
0 0.257552 0.083796 0.025521 0.136111
0 0.228646 0.424537 0.030208 0.191667
0 0.191667 0.429630 0.040625 0.175926
0 0.235677 0.142130 0.030729 0.163889
0 0.232813 0.035185 0.035417 0.131481
0 0.212240 0.014352 0.023438 0.121296
0 0.145833 0.047222 0.027083 0.127778
0 0.258333 0.276389 0.035417 0.176852
0 0.209635 0.272685 0.029687 0.169444
