0 0.846615 0.654630 0.052604 0.214815
0 0.356250 0.649074 0.041667 0.225926
0 0.916146 0.518056 0.039583 0.195370
0 0.493229 0.986574 0.041667 0.223148
0 0.377865 0.242593 0.040104 0.103704
0 0.367969 0.325463 0.029687 0.112037
0 0.432292 0.208333 0.038542 0.157407
0 0.195313 0.235648 0.026042 0.154630
0 0.174479 0.239352 0.034375 0.176852
0 0.406250 0.142130 0.026042 0.147222
0 0.400521 0.116204 0.025000 0.154630
0 0.651563 0.081481 0.031250 0.109259
0 0.304948 0.187963 0.029687 0.157407
0 0.174740 0.050000 0.023438 0.138889
0 0.208073 0.177315 0.027604 0.158333
0 0.139844 0.200000 0.029687 0.151852
0 0.123698 0.181019 0.025521 0.171296
0 0.467187 -0.025463 0.026042 0.147222
0 0.180990 0.746296 0.049479 0.231481
0 0.522917 0.491667 0.033333 0.209259
0 0.472396 0.508796 0.033333 0.206481
0 0.710417 0.943519 0.050000 0.240741
0 0.933594 0.739815 0.048438 0.222222
0 0.796615 0.061111 0.029687 0.137037
0 0.757552 0.064815 0.023438 0.137037
0 0.905990 0.155556 0.027604 0.159259
0 0.845052 0.124537 0.026562 0.145370
0 0.787760 0.164352 0.029687 0.141667
0 0.592708 0.094444 0.029167 0.146296
0 0.389062 0.007870 0.029167 0.125000
0 0.256771 0.074537 0.025000 0.134259
0 0.231771 0.406944 0.029167 0.189815
0 0.193229 0.409722 0.042708 0.171296
0 0.232031 0.140741 0.026562 0.161111
0 0.230729 0.025000 0.035417 0.131481
0 0.145833 0.047222 0.027083 0.127778
0 0.264323 0.262500 0.032813 0.173148
0 0.216667 0.259259 0.028125 0.170370
