0 0.846615 0.654630 0.052604 0.214815
0 0.363281 0.645833 0.049479 0.226852
0 0.916146 0.518056 0.039583 0.195370
0 0.495833 0.983796 0.041667 0.219444
0 0.377865 0.242593 0.040104 0.103704
0 0.367969 0.325463 0.029687 0.112037
0 0.431771 0.208333 0.037500 0.157407
0 0.176823 0.240278 0.031771 0.176852
0 0.404167 0.140741 0.030208 0.144444
0 0.651563 0.081481 0.031250 0.109259
0 0.302604 0.187963 0.029167 0.157407
0 0.174740 0.050000 0.023438 0.138889
0 0.203385 0.181019 0.027604 0.158333
0 0.163542 0.193981 0.026042 0.154630
0 0.137500 0.202315 0.028125 0.154630
0 0.128906 0.187500 0.041146 0.154630
0 0.467187 -0.025463 0.026042 0.147222
0 0.192448 0.818056 0.048438 0.245370
0 0.507292 0.441204 0.034375 0.197222
0 0.463542 0.452778 0.032292 0.196296
0 0.677604 0.854167 0.047917 0.258333
0 0.932292 0.743519 0.047917 0.229630
0 0.789323 0.040741 0.030729 0.137037
0 0.749740 0.039815 0.023438 0.137037
0 0.923698 0.199074 0.030729 0.164815
0 0.861198 0.164352 0.029687 0.150926
0 0.784115 0.189352 0.031771 0.147222
0 0.605208 0.137963 0.032292 0.151852
0 0.439062 -0.024074 0.022917 0.146296
0 0.375000 0.029630 0.046875 0.101852
0 0.260677 0.102778 0.025521 0.137037
0 0.222396 0.453241 0.033333 0.195370
0 0.190365 0.458796 0.040104 0.180556
0 0.240104 0.147685 0.028125 0.162037
0 0.233073 0.051852 0.032813 0.138889
0 0.213802 0.032407 0.025521 0.125926
0 0.145313 0.047222 0.027083 0.127778
0 0.246875 0.296296 0.035417 0.175926
0 0.199479 0.293056 0.031250 0.169444
0 0.264323 0.278704 0.030729 0.166667
