0 0.846875 0.654630 0.053125 0.214815
0 0.359115 0.648148 0.042188 0.224074
0 0.916146 0.518056 0.039583 0.195370
0 0.494010 0.987500 0.042188 0.217593
0 0.377865 0.242593 0.040104 0.103704
0 0.367969 0.325463 0.029687 0.112037
0 0.432031 0.208333 0.038021 0.157407
0 0.174219 0.240278 0.034896 0.178704
0 0.404427 0.138889 0.030729 0.144444
0 0.651563 0.081481 0.031250 0.109259
0 0.303385 0.187963 0.028646 0.157407
0 0.174740 0.050000 0.023438 0.138889
0 0.208073 0.179167 0.027604 0.158333
0 0.163542 0.193981 0.026042 0.154630
0 0.138802 0.200463 0.027604 0.154630
0 0.128125 0.189352 0.039583 0.154630
0 0.467187 -0.025463 0.026042 0.147222
0 0.186719 0.798611 0.043229 0.241667
0 0.511719 0.454630 0.040104 0.200000
0 0.465104 0.469907 0.032292 0.197222
0 0.684635 0.878704 0.049479 0.250000
0 0.933333 0.742593 0.047917 0.229630
0 0.788542 0.044444 0.031250 0.137037
0 0.753906 0.051852 0.023438 0.137037
0 0.916667 0.187500 0.027083 0.160185
0 0.857812 0.150463 0.027083 0.149074
0 0.784375 0.184722 0.030208 0.141667
0 0.601823 0.121759 0.028646 0.152778
0 0.437760 -0.025463 0.023438 0.137963
0 0.376563 0.034259 0.054167 0.088889
0 0.261458 0.095833 0.028125 0.137963
0 0.224479 0.438426 0.030208 0.191667
0 0.191927 0.442130 0.039063 0.176852
0 0.238802 0.143981 0.030729 0.162037
0 0.232552 0.043519 0.034896 0.135185
0 0.213021 0.019444 0.026042 0.125926
0 0.145833 0.047222 0.027083 0.127778
0 0.252083 0.286574 0.034375 0.176852
0 0.206250 0.285648 0.031250 0.169444
0 0.261979 0.267130 0.031250 0.163889
