0 0.846615 0.655556 0.052604 0.216667
0 0.353646 0.633796 0.041667 0.225000
0 0.916146 0.518981 0.039583 0.195370
0 0.499219 0.982407 0.041146 0.235185
0 0.377865 0.242593 0.040104 0.103704
0 0.367969 0.325463 0.029687 0.112037
0 0.431510 0.208333 0.036979 0.157407
0 0.205990 0.244907 0.033854 0.176852
0 0.405469 0.142130 0.028646 0.147222
0 0.396615 0.110648 0.027604 0.152778
0 0.651563 0.081481 0.031250 0.109259
0 0.298438 0.187500 0.026042 0.154630
0 0.174740 0.050000 0.023438 0.138889
0 0.205469 0.180556 0.029687 0.157407
0 0.164063 0.194444 0.026042 0.155556
0 0.133594 0.204167 0.027604 0.152778
0 0.121875 0.180556 0.027083 0.170370
0 0.152865 0.162037 0.031771 0.157407
0 0.191146 0.144444 0.026042 0.150000
0 0.198698 0.889815 0.048438 0.246296
0 0.498177 0.385648 0.032813 0.195370
0 0.455469 0.396296 0.034896 0.192593
0 0.645573 0.762963 0.043229 0.251852
0 0.929948 0.741667 0.047396 0.227778
0 0.771094 0.021296 0.029687 0.133333
0 0.735156 0.017593 0.023438 0.137037
0 0.947396 0.239815 0.035417 0.166667
0 0.880208 0.205556 0.027083 0.155556
0 0.782813 0.225926 0.035417 0.148148
0 0.628125 0.182407 0.028125 0.153704
0 0.450781 -0.008796 0.024479 0.147222
0 0.269271 0.131944 0.027083 0.141667
0 0.220052 0.500926 0.032813 0.200000
0 0.179427 0.501852 0.043229 0.183333
0 0.246875 0.142593 0.028125 0.161111
0 0.242448 0.080093 0.029687 0.143519
0 0.212500 0.050463 0.028125 0.141667
0 0.230469 0.333333 0.035937 0.177778
0 0.182812 0.329167 0.032292 0.178704
0 0.273698 0.314815 0.033854 0.168519
