0 0.846615 0.656019 0.052604 0.217593
0 0.349740 0.629167 0.044271 0.225000
0 0.916146 0.518981 0.039583 0.195370
0 0.496354 0.983796 0.041667 0.232407
0 0.377865 0.242593 0.040104 0.103704
0 0.367969 0.325463 0.029687 0.112037
0 0.431510 0.208333 0.036979 0.157407
0 0.210938 0.244444 0.032292 0.177778
0 0.405208 0.142130 0.028125 0.147222
0 0.396094 0.109259 0.028646 0.151852
0 0.651563 0.081481 0.031250 0.109259
0 0.297917 0.187500 0.027083 0.154630
0 0.174740 0.050000 0.023438 0.138889
0 0.207292 0.179630 0.029167 0.157407
0 0.164063 0.194444 0.026042 0.155556
0 0.133594 0.203241 0.027604 0.154630
0 0.120833 0.181481 0.027083 0.170370
0 0.152344 0.161574 0.031771 0.156481
0 0.190885 0.144444 0.025521 0.150000
0 0.197135 0.898148 0.048438 0.246296
0 0.496615 0.378241 0.032813 0.193519
0 0.454167 0.387500 0.037500 0.191667
0 0.643490 0.750000 0.045312 0.248148
0 0.929948 0.741667 0.047396 0.227778
0 0.768490 0.017593 0.029687 0.133333
0 0.732552 0.015741 0.023438 0.137037
0 0.951042 0.248148 0.035417 0.166667
0 0.883333 0.210185 0.027083 0.155556
0 0.782031 0.229167 0.033854 0.147222
0 0.632292 0.187037 0.028125 0.153704
0 0.451823 -0.006944 0.024479 0.149074
0 0.272396 0.137963 0.026042 0.140741
0 0.219531 0.507870 0.033854 0.204630
0 0.177865 0.510648 0.043229 0.184259
0 0.246875 0.142593 0.028125 0.161111
0 0.244531 0.083796 0.030729 0.143519
0 0.212500 0.054167 0.028125 0.141667
0 0.228385 0.337963 0.035937 0.179630
0 0.180990 0.333796 0.031771 0.178704
0 0.274740 0.317593 0.033854 0.168519
