0 0.846615 0.655093 0.052604 0.215741
0 0.364063 0.640741 0.039583 0.224074
0 0.916146 0.518981 0.039583 0.195370
0 0.502865 0.981019 0.041146 0.236111
0 0.377865 0.242593 0.040104 0.103704
0 0.367969 0.325463 0.029687 0.112037
0 0.431510 0.208333 0.036979 0.157407
0 0.184635 0.241204 0.026562 0.178704
0 0.405469 0.141667 0.028646 0.146296
0 0.399740 0.113426 0.027604 0.154630
0 0.651563 0.081481 0.031250 0.109259
0 0.299219 0.187037 0.026562 0.155556
0 0.174740 0.050000 0.023438 0.138889
0 0.201823 0.181481 0.028646 0.157407
0 0.164063 0.193981 0.026042 0.154630
0 0.133594 0.204167 0.028646 0.152778
0 0.124479 0.177778 0.027083 0.170370
0 0.153906 0.162037 0.029687 0.157407
0 0.192188 0.854167 0.045833 0.245370
0 0.501563 0.411111 0.038542 0.198148
0 0.458854 0.417130 0.034375 0.191667
0 0.660417 0.801852 0.047917 0.250000
0 0.931771 0.743056 0.050000 0.228704
0 0.778125 0.026852 0.030208 0.135185
0 0.743490 0.027778 0.023438 0.137037
0 0.937760 0.225463 0.035937 0.163889
0 0.872135 0.183333 0.028646 0.153704
0 0.783073 0.208796 0.032813 0.150926
0 0.616406 0.160185 0.030729 0.151852
0 0.444792 -0.016667 0.026042 0.146296
0 0.417187 -0.017593 0.023958 0.142593
0 0.384896 0.009259 0.027083 0.135185
0 0.265625 0.120833 0.027083 0.141667
0 0.220312 0.480093 0.033333 0.197222
0 0.185156 0.483796 0.042188 0.182407
0 0.244531 0.148148 0.026562 0.162963
0 0.238802 0.070833 0.030729 0.141667
0 0.212240 0.041204 0.027604 0.132407
0 0.135156 0.049537 0.025521 0.126852
0 0.235417 0.317130 0.035417 0.178704
0 0.189844 0.310185 0.033854 0.172222
0 0.269531 0.295370 0.033854 0.164815
