0 0.846615 0.654630 0.052604 0.214815
0 0.356510 0.647685 0.041146 0.226852
0 0.916146 0.518056 0.039583 0.195370
0 0.492188 0.990278 0.041667 0.217593
0 0.377865 0.242593 0.040104 0.103704
0 0.367969 0.325463 0.029687 0.112037
0 0.432292 0.208333 0.038542 0.157407
0 0.174219 0.239815 0.034896 0.177778
0 0.405729 0.141667 0.027083 0.146296
0 0.651563 0.081481 0.031250 0.109259
0 0.304427 0.187963 0.029687 0.157407
0 0.174740 0.050000 0.023438 0.138889
0 0.208073 0.177315 0.027604 0.158333
0 0.139323 0.200000 0.028646 0.151852
0 0.124219 0.181019 0.026562 0.171296
0 0.467187 -0.025463 0.026042 0.147222
0 0.183333 0.768519 0.045833 0.238889
0 0.516406 0.483333 0.031771 0.211111
0 0.468750 0.494444 0.032292 0.200000
0 0.700000 0.912963 0.050000 0.242593
0 0.934115 0.741204 0.048438 0.226852
0 0.795052 0.054630 0.029687 0.137037
0 0.758854 0.060185 0.022917 0.137037
0 0.910156 0.165741 0.027604 0.161111
0 0.849219 0.136111 0.026562 0.146296
0 0.784896 0.171759 0.031250 0.143519
0 0.596094 0.106944 0.030729 0.149074
0 0.382813 0.017593 0.042708 0.120370
0 0.257031 0.082870 0.024479 0.136111
0 0.229167 0.421759 0.030208 0.191667
0 0.191667 0.425463 0.041667 0.175000
0 0.234635 0.142593 0.028646 0.164815
0 0.232292 0.033333 0.035417 0.131481
0 0.212760 0.011574 0.022396 0.121296
0 0.145833 0.047222 0.027083 0.127778
0 0.259896 0.274074 0.035417 0.175926
0 0.210156 0.270370 0.028646 0.170370
