0 0.846615 0.654630 0.052604 0.214815
0 0.356250 0.648611 0.041667 0.225000
0 0.916146 0.518056 0.039583 0.195370
0 0.492188 0.989352 0.041667 0.219444
0 0.377865 0.242593 0.040104 0.103704
0 0.367969 0.325463 0.029687 0.112037
0 0.432292 0.208333 0.038542 0.157407
0 0.195313 0.235648 0.026042 0.154630
0 0.174479 0.239352 0.034375 0.176852
0 0.406250 0.142130 0.026042 0.147222
0 0.400781 0.116204 0.024479 0.154630
0 0.651563 0.081481 0.031250 0.109259
0 0.304948 0.187963 0.029687 0.157407
0 0.174740 0.050000 0.023438 0.138889
0 0.208073 0.177315 0.027604 0.158333
0 0.139583 0.200000 0.029167 0.151852
0 0.123958 0.181019 0.026042 0.171296
0 0.467187 -0.025463 0.026042 0.147222
0 0.183333 0.759722 0.046875 0.237963
0 0.520052 0.486574 0.031771 0.210185
0 0.470573 0.501852 0.032813 0.203704
0 0.705208 0.931944 0.050000 0.241667
0 0.932812 0.739815 0.050000 0.222222
0 0.796615 0.058333 0.029687 0.137037
0 0.759115 0.064815 0.023438 0.137037
0 0.907031 0.162037 0.027604 0.162963
0 0.845573 0.130556 0.027604 0.146296
0 0.785937 0.168519 0.030208 0.142593
0 0.594010 0.102315 0.031771 0.149074
0 0.386458 0.012037 0.034375 0.125926
0 0.256250 0.079630 0.023958 0.135185
0 0.230729 0.415741 0.030208 0.190741
0 0.191406 0.414352 0.044271 0.171296
0 0.233073 0.141667 0.027604 0.162963
0 0.231250 0.029630 0.035417 0.131481
0 0.145833 0.047222 0.027083 0.127778
0 0.263021 0.268981 0.035417 0.173148
0 0.213542 0.264815 0.028125 0.170370
