0 0.846354 0.656481 0.052083 0.218519
0 0.339323 0.622222 0.055729 0.224074
0 0.916146 0.519907 0.039583 0.195370
0 0.490365 0.987037 0.041146 0.225926
0 0.377865 0.242593 0.040104 0.103704
0 0.367969 0.325463 0.029687 0.112037
0 0.431510 0.208333 0.036979 0.157407
0 0.201042 0.234259 0.028125 0.153704
0 0.221354 0.243519 0.037500 0.177778
0 0.405208 0.142130 0.027083 0.147222
0 0.396094 0.108333 0.029687 0.151852
0 0.651563 0.081481 0.031250 0.109259
0 0.296875 0.187963 0.029167 0.153704
0 0.173958 0.050926 0.021875 0.138889
0 0.212500 0.178241 0.029167 0.160185
0 0.164063 0.194907 0.026042 0.154630
0 0.133594 0.201852 0.027604 0.157407
0 0.118490 0.181944 0.024479 0.169444
0 0.151823 0.161574 0.031771 0.156481
0 0.190625 0.145370 0.026042 0.150000
0 0.196875 0.928241 0.046875 0.245370
0 0.498698 0.364815 0.035937 0.192593
0 0.455208 0.369444 0.032292 0.181481
0 0.635417 0.710648 0.045833 0.236111
0 0.930469 0.742593 0.047396 0.227778
0 0.763021 0.004630 0.029167 0.133333
0 0.725781 0.006481 0.023438 0.137037
0 0.958854 0.266667 0.036458 0.174074
0 0.886719 0.227778 0.030729 0.157407
0 0.783594 0.238426 0.032813 0.147222
0 0.640885 0.206944 0.033854 0.156481
0 0.456771 0.000000 0.026042 0.148148
0 0.406510 0.011111 0.026562 0.135185
0 0.277083 0.149537 0.027083 0.141667
0 0.217188 0.521759 0.034375 0.204630
0 0.178646 0.527778 0.042708 0.190741
0 0.244271 0.143056 0.030208 0.160185
0 0.249479 0.094444 0.031250 0.146296
0 0.212240 0.062037 0.029687 0.140741
0 0.235417 0.064352 0.025000 0.139815
0 0.225000 0.351389 0.035417 0.180556
0 0.179167 0.349074 0.032292 0.177778
0 0.277865 0.335648 0.033854 0.169444
