0 0.846615 0.654630 0.052604 0.214815
0 0.356250 0.648148 0.041667 0.225926
0 0.916146 0.518056 0.039583 0.195370
0 0.492188 0.990278 0.041667 0.217593
0 0.377865 0.242593 0.040104 0.103704
0 0.367969 0.325463 0.029687 0.112037
0 0.432292 0.208333 0.038542 0.157407
0 0.174219 0.239815 0.034896 0.177778
0 0.405990 0.142130 0.026562 0.147222
0 0.400781 0.116204 0.024479 0.154630
0 0.651563 0.081481 0.031250 0.109259
0 0.304427 0.187963 0.029687 0.157407
0 0.174740 0.050000 0.023438 0.138889
0 0.208073 0.177315 0.027604 0.158333
0 0.139323 0.200000 0.028646 0.151852
0 0.123958 0.181019 0.026042 0.171296
0 0.467187 -0.025463 0.026042 0.147222
0 0.183854 0.766204 0.045833 0.239815
0 0.517969 0.484722 0.031771 0.210185
0 0.469792 0.498148 0.032292 0.201852
0 0.702604 0.923148 0.050000 0.242593
0 0.933333 0.740278 0.050000 0.225000
0 0.796094 0.056481 0.029687 0.137037
0 0.759115 0.062963 0.023438 0.137037
0 0.908594 0.163889 0.027604 0.162963
0 0.847135 0.133333 0.027604 0.146296
0 0.785156 0.170370 0.030729 0.142593
0 0.595052 0.105093 0.031771 0.149074
0 0.384635 0.014352 0.039063 0.123148
0 0.256510 0.081944 0.023438 0.136111
0 0.230208 0.418981 0.030208 0.191667
0 0.191667 0.419907 0.042708 0.173148
0 0.233854 0.142130 0.028125 0.163889
0 0.231771 0.031481 0.035417 0.131481
0 0.213021 0.008333 0.021875 0.122222
0 0.145833 0.047222 0.027083 0.127778
0 0.261458 0.272222 0.035417 0.174074
0 0.211719 0.267593 0.028646 0.170370
