0 0.846615 0.655093 0.052604 0.215741
0 0.366146 0.642593 0.040625 0.225926
0 0.916146 0.518981 0.039583 0.195370
0 0.501563 0.981019 0.041667 0.236111
0 0.377865 0.242593 0.040104 0.103704
0 0.367969 0.325463 0.029687 0.112037
0 0.431510 0.208333 0.036979 0.157407
0 0.180729 0.240278 0.026042 0.176852
0 0.405729 0.141204 0.029167 0.145370
0 0.400000 0.113889 0.027083 0.153704
0 0.651563 0.081481 0.031250 0.109259
0 0.301042 0.187500 0.028125 0.156481
0 0.174740 0.050000 0.023438 0.138889
0 0.200260 0.181944 0.027604 0.158333
0 0.164063 0.193981 0.026042 0.154630
0 0.135417 0.204630 0.029167 0.153704
0 0.126302 0.178704 0.029687 0.168519
0 0.191406 0.840741 0.047396 0.244444
0 0.501563 0.418519 0.038542 0.198148
0 0.460417 0.434722 0.036458 0.195370
0 0.666667 0.819907 0.046875 0.250926
0 0.931250 0.743519 0.048958 0.229630
0 0.783333 0.031019 0.028125 0.136111
0 0.747135 0.034259 0.023438 0.137037
0 0.933594 0.213426 0.033854 0.163889
0 0.868750 0.174537 0.027083 0.150926
0 0.782813 0.203241 0.033333 0.149074
0 0.613542 0.149537 0.029167 0.150926
0 0.443490 -0.019444 0.025521 0.146296
0 0.417187 -0.017593 0.023958 0.142593
0 0.380729 0.011574 0.030208 0.134259
0 0.264062 0.112037 0.027083 0.142593
0 0.220833 0.468056 0.034375 0.195370
0 0.187760 0.475463 0.041146 0.182407
0 0.241146 0.149074 0.027083 0.161111
0 0.236979 0.062963 0.031250 0.135185
0 0.213281 0.037037 0.026562 0.127778
0 0.141146 0.047222 0.027083 0.127778
0 0.238281 0.309722 0.034896 0.176852
0 0.192708 0.304630 0.032292 0.172222
0 0.265365 0.288426 0.031771 0.165741
