0 0.846615 0.654630 0.052604 0.214815
0 0.361458 0.647222 0.046875 0.225926
0 0.916146 0.518056 0.039583 0.195370
0 0.494792 0.985648 0.041667 0.217593
0 0.377865 0.242593 0.040104 0.103704
0 0.367969 0.325463 0.029687 0.112037
0 0.431771 0.208333 0.037500 0.157407
0 0.175521 0.240278 0.033333 0.178704
0 0.404167 0.139815 0.030208 0.144444
0 0.651563 0.081481 0.031250 0.109259
0 0.303125 0.187963 0.029167 0.157407
0 0.174740 0.050000 0.023438 0.138889
0 0.205469 0.180093 0.027604 0.158333
0 0.163542 0.193981 0.026042 0.154630
0 0.138021 0.201389 0.028125 0.154630
0 0.128906 0.188889 0.041146 0.153704
0 0.467187 -0.025463 0.026042 0.147222
0 0.190365 0.808796 0.046354 0.243519
0 0.509635 0.444907 0.035937 0.195370
0 0.463542 0.457407 0.032292 0.196296
0 0.681250 0.866204 0.048958 0.256481
0 0.932812 0.742593 0.047917 0.229630
0 0.789583 0.042593 0.031250 0.137037
0 0.751302 0.043519 0.023438 0.137037
0 0.920052 0.194444 0.029687 0.162963
0 0.859115 0.158796 0.029687 0.150926
0 0.784635 0.186574 0.030729 0.145370
0 0.603125 0.131481 0.031250 0.151852
0 0.438281 -0.025000 0.022396 0.146296
0 0.375000 0.034259 0.051042 0.092593
0 0.260677 0.099537 0.026562 0.137963
0 0.223177 0.447222 0.031771 0.194444
0 0.190625 0.450926 0.040625 0.179630
0 0.239323 0.145833 0.027604 0.162037
0 0.232552 0.047685 0.033854 0.137963
0 0.213542 0.026852 0.026042 0.125926
0 0.145833 0.047222 0.027083 0.127778
0 0.249479 0.291667 0.035417 0.175926
0 0.203125 0.291204 0.031250 0.169444
0 0.263542 0.272222 0.031250 0.164815
