0 0.846615 0.654630 0.052604 0.214815
0 0.356510 0.650000 0.041146 0.225926
0 0.916146 0.518056 0.039583 0.195370
0 0.494010 0.984259 0.042188 0.225926
0 0.377865 0.242593 0.040104 0.103704
0 0.367969 0.325463 0.029687 0.112037
0 0.432292 0.208333 0.038542 0.157407
0 0.195313 0.235648 0.026042 0.154630
0 0.174479 0.239352 0.034375 0.176852
0 0.406510 0.142130 0.026562 0.147222
0 0.400260 0.116204 0.025521 0.154630
0 0.651563 0.081481 0.031250 0.109259
0 0.305469 0.187963 0.029687 0.157407
0 0.174740 0.050000 0.023438 0.138889
0 0.207552 0.177315 0.027604 0.158333
0 0.140104 0.200463 0.029167 0.152778
0 0.123437 0.181019 0.025000 0.171296
0 0.467187 -0.025463 0.026042 0.147222
0 0.179167 0.737963 0.050000 0.227778
0 0.523958 0.500926 0.039583 0.211111
0 0.474479 0.515741 0.033333 0.207407
0 0.714583 0.953241 0.050000 0.239815
0 0.933854 0.739815 0.046875 0.220370
0 0.796615 0.063889 0.029687 0.137037
0 0.756510 0.064815 0.023438 0.137037
0 0.905208 0.151389 0.028125 0.156481
0 0.844531 0.119444 0.025521 0.144444
0 0.789323 0.161574 0.028646 0.139815
0 0.591667 0.087963 0.027083 0.144444
0 0.391146 0.005556 0.025000 0.124074
0 0.257031 0.071296 0.025521 0.133333
0 0.232813 0.400463 0.029167 0.187963
0 0.195052 0.407407 0.040104 0.172222
0 0.230990 0.138426 0.026562 0.160185
0 0.230208 0.022222 0.035417 0.131481
0 0.145833 0.047222 0.027083 0.127778
0 0.265625 0.257407 0.031250 0.174074
0 0.218750 0.255556 0.028125 0.170370
