0 0.846615 0.655556 0.052604 0.216667
0 0.362240 0.642130 0.038021 0.225000
0 0.916146 0.518981 0.039583 0.195370
0 0.501823 0.981019 0.041146 0.236111
0 0.377865 0.242593 0.040104 0.103704
0 0.367969 0.325463 0.029687 0.112037
0 0.431510 0.208333 0.036979 0.157407
0 0.187760 0.241667 0.030729 0.177778
0 0.405469 0.141667 0.028646 0.146296
0 0.398698 0.113426 0.027604 0.154630
0 0.651563 0.081481 0.031250 0.109259
0 0.299740 0.187037 0.025521 0.155556
0 0.174740 0.050000 0.023438 0.138889
0 0.202865 0.181019 0.028646 0.158333
0 0.164063 0.193981 0.026042 0.154630
0 0.133594 0.204167 0.028646 0.152778
0 0.124479 0.177778 0.027083 0.170370
0 0.153646 0.162037 0.030208 0.157407
0 0.194792 0.863889 0.045833 0.246296
0 0.501042 0.405556 0.037500 0.198148
0 0.457813 0.409259 0.033333 0.190741
0 0.656250 0.787037 0.047917 0.248148
0 0.932031 0.743056 0.050521 0.228704
0 0.774219 0.026389 0.032813 0.134259
0 0.741146 0.025926 0.022917 0.137037
0 0.939583 0.231019 0.035417 0.165741
0 0.873177 0.191667 0.029687 0.155556
0 0.783073 0.213426 0.032813 0.150926
0 0.617708 0.168519 0.033333 0.153704
0 0.445573 -0.014815 0.025521 0.146296
0 0.417187 -0.017593 0.023958 0.142593
0 0.388542 0.009259 0.027083 0.135185
0 0.265625 0.124537 0.027083 0.141667
0 0.220312 0.483796 0.033333 0.197222
0 0.183594 0.488426 0.043229 0.182407
0 0.245833 0.146296 0.027083 0.162963
0 0.239062 0.071759 0.030208 0.143519
0 0.211979 0.045833 0.027083 0.136111
0 0.129167 0.054167 0.022917 0.126852
0 0.234375 0.319444 0.035417 0.177778
0 0.188281 0.316667 0.033854 0.174074
0 0.271354 0.301389 0.034375 0.165741
