0 0.846615 0.655556 0.052604 0.216667
0 0.360677 0.642130 0.036979 0.225000
0 0.916146 0.518981 0.039583 0.195370
0 0.501042 0.981481 0.041667 0.235185
0 0.377865 0.242593 0.040104 0.103704
0 0.367969 0.325463 0.029687 0.112037
0 0.431510 0.208333 0.036979 0.157407
0 0.191406 0.242130 0.033854 0.176852
0 0.405469 0.141667 0.028646 0.146296
0 0.397917 0.112500 0.027083 0.154630
0 0.651563 0.081481 0.031250 0.109259
0 0.299740 0.187037 0.024479 0.155556
0 0.174740 0.050000 0.023438 0.138889
0 0.203646 0.180556 0.029167 0.157407
0 0.164063 0.193981 0.026042 0.154630
0 0.133333 0.204167 0.028125 0.152778
0 0.123958 0.178704 0.027083 0.170370
0 0.153385 0.162037 0.030729 0.157407
0 0.196354 0.871759 0.045833 0.247222
0 0.500781 0.400000 0.034896 0.198148
0 0.457292 0.407407 0.033333 0.192593
0 0.652604 0.778241 0.046875 0.249074
0 0.931510 0.742130 0.050521 0.228704
0 0.772396 0.025463 0.033333 0.134259
0 0.739583 0.023148 0.022917 0.137037
0 0.941667 0.234259 0.035417 0.166667
0 0.874740 0.196759 0.029687 0.156481
0 0.783073 0.217593 0.032813 0.150000
0 0.619792 0.174074 0.033333 0.153704
0 0.447396 -0.012500 0.025000 0.145370
0 0.416667 -0.015741 0.023958 0.142593
0 0.391146 0.008333 0.027083 0.135185
0 0.266146 0.127315 0.027083 0.141667
0 0.220312 0.488426 0.033333 0.197222
0 0.182292 0.491667 0.043750 0.181481
0 0.246094 0.143981 0.027604 0.162037
0 0.239583 0.072685 0.030208 0.145370
0 0.211979 0.048611 0.027083 0.137963
0 0.125000 0.056019 0.021875 0.126852
0 0.233073 0.322685 0.035937 0.176852
0 0.186979 0.323148 0.033333 0.175926
0 0.272135 0.306944 0.033854 0.167593
