0 0.846615 0.654630 0.052604 0.214815
0 0.357292 0.647222 0.040625 0.227778
0 0.916146 0.518056 0.039583 0.195370
0 0.492188 0.990278 0.041667 0.217593
0 0.377865 0.242593 0.040104 0.103704
0 0.367969 0.325463 0.029687 0.112037
0 0.432031 0.208333 0.038021 0.157407
0 0.174219 0.239815 0.034896 0.177778
0 0.405208 0.140741 0.028125 0.146296
0 0.651563 0.081481 0.031250 0.109259
0 0.304167 0.187963 0.029167 0.157407
0 0.174740 0.050000 0.023438 0.138889
0 0.208073 0.178241 0.027604 0.158333
0 0.139063 0.200000 0.028125 0.151852
0 0.124479 0.181019 0.027083 0.171296
0 0.467187 -0.025463 0.026042 0.147222
0 0.182552 0.771759 0.045312 0.236111
0 0.514844 0.476852 0.036979 0.211111
0 0.467708 0.489352 0.032292 0.199074
0 0.695833 0.899074 0.050000 0.244444
0 0.934896 0.742593 0.046875 0.229630
0 0.793490 0.050926 0.029687 0.137037
0 0.758333 0.056481 0.022917 0.137037
0 0.912240 0.167593 0.027604 0.157407
0 0.851563 0.139352 0.026042 0.145370
0 0.784115 0.173148 0.032813 0.142593
0 0.597656 0.109259 0.029687 0.148148
0 0.379948 0.020833 0.048438 0.115741
0 0.257813 0.084259 0.026042 0.137037
0 0.228125 0.425463 0.030208 0.191667
0 0.191927 0.430556 0.040104 0.175926
0 0.235937 0.142130 0.031250 0.163889
0 0.232813 0.035185 0.035417 0.131481
0 0.212240 0.015278 0.023438 0.121296
0 0.145833 0.047222 0.027083 0.127778
0 0.257813 0.276852 0.035417 0.177778
0 0.209635 0.273611 0.029687 0.169444
