0 0.846615 0.655093 0.052604 0.215741
0 0.366406 0.643519 0.041146 0.225926
0 0.916146 0.518981 0.039583 0.195370
0 0.501042 0.981019 0.041667 0.236111
0 0.377865 0.242593 0.040104 0.103704
0 0.367969 0.325463 0.029687 0.112037
0 0.431510 0.208333 0.036979 0.157407
0 0.180208 0.240278 0.026042 0.176852
0 0.405729 0.140741 0.029167 0.144444
0 0.400260 0.113889 0.026562 0.153704
0 0.651563 0.081481 0.031250 0.109259
0 0.301042 0.187500 0.028125 0.156481
0 0.174740 0.050000 0.023438 0.138889
0 0.200000 0.181944 0.028125 0.158333
0 0.164063 0.193981 0.026042 0.154630
0 0.135937 0.204630 0.029167 0.153704
0 0.126562 0.178704 0.030208 0.168519
0 0.191667 0.839815 0.047917 0.244444
0 0.501823 0.420370 0.038021 0.198148
0 0.460677 0.436574 0.035937 0.195370
0 0.667448 0.821296 0.046354 0.250000
0 0.931250 0.743519 0.048958 0.229630
0 0.783854 0.031481 0.028125 0.135185
0 0.747135 0.035185 0.023438 0.137037
0 0.932812 0.211574 0.033333 0.163889
0 0.867969 0.173611 0.026562 0.150926
0 0.782813 0.202315 0.033333 0.149074
0 0.613021 0.147685 0.029167 0.150926
0 0.442969 -0.020370 0.025521 0.146296
0 0.417187 -0.017593 0.023958 0.142593
0 0.380208 0.012037 0.030208 0.133333
0 0.263802 0.111111 0.026562 0.142593
0 0.221094 0.465741 0.034896 0.194444
0 0.187760 0.474537 0.041146 0.182407
0 0.240885 0.148611 0.027604 0.162037
0 0.236458 0.062037 0.031250 0.135185
0 0.213281 0.037037 0.026562 0.127778
0 0.141146 0.047222 0.027083 0.127778
0 0.238542 0.308333 0.035417 0.177778
0 0.193229 0.304630 0.032292 0.172222
0 0.265104 0.287500 0.031250 0.165741
