0 0.846615 0.656019 0.052604 0.217593
0 0.348177 0.627315 0.045312 0.225000
0 0.916146 0.518981 0.039583 0.195370
0 0.495312 0.984259 0.041667 0.231481
0 0.377865 0.242593 0.040104 0.103704
0 0.367969 0.325463 0.029687 0.112037
0 0.431510 0.208333 0.036979 0.157407
0 0.196094 0.235185 0.027604 0.153704
0 0.213021 0.243981 0.031250 0.178704
0 0.405208 0.142130 0.028125 0.147222
0 0.395833 0.108333 0.029167 0.151852
0 0.651563 0.081481 0.031250 0.109259
0 0.297656 0.187500 0.027604 0.154630
0 0.174740 0.050000 0.023438 0.138889
0 0.208073 0.179167 0.029687 0.158333
0 0.164063 0.194444 0.026042 0.155556
0 0.133594 0.203241 0.027604 0.154630
0 0.120313 0.181481 0.027083 0.170370
0 0.152083 0.161574 0.032292 0.156481
0 0.190885 0.144444 0.025521 0.150000
0 0.196615 0.901389 0.048438 0.245370
0 0.497135 0.376389 0.033854 0.193519
0 0.454167 0.383796 0.036458 0.189815
0 0.642708 0.744907 0.045833 0.247222
0 0.929948 0.741667 0.047396 0.227778
0 0.767448 0.015741 0.029687 0.133333
0 0.731510 0.014815 0.023438 0.137037
0 0.952604 0.251389 0.035417 0.167593
0 0.884375 0.212037 0.027083 0.155556
0 0.781771 0.230093 0.033333 0.147222
0 0.633854 0.188889 0.028125 0.153704
0 0.452604 -0.006019 0.025000 0.149074
0 0.273698 0.140278 0.025521 0.141667
0 0.219271 0.510648 0.034375 0.206481
0 0.177865 0.513889 0.043229 0.185185
0 0.246354 0.142593 0.028125 0.161111
0 0.245312 0.085185 0.031250 0.142593
0 0.212500 0.056019 0.028125 0.141667
0 0.227604 0.339815 0.035417 0.179630
0 0.180990 0.336574 0.031771 0.178704
0 0.275781 0.320370 0.033854 0.168519
