0 0.846615 0.655556 0.052604 0.216667
0 0.357552 0.638426 0.039063 0.225000
0 0.916146 0.518981 0.039583 0.195370
0 0.500260 0.981481 0.041146 0.235185
0 0.377865 0.242593 0.040104 0.103704
0 0.367969 0.325463 0.029687 0.112037
0 0.431510 0.208333 0.036979 0.157407
0 0.197656 0.243056 0.033854 0.176852
0 0.405469 0.141667 0.028646 0.146296
0 0.397396 0.112037 0.027083 0.153704
0 0.651563 0.081481 0.031250 0.109259
0 0.299219 0.187037 0.025521 0.155556
0 0.174740 0.050000 0.023438 0.138889
0 0.204167 0.180556 0.029167 0.157407
0 0.164063 0.193981 0.026042 0.154630
0 0.133333 0.204167 0.028125 0.152778
0 0.122917 0.179630 0.027083 0.170370
0 0.153125 0.162037 0.031250 0.157407
0 0.197396 0.879630 0.046875 0.246296
0 0.500000 0.394444 0.033333 0.196296
0 0.457031 0.405556 0.032813 0.194444
0 0.649479 0.771759 0.044792 0.250926
0 0.930729 0.741667 0.048958 0.227778
0 0.772135 0.023611 0.031771 0.134259
0 0.737500 0.020370 0.022917 0.137037
0 0.944271 0.236111 0.035417 0.166667
0 0.877083 0.200463 0.028125 0.156481
0 0.783073 0.221759 0.033854 0.149074
0 0.623698 0.177778 0.030729 0.153704
0 0.449219 -0.010648 0.024479 0.145370
0 0.415625 -0.013889 0.023958 0.142593
0 0.267708 0.129167 0.027083 0.141667
0 0.220312 0.494444 0.033333 0.198148
0 0.180729 0.494444 0.043750 0.181481
0 0.246875 0.142593 0.028125 0.161111
0 0.240885 0.075926 0.029687 0.144444
0 0.212240 0.049537 0.027604 0.139815
0 0.121875 0.056019 0.021875 0.126852
0 0.232031 0.327315 0.035937 0.176852
0 0.185156 0.326852 0.032813 0.177778
0 0.273177 0.312037 0.033854 0.168519
