0 0.846615 0.654630 0.052604 0.214815
0 0.360938 0.647222 0.045833 0.225926
0 0.916146 0.518056 0.039583 0.195370
0 0.494792 0.985648 0.041667 0.217593
0 0.377865 0.242593 0.040104 0.103704
0 0.367969 0.325463 0.029687 0.112037
0 0.431771 0.208333 0.037500 0.157407
0 0.175521 0.240278 0.033333 0.178704
0 0.404167 0.139815 0.030208 0.144444
0 0.651563 0.081481 0.031250 0.109259
0 0.303125 0.187963 0.029167 0.157407
0 0.174740 0.050000 0.023438 0.138889
0 0.205990 0.180093 0.027604 0.158333
0 0.163542 0.193981 0.026042 0.154630
0 0.138021 0.201389 0.028125 0.154630
0 0.128646 0.188889 0.040625 0.153704
0 0.467187 -0.025463 0.026042 0.147222
0 0.189583 0.806944 0.045833 0.243519
0 0.510156 0.445370 0.035937 0.194444
0 0.463802 0.459259 0.031771 0.196296
0 0.681771 0.868519 0.048958 0.255556
0 0.932812 0.742593 0.047917 0.229630
0 0.789063 0.043519 0.031250 0.137037
0 0.751823 0.045370 0.023438 0.137037
0 0.919792 0.193519 0.029167 0.162963
0 0.858854 0.157407 0.029167 0.150000
0 0.784635 0.186111 0.030729 0.144444
0 0.602865 0.130093 0.030729 0.152778
0 0.438021 -0.025463 0.022917 0.145370
0 0.375260 0.033796 0.051562 0.091667
0 0.260937 0.099074 0.027083 0.137037
0 0.223177 0.445833 0.031771 0.193519
0 0.190625 0.449074 0.040625 0.179630
0 0.239323 0.145833 0.027604 0.162037
0 0.232552 0.047222 0.033854 0.137037
0 0.213542 0.025926 0.026042 0.125926
0 0.145833 0.047222 0.027083 0.127778
0 0.249740 0.290741 0.034896 0.175926
0 0.204167 0.290278 0.031250 0.169444
0 0.263542 0.270833 0.031250 0.163889
