0 0.846354 0.656019 0.052083 0.217593
0 0.340104 0.622222 0.055208 0.224074
0 0.916146 0.519907 0.039583 0.195370
0 0.490885 0.986574 0.041146 0.226852
0 0.377865 0.242593 0.040104 0.103704
0 0.367969 0.325463 0.029687 0.112037
0 0.431510 0.208333 0.036979 0.157407
0 0.200521 0.234259 0.028125 0.153704
0 0.220573 0.243519 0.036979 0.177778
0 0.405208 0.142130 0.027083 0.147222
0 0.396094 0.108333 0.029687 0.151852
0 0.651563 0.081481 0.031250 0.109259
0 0.296875 0.187963 0.029167 0.153704
0 0.173958 0.050926 0.021875 0.138889
0 0.211979 0.178241 0.029167 0.160185
0 0.164063 0.194907 0.026042 0.154630
0 0.133594 0.201852 0.027604 0.157407
0 0.118490 0.181944 0.024479 0.169444
0 0.151823 0.161574 0.031771 0.156481
0 0.190625 0.145370 0.026042 0.150000
0 0.196615 0.925463 0.047396 0.245370
0 0.498437 0.366667 0.036458 0.192593
0 0.454948 0.370370 0.032813 0.181481
0 0.635938 0.713889 0.045833 0.237037
0 0.930469 0.742593 0.047396 0.227778
0 0.763542 0.005556 0.029167 0.133333
0 0.726302 0.007407 0.023438 0.137037
0 0.958333 0.265278 0.036458 0.173148
0 0.886458 0.226389 0.030208 0.156481
0 0.783594 0.237500 0.032813 0.147222
0 0.640104 0.205093 0.033333 0.156481
0 0.456771 0.000000 0.026042 0.148148
0 0.405990 0.011111 0.026562 0.135185
0 0.276823 0.148611 0.026562 0.141667
0 0.217188 0.520833 0.034375 0.204630
0 0.178906 0.526389 0.042188 0.191667
0 0.244271 0.143056 0.030208 0.160185
0 0.249219 0.093519 0.031771 0.146296
0 0.212240 0.061574 0.029687 0.141667
0 0.235417 0.063426 0.025000 0.139815
0 0.225000 0.350463 0.035417 0.180556
0 0.179167 0.348611 0.032292 0.178704
0 0.277865 0.334259 0.033854 0.168519
