0 0.846615 0.654630 0.052604 0.214815
0 0.356250 0.649074 0.041667 0.225926
0 0.916146 0.518056 0.039583 0.195370
0 0.493490 0.986111 0.042188 0.224074
0 0.377865 0.242593 0.040104 0.103704
0 0.367969 0.325463 0.029687 0.112037
0 0.432292 0.208333 0.038542 0.157407
0 0.195313 0.235648 0.026042 0.154630
0 0.174479 0.239352 0.034375 0.176852
0 0.406250 0.142130 0.026042 0.147222
0 0.400521 0.116204 0.025000 0.154630
0 0.651563 0.081481 0.031250 0.109259
0 0.304948 0.187963 0.029687 0.157407
0 0.174740 0.050000 0.023438 0.138889
0 0.208073 0.177315 0.027604 0.158333
0 0.139844 0.200000 0.029687 0.151852
0 0.123437 0.181019 0.025000 0.171296
0 0.467187 -0.025463 0.026042 0.147222
0 0.180469 0.743981 0.049479 0.230556
0 0.523177 0.493981 0.034896 0.210185
0 0.472917 0.510648 0.033333 0.206481
0 0.711458 0.945833 0.050000 0.239815
0 0.933333 0.739352 0.047917 0.221296
0 0.796615 0.062037 0.029687 0.137037
0 0.757031 0.064815 0.023438 0.137037
0 0.905729 0.154630 0.028125 0.159259
0 0.844792 0.122685 0.026042 0.145370
0 0.788021 0.163889 0.029167 0.140741
0 0.592448 0.092593 0.028646 0.146296
0 0.389583 0.007407 0.028125 0.124074
0 0.256771 0.073611 0.025000 0.134259
0 0.232031 0.405556 0.029687 0.188889
0 0.193490 0.408796 0.042188 0.171296
0 0.231771 0.139815 0.027083 0.161111
0 0.230729 0.024074 0.035417 0.131481
0 0.145833 0.047222 0.027083 0.127778
0 0.264583 0.261111 0.032292 0.174074
0 0.217188 0.258333 0.028125 0.170370
