0 0.846615 0.654630 0.052604 0.214815
0 0.364583 0.645833 0.046875 0.226852
0 0.916146 0.518056 0.039583 0.195370
0 0.497396 0.982870 0.041667 0.225000
0 0.377865 0.242593 0.040104 0.103704
0 0.367969 0.325463 0.029687 0.112037
0 0.431771 0.208333 0.037500 0.157407
0 0.177604 0.240278 0.030208 0.176852
0 0.404687 0.140741 0.030208 0.144444
0 0.651563 0.081481 0.031250 0.109259
0 0.302344 0.187963 0.028646 0.157407
0 0.174740 0.050000 0.023438 0.138889
0 0.201823 0.181019 0.027604 0.158333
0 0.163542 0.193981 0.026042 0.154630
0 0.137240 0.202778 0.028646 0.153704
0 0.128385 0.185185 0.038021 0.159259
0 0.467187 -0.025463 0.026042 0.147222
0 0.192448 0.823611 0.048438 0.245370
0 0.506250 0.439352 0.033333 0.199074
0 0.463542 0.450000 0.032292 0.196296
0 0.675000 0.844907 0.046875 0.254630
0 0.931771 0.743519 0.047917 0.229630
0 0.788281 0.038426 0.029687 0.136111
0 0.749740 0.039815 0.023438 0.137037
0 0.926042 0.200926 0.031250 0.164815
0 0.862760 0.167130 0.028646 0.150926
0 0.783854 0.193519 0.032292 0.146296
0 0.607292 0.140278 0.031250 0.150926
0 0.439844 -0.023611 0.023438 0.147222
0 0.376302 0.023611 0.041146 0.113889
0 0.261458 0.104167 0.026042 0.139815
0 0.222135 0.454630 0.033854 0.194444
0 0.190365 0.463426 0.040104 0.182407
0 0.240625 0.148611 0.028125 0.162037
0 0.233854 0.053704 0.032292 0.137037
0 0.213802 0.033333 0.025521 0.125926
0 0.144271 0.047222 0.027083 0.127778
0 0.244271 0.299074 0.035417 0.175926
0 0.197396 0.294907 0.031250 0.169444
0 0.264844 0.283333 0.030729 0.168519
