0 0.846615 0.654630 0.052604 0.214815
0 0.361719 0.646759 0.047396 0.226852
0 0.916146 0.518056 0.039583 0.195370
0 0.495052 0.984722 0.042188 0.217593
0 0.377865 0.242593 0.040104 0.103704
0 0.367969 0.325463 0.029687 0.112037
0 0.431771 0.208333 0.037500 0.157407
0 0.175781 0.240278 0.032813 0.178704
0 0.404167 0.140278 0.030208 0.145370
0 0.651563 0.081481 0.031250 0.109259
0 0.302865 0.187963 0.028646 0.157407
0 0.174740 0.050000 0.023438 0.138889
0 0.204948 0.180093 0.027604 0.158333
0 0.163542 0.193981 0.026042 0.154630
0 0.138021 0.201389 0.028125 0.154630
0 0.128906 0.188889 0.041146 0.153704
0 0.467187 -0.025463 0.026042 0.147222
0 0.190625 0.810185 0.046875 0.244444
0 0.509375 0.443981 0.035417 0.195370
0 0.463542 0.456481 0.032292 0.196296
0 0.680729 0.864352 0.048958 0.258333
0 0.932812 0.742593 0.047917 0.229630
0 0.789583 0.042593 0.031250 0.137037
0 0.750781 0.042593 0.023438 0.137037
0 0.920833 0.195833 0.030208 0.163889
0 0.859375 0.160185 0.030208 0.150000
0 0.784635 0.186574 0.030729 0.145370
0 0.603385 0.133333 0.031771 0.151852
0 0.438281 -0.025000 0.022396 0.146296
0 0.374740 0.033796 0.050521 0.093519
0 0.260677 0.100000 0.026562 0.137037
0 0.222917 0.449074 0.032292 0.194444
0 0.190365 0.451852 0.040104 0.179630
0 0.239323 0.145833 0.027604 0.162037
0 0.232813 0.048611 0.033333 0.137963
0 0.213542 0.028704 0.026042 0.125926
0 0.145833 0.047222 0.027083 0.127778
0 0.248958 0.292593 0.035417 0.175926
0 0.202604 0.291204 0.031250 0.169444
0 0.263542 0.273611 0.031250 0.165741
