0 0.846615 0.654630 0.052604 0.214815
0 0.358073 0.647685 0.041146 0.226852
0 0.916146 0.518056 0.039583 0.195370
0 0.492969 0.988426 0.042188 0.217593
0 0.377865 0.242593 0.040104 0.103704
0 0.367969 0.325463 0.029687 0.112037
0 0.432031 0.208333 0.038021 0.157407
0 0.174219 0.239815 0.034896 0.177778
0 0.404687 0.139352 0.029167 0.145370
0 0.651563 0.081481 0.031250 0.109259
0 0.303646 0.187963 0.029167 0.157407
0 0.174740 0.050000 0.023438 0.138889
0 0.208073 0.178241 0.027604 0.158333
0 0.163542 0.193981 0.026042 0.154630
0 0.138802 0.199537 0.027604 0.152778
0 0.126042 0.184259 0.032292 0.164815
0 0.467187 -0.025463 0.026042 0.147222
0 0.184115 0.783796 0.044271 0.237963
0 0.513542 0.468056 0.044792 0.210185
0 0.466406 0.481944 0.032813 0.199074
0 0.690365 0.888426 0.049479 0.247222
0 0.934635 0.742593 0.047396 0.229630
0 0.790885 0.048148 0.030729 0.137037
0 0.756250 0.054630 0.022917 0.137037
0 0.914583 0.177315 0.027083 0.158333
0 0.854948 0.144907 0.026562 0.147222
0 0.784115 0.179167 0.031771 0.141667
0 0.600000 0.115278 0.029167 0.150926
0 0.437500 -0.025926 0.023958 0.133333
0 0.378125 0.028241 0.052083 0.100926
0 0.259375 0.088889 0.027083 0.137037
0 0.226563 0.431944 0.030208 0.191667
0 0.192708 0.434722 0.038542 0.175000
0 0.238802 0.142130 0.034896 0.163889
0 0.232813 0.039352 0.035417 0.132407
0 0.212500 0.017593 0.025000 0.124074
0 0.145833 0.047222 0.027083 0.127778
0 0.254948 0.281944 0.034896 0.176852
0 0.208333 0.278241 0.031250 0.169444
