0 0.846615 0.655556 0.052604 0.216667
0 0.354427 0.634722 0.041146 0.225000
0 0.916146 0.518981 0.039583 0.195370
0 0.499219 0.981481 0.041146 0.235185
0 0.377865 0.242593 0.040104 0.103704
0 0.367969 0.325463 0.029687 0.112037
0 0.431510 0.208333 0.036979 0.157407
0 0.203906 0.243981 0.033854 0.176852
0 0.405469 0.141667 0.028646 0.146296
0 0.396615 0.110648 0.027604 0.152778
0 0.651563 0.081481 0.031250 0.109259
0 0.298438 0.187037 0.026042 0.155556
0 0.174740 0.050000 0.023438 0.138889
0 0.204948 0.180556 0.029687 0.157407
0 0.164063 0.193981 0.026042 0.154630
0 0.133333 0.204167 0.028125 0.152778
0 0.121875 0.179630 0.027083 0.170370
0 0.152865 0.162037 0.031771 0.157407
0 0.198177 0.887037 0.048438 0.246296
0 0.498698 0.387500 0.032813 0.195370
0 0.455729 0.397685 0.034375 0.193519
0 0.646354 0.766204 0.042708 0.252778
0 0.929948 0.741667 0.047396 0.227778
0 0.772135 0.022222 0.029687 0.133333
0 0.735677 0.018519 0.023438 0.137037
0 0.946875 0.238889 0.035417 0.166667
0 0.879687 0.204630 0.027083 0.155556
0 0.783333 0.225926 0.035417 0.148148
0 0.627604 0.181481 0.028125 0.153704
0 0.450521 -0.009259 0.023958 0.146296
0 0.268750 0.131019 0.027083 0.141667
0 0.220573 0.500463 0.032813 0.199074
0 0.179688 0.500463 0.043750 0.182407
0 0.246875 0.142593 0.028125 0.161111
0 0.241927 0.079167 0.029687 0.143519
0 0.212760 0.050463 0.028646 0.141667
0 0.230990 0.332870 0.035937 0.176852
0 0.183333 0.328704 0.032292 0.177778
0 0.273698 0.313889 0.033854 0.168519
