0 0.846615 0.654630 0.052604 0.214815
0 0.357812 0.647222 0.040625 0.227778
0 0.916146 0.518056 0.039583 0.195370
0 0.492448 0.989352 0.042188 0.217593
0 0.377865 0.242593 0.040104 0.103704
0 0.367969 0.325463 0.029687 0.112037
0 0.432031 0.208333 0.038021 0.157407
0 0.174219 0.239815 0.034896 0.177778
0 0.404948 0.139815 0.028646 0.146296
0 0.651563 0.081481 0.031250 0.109259
0 0.303906 0.187963 0.029687 0.157407
0 0.174740 0.050000 0.023438 0.138889
0 0.208073 0.178241 0.027604 0.158333
0 0.163542 0.193981 0.026042 0.154630
0 0.138802 0.199537 0.027604 0.152778
0 0.124740 0.181481 0.028646 0.170370
0 0.467187 -0.025463 0.026042 0.147222
0 0.182812 0.776389 0.044792 0.236111
0 0.514062 0.472222 0.040625 0.211111
0 0.467187 0.485648 0.032292 0.199074
0 0.693229 0.893056 0.050000 0.245370
0 0.934896 0.742593 0.046875 0.229630
0 0.792188 0.049074 0.030208 0.137037
0 0.757292 0.054630 0.022917 0.137037
0 0.913542 0.171759 0.027083 0.158333
0 0.853125 0.141667 0.026042 0.146296
0 0.783854 0.175926 0.032292 0.142593
0 0.598958 0.111574 0.029167 0.149074
0 0.378906 0.024074 0.050521 0.109259
0 0.258333 0.086111 0.027083 0.137037
0 0.227083 0.428241 0.030208 0.191667
0 0.192188 0.432870 0.039583 0.175000
0 0.237240 0.142130 0.032813 0.163889
0 0.232813 0.037037 0.035417 0.131481
0 0.211979 0.016667 0.023958 0.122222
0 0.145833 0.047222 0.027083 0.127778
0 0.256250 0.279167 0.035417 0.176852
0 0.209115 0.275463 0.030729 0.169444
