0 0.846615 0.655556 0.052604 0.216667
0 0.361979 0.642130 0.037500 0.225000
0 0.916146 0.518981 0.039583 0.195370
0 0.501563 0.981019 0.041667 0.236111
0 0.377865 0.242593 0.040104 0.103704
0 0.367969 0.325463 0.029687 0.112037
0 0.431510 0.208333 0.036979 0.157407
0 0.188281 0.241667 0.031771 0.177778
0 0.405469 0.141667 0.028646 0.146296
0 0.398438 0.113426 0.027083 0.154630
0 0.651563 0.081481 0.031250 0.109259
0 0.300000 0.187037 0.025000 0.155556
0 0.174740 0.050000 0.023438 0.138889
0 0.202865 0.181019 0.028646 0.158333
0 0.164063 0.193981 0.026042 0.154630
0 0.133594 0.204167 0.028646 0.152778
0 0.124479 0.177778 0.027083 0.170370
0 0.153646 0.162037 0.030208 0.157407
0 0.195313 0.865741 0.045833 0.246296
0 0.501042 0.404167 0.036458 0.199074
0 0.457813 0.408796 0.033333 0.191667
0 0.655208 0.784259 0.047917 0.248148
0 0.932031 0.743056 0.050521 0.228704
0 0.773438 0.026389 0.033333 0.134259
0 0.740625 0.025000 0.022917 0.137037
0 0.940104 0.231944 0.035417 0.165741
0 0.873437 0.193056 0.030208 0.156481
0 0.783073 0.214352 0.032813 0.150926
0 0.617969 0.170370 0.033854 0.153704
0 0.446094 -0.013889 0.025521 0.146296
0 0.417187 -0.017593 0.023958 0.142593
0 0.389062 0.009259 0.027083 0.135185
0 0.265625 0.125463 0.027083 0.141667
0 0.220312 0.484722 0.033333 0.197222
0 0.183073 0.489352 0.043229 0.182407
0 0.245833 0.145833 0.027083 0.162037
0 0.239062 0.072222 0.030208 0.144444
0 0.211979 0.046759 0.027083 0.136111
0 0.127865 0.055093 0.022396 0.126852
0 0.234115 0.319907 0.035937 0.176852
0 0.188021 0.318519 0.033333 0.174074
0 0.271615 0.302778 0.033854 0.166667
