0 0.846615 0.655556 0.052604 0.216667
0 0.359896 0.641204 0.037500 0.225000
0 0.916146 0.518981 0.039583 0.195370
0 0.501042 0.981481 0.041667 0.235185
0 0.377865 0.242593 0.040104 0.103704
0 0.367969 0.325463 0.029687 0.112037
0 0.431510 0.208333 0.036979 0.157407
0 0.192969 0.242130 0.033854 0.176852
0 0.405469 0.141667 0.028646 0.146296
0 0.397917 0.112500 0.027083 0.154630
0 0.651563 0.081481 0.031250 0.109259
0 0.299740 0.187037 0.024479 0.155556
0 0.174740 0.050000 0.023438 0.138889
0 0.203646 0.180556 0.029167 0.157407
0 0.164063 0.193981 0.026042 0.154630
0 0.133333 0.204167 0.028125 0.152778
0 0.123958 0.178704 0.027083 0.170370
0 0.153385 0.162037 0.030729 0.157407
0 0.196615 0.873611 0.046354 0.247222
0 0.500521 0.399074 0.034375 0.198148
0 0.457031 0.406481 0.032813 0.192593
0 0.651823 0.776389 0.046354 0.249074
0 0.931250 0.742130 0.050000 0.228704
0 0.772396 0.024537 0.033333 0.134259
0 0.739062 0.022222 0.022917 0.137037
0 0.942187 0.234259 0.035417 0.166667
0 0.875521 0.197685 0.029167 0.156481
0 0.783073 0.218519 0.032813 0.150000
0 0.620833 0.175000 0.032292 0.153704
0 0.447917 -0.012037 0.025000 0.146296
0 0.416146 -0.015741 0.023958 0.142593
0 0.391667 0.008333 0.027083 0.135185
0 0.266667 0.128241 0.027083 0.141667
0 0.220312 0.489815 0.033333 0.198148
0 0.181771 0.492130 0.043750 0.182407
0 0.246354 0.143981 0.028125 0.162037
0 0.240104 0.073611 0.030208 0.145370
0 0.211979 0.048611 0.027083 0.137963
0 0.124479 0.056019 0.021875 0.126852
0 0.233073 0.323611 0.035937 0.176852
0 0.186458 0.324537 0.033333 0.176852
0 0.272656 0.308796 0.033854 0.167593
