0 0.846615 0.654630 0.052604 0.214815
0 0.356250 0.648611 0.041667 0.225000
0 0.916146 0.518056 0.039583 0.195370
0 0.492188 0.989815 0.041667 0.218519
0 0.377865 0.242593 0.040104 0.103704
0 0.367969 0.325463 0.029687 0.112037
0 0.432292 0.208333 0.038542 0.157407
0 0.174479 0.239352 0.034375 0.176852
0 0.406250 0.142130 0.026042 0.147222
0 0.400781 0.116204 0.024479 0.154630
0 0.651563 0.081481 0.031250 0.109259
0 0.304688 0.187963 0.029167 0.157407
0 0.174740 0.050000 0.023438 0.138889
0 0.208073 0.177315 0.027604 0.158333
0 0.139583 0.200000 0.029167 0.151852
0 0.123958 0.181019 0.026042 0.171296
0 0.467187 -0.025463 0.026042 0.147222
0 0.183594 0.762500 0.046354 0.239815
0 0.519531 0.486574 0.031771 0.210185
0 0.470312 0.500463 0.032292 0.202778
0 0.704688 0.930093 0.050000 0.241667
0 0.933073 0.740278 0.050521 0.223148
0 0.797135 0.058333 0.029687 0.137037
0 0.759635 0.064815 0.023438 0.137037
0 0.907552 0.163426 0.027604 0.163889
0 0.846094 0.132407 0.027604 0.146296
0 0.785937 0.169907 0.030208 0.143519
0 0.594271 0.104167 0.032292 0.149074
0 0.386198 0.012963 0.035937 0.125926
0 0.256250 0.080556 0.023958 0.135185
0 0.230729 0.418056 0.030208 0.191667
0 0.191667 0.416204 0.043750 0.171296
0 0.233594 0.141667 0.027604 0.162963
0 0.231250 0.030556 0.035417 0.131481
0 0.145833 0.047222 0.027083 0.127778
0 0.262760 0.270833 0.035937 0.173148
0 0.212760 0.265741 0.028646 0.170370
