0 0.846615 0.655093 0.052604 0.215741
0 0.367448 0.644907 0.041146 0.226852
0 0.916146 0.518981 0.039583 0.195370
0 0.500521 0.981019 0.041667 0.236111
0 0.377865 0.242593 0.040104 0.103704
0 0.367969 0.325463 0.029687 0.112037
0 0.431771 0.208333 0.037500 0.157407
0 0.179167 0.240278 0.027083 0.176852
0 0.405990 0.140741 0.029687 0.144444
0 0.400260 0.113889 0.026562 0.153704
0 0.651563 0.081481 0.031250 0.109259
0 0.302344 0.187963 0.028646 0.157407
0 0.174740 0.050000 0.023438 0.138889
0 0.199740 0.182870 0.027604 0.158333
0 0.164063 0.193981 0.026042 0.154630
0 0.136979 0.204630 0.029167 0.153704
0 0.127344 0.180093 0.031771 0.167593
0 0.467187 -0.025463 0.026042 0.147222
0 0.191927 0.835185 0.048438 0.244444
0 0.503125 0.426389 0.036458 0.199074
0 0.461719 0.441204 0.034896 0.195370
0 0.669531 0.826852 0.045312 0.250000
0 0.930990 0.743519 0.048438 0.229630
0 0.785677 0.033796 0.027604 0.136111
0 0.748698 0.037963 0.023438 0.137037
0 0.930729 0.206019 0.032292 0.163889
0 0.866406 0.171296 0.026562 0.150000
0 0.782813 0.200463 0.033333 0.147222
0 0.611458 0.144907 0.029167 0.150926
0 0.441927 -0.021296 0.024479 0.146296
0 0.417187 -0.017593 0.023958 0.142593
0 0.378646 0.012500 0.032292 0.132407
0 0.263281 0.107870 0.026562 0.143519
0 0.221354 0.459722 0.035417 0.193519
0 0.189062 0.470833 0.040625 0.182407
0 0.240885 0.148611 0.027604 0.162037
0 0.235937 0.058796 0.031250 0.132407
0 0.213542 0.036111 0.026042 0.125926
0 0.142708 0.047222 0.027083 0.127778
0 0.240104 0.304630 0.035417 0.175926
0 0.194531 0.301389 0.031771 0.171296
0 0.265104 0.286111 0.031250 0.166667
