0 0.846615 0.656019 0.052604 0.217593
0 0.352083 0.631944 0.042708 0.225000
0 0.916146 0.518981 0.039583 0.195370
0 0.497917 0.982870 0.041667 0.234259
0 0.377865 0.242593 0.040104 0.103704
0 0.367969 0.325463 0.029687 0.112037
0 0.431510 0.208333 0.036979 0.157407
0 0.207812 0.244444 0.033333 0.177778
0 0.405208 0.142130 0.028125 0.147222
0 0.396354 0.109722 0.028125 0.152778
0 0.651563 0.081481 0.031250 0.109259
0 0.298177 0.187500 0.026562 0.154630
0 0.174740 0.050000 0.023438 0.138889
0 0.205990 0.179630 0.029687 0.157407
0 0.164063 0.194444 0.026042 0.155556
0 0.133594 0.203704 0.027604 0.153704
0 0.121354 0.180556 0.027083 0.170370
0 0.152344 0.161574 0.031771 0.156481
0 0.190885 0.144444 0.025521 0.150000
0 0.198177 0.892593 0.048438 0.246296
0 0.497396 0.382407 0.032292 0.194444
0 0.454948 0.392593 0.035937 0.192593
0 0.644792 0.757870 0.043750 0.250926
0 0.929948 0.741667 0.047396 0.227778
0 0.770052 0.019444 0.029687 0.133333
0 0.734115 0.016667 0.023438 0.137037
0 0.948958 0.243519 0.035417 0.166667
0 0.881250 0.207407 0.027083 0.155556
0 0.782552 0.227315 0.034896 0.147222
0 0.629687 0.184259 0.028125 0.153704
0 0.451302 -0.007870 0.024479 0.147222
0 0.270573 0.133796 0.026562 0.141667
0 0.219792 0.503704 0.033333 0.201852
0 0.178906 0.505556 0.043229 0.183333
0 0.246875 0.142593 0.028125 0.161111
0 0.243229 0.081019 0.030208 0.143519
0 0.212500 0.052315 0.028125 0.141667
0 0.229427 0.335185 0.035937 0.177778
0 0.181771 0.330093 0.032292 0.178704
0 0.274219 0.315741 0.033854 0.168519
