0 0.846354 0.656019 0.052083 0.217593
0 0.343229 0.624074 0.050000 0.224074
0 0.916146 0.518981 0.039583 0.195370
0 0.492188 0.986111 0.041667 0.227778
0 0.377865 0.242593 0.040104 0.103704
0 0.367969 0.325463 0.029687 0.112037
0 0.431510 0.208333 0.036979 0.157407
0 0.197917 0.234259 0.028125 0.153704
0 0.218229 0.243519 0.033333 0.177778
0 0.405208 0.142130 0.027083 0.147222
0 0.395833 0.108333 0.030208 0.151852
0 0.651563 0.081481 0.031250 0.109259
0 0.297135 0.187963 0.028646 0.153704
0 0.174479 0.050926 0.022917 0.138889
0 0.210417 0.178704 0.029167 0.159259
0 0.164063 0.194444 0.026042 0.155556
0 0.133594 0.202315 0.027604 0.156481
0 0.119271 0.181944 0.026042 0.169444
0 0.151823 0.161574 0.031771 0.156481
0 0.190625 0.145370 0.026042 0.150000
0 0.196354 0.914352 0.047917 0.245370
0 0.497917 0.372222 0.036458 0.192593
0 0.454427 0.374537 0.033854 0.182407
0 0.638802 0.726852 0.046354 0.240741
0 0.929948 0.741667 0.047396 0.227778
0 0.764844 0.010185 0.029687 0.133333
0 0.728385 0.010185 0.023438 0.137037
0 0.955990 0.260185 0.035937 0.170370
0 0.886198 0.220370 0.028646 0.155556
0 0.782552 0.234722 0.032813 0.147222
0 0.637760 0.198148 0.030729 0.155556
0 0.455208 -0.002315 0.026042 0.149074
0 0.276302 0.146296 0.025521 0.140741
0 0.217969 0.517130 0.034896 0.206481
0 0.178385 0.521296 0.042188 0.188889
0 0.244792 0.142593 0.029167 0.161111
0 0.247656 0.090278 0.031771 0.143519
0 0.212240 0.059722 0.028646 0.141667
0 0.226042 0.345833 0.035417 0.180556
0 0.180469 0.346759 0.031771 0.178704
0 0.277865 0.329630 0.033854 0.168519
