0 0.846615 0.654630 0.052604 0.214815
0 0.365625 0.644907 0.044792 0.226852
0 0.916146 0.518981 0.039583 0.195370
0 0.498437 0.981944 0.041667 0.228704
0 0.377865 0.242593 0.040104 0.103704
0 0.367969 0.325463 0.029687 0.112037
0 0.431771 0.208333 0.037500 0.157407
0 0.178125 0.240278 0.029167 0.176852
0 0.404948 0.140741 0.029687 0.144444
0 0.651563 0.081481 0.031250 0.109259
0 0.302344 0.187963 0.028646 0.157407
0 0.174740 0.050000 0.023438 0.138889
0 0.201302 0.181944 0.027604 0.158333
0 0.163542 0.193981 0.026042 0.154630
0 0.137240 0.203704 0.028646 0.153704
0 0.127865 0.182870 0.035937 0.162037
0 0.467187 -0.025463 0.026042 0.147222
0 0.191927 0.827315 0.048438 0.245370
0 0.505208 0.434722 0.034375 0.199074
0 0.462760 0.447222 0.032813 0.196296
0 0.673177 0.838426 0.046354 0.252778
0 0.931250 0.743519 0.047917 0.229630
0 0.787500 0.036574 0.029167 0.136111
0 0.749219 0.039815 0.023438 0.137037
0 0.927604 0.201852 0.031250 0.164815
0 0.863802 0.168519 0.027604 0.150000
0 0.783333 0.195833 0.033333 0.147222
0 0.608594 0.141204 0.030729 0.150926
0 0.440365 -0.022685 0.023438 0.147222
0 0.376823 0.018981 0.038021 0.121296
0 0.261979 0.105556 0.026042 0.140741
0 0.221875 0.455556 0.034375 0.194444
0 0.190365 0.467130 0.040104 0.182407
0 0.240625 0.148611 0.028125 0.162037
0 0.234635 0.055556 0.031771 0.135185
0 0.213802 0.034259 0.025521 0.125926
0 0.143750 0.047222 0.027083 0.127778
0 0.242708 0.300926 0.035417 0.175926
0 0.196354 0.296759 0.031250 0.169444
0 0.264844 0.283796 0.030729 0.167593
