0 0.846615 0.655556 0.052604 0.216667
0 0.355208 0.635648 0.040625 0.225000
0 0.916146 0.518981 0.039583 0.195370
0 0.499479 0.981481 0.041667 0.235185
0 0.377865 0.242593 0.040104 0.103704
0 0.367969 0.325463 0.029687 0.112037
0 0.431510 0.208333 0.036979 0.157407
0 0.202344 0.243981 0.033854 0.176852
0 0.405469 0.141667 0.028646 0.146296
0 0.396615 0.110648 0.027604 0.152778
0 0.651563 0.081481 0.031250 0.109259
0 0.298698 0.187037 0.025521 0.155556
0 0.174740 0.050000 0.023438 0.138889
0 0.204948 0.180556 0.029687 0.157407
0 0.164063 0.193981 0.026042 0.154630
0 0.133333 0.204167 0.028125 0.152778
0 0.122396 0.179630 0.027083 0.170370
0 0.152865 0.162037 0.031771 0.157407
0 0.197917 0.885185 0.047917 0.246296
0 0.498698 0.389352 0.032813 0.195370
0 0.455990 0.399537 0.033854 0.193519
0 0.647135 0.767130 0.043229 0.252778
0 0.929948 0.741667 0.047396 0.227778
0 0.771875 0.022222 0.030208 0.133333
0 0.735938 0.018519 0.022917 0.137037
0 0.945833 0.237963 0.035417 0.166667
0 0.878906 0.203241 0.027604 0.156481
0 0.783073 0.224537 0.034896 0.149074
0 0.626302 0.180556 0.028646 0.153704
0 0.450260 -0.009259 0.024479 0.146296
0 0.268229 0.131019 0.027083 0.141667
0 0.220312 0.498611 0.033333 0.199074
0 0.179948 0.498611 0.043229 0.182407
0 0.246875 0.142593 0.028125 0.161111
0 0.241667 0.078241 0.030208 0.143519
0 0.212500 0.050000 0.028125 0.140741
0 0.230990 0.331019 0.035937 0.176852
0 0.183854 0.328704 0.032292 0.177778
0 0.273698 0.313889 0.033854 0.168519
