0 0.846615 0.656019 0.052604 0.217593
0 0.346615 0.625463 0.046354 0.225000
0 0.916146 0.518981 0.039583 0.195370
0 0.494271 0.985185 0.041667 0.229630
0 0.377865 0.242593 0.040104 0.103704
0 0.367969 0.325463 0.029687 0.112037
0 0.431510 0.208333 0.036979 0.157407
0 0.196094 0.235185 0.027604 0.153704
0 0.215104 0.243981 0.031250 0.178704
0 0.405208 0.142130 0.028125 0.147222
0 0.395573 0.108333 0.029687 0.151852
0 0.651563 0.081481 0.031250 0.109259
0 0.297396 0.187500 0.028125 0.154630
0 0.174740 0.050000 0.023438 0.138889
0 0.208854 0.179167 0.029167 0.158333
0 0.164063 0.194444 0.026042 0.155556
0 0.133594 0.202778 0.027604 0.155556
0 0.119792 0.181481 0.027083 0.170370
0 0.152083 0.161574 0.032292 0.156481
0 0.190885 0.144444 0.025521 0.150000
0 0.196094 0.905093 0.048438 0.245370
0 0.497396 0.375463 0.034375 0.193519
0 0.454167 0.380556 0.035417 0.187037
0 0.641927 0.740278 0.046354 0.245370
0 0.929948 0.741667 0.047396 0.227778
0 0.766406 0.014815 0.029687 0.133333
0 0.730990 0.013889 0.023438 0.137037
0 0.954167 0.255093 0.035417 0.167593
0 0.885937 0.214815 0.027083 0.155556
0 0.781510 0.231944 0.032813 0.147222
0 0.635417 0.191667 0.028125 0.153704
0 0.453646 -0.004630 0.025000 0.148148
0 0.275000 0.142593 0.025000 0.140741
0 0.219010 0.513426 0.034896 0.208333
0 0.178125 0.516667 0.042708 0.187037
0 0.246094 0.142593 0.028646 0.161111
0 0.246094 0.087037 0.031771 0.142593
0 0.212500 0.057870 0.028125 0.141667
0 0.227083 0.342130 0.035417 0.180556
0 0.180469 0.340278 0.031771 0.178704
0 0.276302 0.324074 0.033854 0.168519
