0 0.846615 0.655556 0.052604 0.216667
0 0.363021 0.641667 0.038542 0.224074
0 0.916146 0.518981 0.039583 0.195370
0 0.502344 0.981019 0.041146 0.236111
0 0.377865 0.242593 0.040104 0.103704
0 0.367969 0.325463 0.029687 0.112037
0 0.431510 0.208333 0.036979 0.157407
0 0.186458 0.241667 0.029167 0.177778
0 0.405469 0.141667 0.028646 0.146296
0 0.399219 0.113426 0.027604 0.154630
0 0.651563 0.081481 0.031250 0.109259
0 0.299479 0.187037 0.026042 0.155556
0 0.174740 0.050000 0.023438 0.138889
0 0.202344 0.181481 0.028646 0.157407
0 0.164063 0.193981 0.026042 0.154630
0 0.133594 0.204167 0.028646 0.152778
0 0.124479 0.177778 0.027083 0.170370
0 0.153646 0.162037 0.030208 0.157407
0 0.193750 0.860185 0.045833 0.246296
0 0.501563 0.407870 0.038542 0.199074
0 0.458333 0.410648 0.033333 0.189815
0 0.657813 0.793056 0.047917 0.249074
0 0.932031 0.743056 0.050521 0.228704
0 0.775781 0.026389 0.031771 0.134259
0 0.742188 0.026852 0.022917 0.137037
0 0.938802 0.228704 0.035937 0.164815
0 0.872917 0.188426 0.029167 0.154630
0 0.783073 0.211574 0.032813 0.150926
0 0.617188 0.165278 0.032292 0.152778
0 0.444792 -0.015741 0.026042 0.146296
0 0.417187 -0.017593 0.023958 0.142593
0 0.386979 0.009259 0.027083 0.135185
0 0.265625 0.123611 0.027083 0.141667
0 0.220312 0.481944 0.033333 0.197222
0 0.184115 0.486574 0.043229 0.182407
0 0.245573 0.147222 0.026562 0.162963
0 0.239062 0.071296 0.030208 0.142593
0 0.211979 0.043981 0.027083 0.134259
0 0.131771 0.052315 0.023958 0.126852
0 0.234896 0.318519 0.035417 0.177778
0 0.188802 0.313426 0.033854 0.173148
0 0.270833 0.298148 0.034375 0.164815
