0 0.846354 0.656019 0.052083 0.217593
0 0.341927 0.623148 0.052604 0.224074
0 0.916146 0.518981 0.039583 0.195370
0 0.491667 0.986574 0.041667 0.226852
0 0.377865 0.242593 0.040104 0.103704
0 0.367969 0.325463 0.029687 0.112037
0 0.431510 0.208333 0.036979 0.157407
0 0.199479 0.234259 0.028125 0.153704
0 0.219531 0.243519 0.034896 0.177778
0 0.405208 0.142130 0.027083 0.147222
0 0.396094 0.108333 0.029687 0.151852
0 0.651563 0.081481 0.031250 0.109259
0 0.296875 0.187963 0.029167 0.153704
0 0.174219 0.050926 0.022396 0.138889
0 0.211458 0.178704 0.029167 0.159259
0 0.164063 0.194907 0.026042 0.154630
0 0.133594 0.202315 0.027604 0.156481
0 0.119010 0.181944 0.025521 0.169444
0 0.151823 0.161574 0.031771 0.156481
0 0.190625 0.145370 0.026042 0.150000
0 0.196615 0.919907 0.047396 0.245370
0 0.498177 0.370370 0.036979 0.192593
0 0.454948 0.371759 0.032813 0.180556
0 0.637500 0.720370 0.045833 0.238889
0 0.930469 0.742593 0.047396 0.227778
0 0.764062 0.007407 0.029167 0.133333
0 0.727344 0.009259 0.023438 0.137037
0 0.957292 0.262500 0.036458 0.171296
0 0.886198 0.223611 0.029687 0.156481
0 0.783073 0.235648 0.032813 0.147222
0 0.638802 0.201852 0.031771 0.155556
0 0.456250 -0.000926 0.026042 0.148148
0 0.276562 0.147685 0.026042 0.141667
0 0.217708 0.518519 0.034375 0.205556
0 0.178646 0.524074 0.041667 0.190741
0 0.244531 0.143056 0.029687 0.160185
0 0.248698 0.092130 0.031771 0.145370
0 0.212240 0.060648 0.029687 0.141667
0 0.235417 0.062500 0.025000 0.139815
0 0.225521 0.348611 0.035417 0.180556
0 0.179688 0.347685 0.032292 0.178704
0 0.277865 0.332407 0.033854 0.168519
