0 0.846615 0.655093 0.052604 0.215741
0 0.366927 0.644907 0.042188 0.226852
0 0.916146 0.518981 0.039583 0.195370
0 0.500000 0.981019 0.041667 0.234259
0 0.377865 0.242593 0.040104 0.103704
0 0.367969 0.325463 0.029687 0.112037
0 0.431771 0.208333 0.037500 0.157407
0 0.178906 0.240278 0.027604 0.176852
0 0.405469 0.140741 0.029687 0.144444
0 0.400260 0.113889 0.026562 0.153704
0 0.651563 0.081481 0.031250 0.109259
0 0.302344 0.187963 0.028646 0.157407
0 0.174740 0.050000 0.023438 0.138889
0 0.199740 0.181944 0.027604 0.158333
0 0.163542 0.193981 0.026042 0.154630
0 0.136979 0.203704 0.029167 0.153704
0 0.127344 0.180556 0.032813 0.166667
0 0.467187 -0.025463 0.026042 0.147222
0 0.191927 0.832870 0.048438 0.245370
0 0.503906 0.428704 0.035937 0.198148
0 0.461979 0.442593 0.034375 0.196296
0 0.670573 0.829167 0.045312 0.249074
0 0.931250 0.744444 0.047917 0.229630
0 0.786719 0.034722 0.027604 0.136111
0 0.749219 0.039815 0.023438 0.137037
0 0.930469 0.204630 0.031771 0.164815
0 0.865885 0.171296 0.026562 0.150000
0 0.783073 0.200000 0.033854 0.146296
0 0.610938 0.143981 0.029167 0.150926
0 0.441406 -0.021759 0.024479 0.147222
0 0.417708 -0.017593 0.023958 0.142593
0 0.378385 0.013426 0.032813 0.132407
0 0.262760 0.106944 0.026562 0.143519
0 0.221875 0.457870 0.035417 0.193519
0 0.189062 0.469907 0.040625 0.182407
0 0.240885 0.148611 0.027604 0.162037
0 0.235417 0.057407 0.031250 0.133333
0 0.213802 0.036111 0.025521 0.125926
0 0.143229 0.048148 0.027083 0.127778
0 0.240625 0.303704 0.035417 0.175926
0 0.195052 0.300000 0.031771 0.170370
0 0.265104 0.285648 0.031250 0.167593
