0 0.846615 0.656019 0.052604 0.217593
0 0.348958 0.628241 0.044792 0.225000
0 0.916146 0.518981 0.039583 0.195370
0 0.495833 0.984259 0.041667 0.231481
0 0.377865 0.242593 0.040104 0.103704
0 0.367969 0.325463 0.029687 0.112037
0 0.431510 0.208333 0.036979 0.157407
0 0.211979 0.243981 0.032292 0.178704
0 0.405208 0.142130 0.028125 0.147222
0 0.395833 0.108796 0.029167 0.152778
0 0.651563 0.081481 0.031250 0.109259
0 0.297656 0.187500 0.027604 0.154630
0 0.174740 0.050000 0.023438 0.138889
0 0.207552 0.179167 0.029687 0.158333
0 0.164063 0.194444 0.026042 0.155556
0 0.133594 0.203241 0.027604 0.154630
0 0.120313 0.181481 0.027083 0.170370
0 0.152083 0.161574 0.032292 0.156481
0 0.190885 0.144444 0.025521 0.150000
0 0.197135 0.899537 0.048438 0.245370
0 0.496875 0.377315 0.033333 0.193519
0 0.453906 0.385185 0.036979 0.190741
0 0.642969 0.747685 0.045312 0.247222
0 0.929948 0.741667 0.047396 0.227778
0 0.767969 0.016667 0.029687 0.133333
0 0.732031 0.014815 0.023438 0.137037
0 0.951562 0.249537 0.035417 0.167593
0 0.883854 0.211111 0.027083 0.155556
0 0.781771 0.229630 0.033333 0.148148
0 0.632813 0.187963 0.028125 0.153704
0 0.452344 -0.006019 0.024479 0.149074
0 0.273177 0.138889 0.025521 0.140741
0 0.219271 0.509259 0.034375 0.205556
0 0.177865 0.512963 0.043229 0.185185
0 0.246615 0.142593 0.028646 0.161111
0 0.244792 0.084259 0.031250 0.142593
0 0.212500 0.055093 0.028125 0.141667
0 0.228125 0.338889 0.035417 0.179630
0 0.180990 0.335648 0.031771 0.178704
0 0.275260 0.319444 0.033854 0.168519
