0 0.846615 0.656019 0.052604 0.217593
0 0.352865 0.632870 0.042188 0.225000
0 0.916146 0.518981 0.039583 0.195370
0 0.498437 0.982407 0.041667 0.235185
0 0.377865 0.242593 0.040104 0.103704
0 0.367969 0.325463 0.029687 0.112037
0 0.431510 0.208333 0.036979 0.157407
0 0.206771 0.244444 0.033333 0.177778
0 0.405208 0.142130 0.028125 0.147222
0 0.396354 0.109722 0.028125 0.152778
0 0.651563 0.081481 0.031250 0.109259
0 0.298177 0.187500 0.026562 0.154630
0 0.174740 0.050000 0.023438 0.138889
0 0.205469 0.179630 0.029687 0.157407
0 0.164063 0.194444 0.026042 0.155556
0 0.133594 0.203704 0.027604 0.153704
0 0.121354 0.180556 0.027083 0.170370
0 0.152344 0.161574 0.031771 0.156481
0 0.190885 0.144444 0.025521 0.150000
0 0.198177 0.890741 0.048438 0.246296
0 0.497656 0.384259 0.032813 0.194444
0 0.455208 0.394444 0.035417 0.192593
0 0.645312 0.760648 0.043750 0.250926
0 0.929948 0.741667 0.047396 0.227778
0 0.770573 0.020370 0.029687 0.133333
0 0.734635 0.017593 0.023438 0.137037
0 0.947917 0.241667 0.035417 0.166667
0 0.880729 0.206481 0.027083 0.155556
0 0.782552 0.226852 0.034896 0.148148
0 0.629167 0.183333 0.028125 0.153704
0 0.451042 -0.007870 0.023958 0.147222
0 0.269792 0.132870 0.027083 0.141667
0 0.220052 0.502315 0.032813 0.200926
0 0.179167 0.503704 0.043750 0.183333
0 0.246875 0.142593 0.028125 0.161111
0 0.242708 0.080093 0.030208 0.143519
0 0.212500 0.051389 0.028125 0.141667
0 0.229948 0.334259 0.035937 0.177778
0 0.182292 0.329630 0.032292 0.177778
0 0.274219 0.314815 0.033854 0.168519
