0 0.846615 0.654630 0.052604 0.214815
0 0.357031 0.647685 0.041146 0.226852
0 0.916146 0.518056 0.039583 0.195370
0 0.492188 0.990278 0.041667 0.217593
0 0.377865 0.242593 0.040104 0.103704
0 0.367969 0.325463 0.029687 0.112037
0 0.432292 0.208333 0.038542 0.157407
0 0.174219 0.239815 0.034896 0.177778
0 0.405469 0.141204 0.027604 0.147222
0 0.651563 0.081481 0.031250 0.109259
0 0.304167 0.187963 0.029167 0.157407
0 0.174740 0.050000 0.023438 0.138889
0 0.208073 0.178241 0.027604 0.158333
0 0.139063 0.200000 0.028125 0.151852
0 0.124479 0.181019 0.027083 0.171296
0 0.467187 -0.025463 0.026042 0.147222
0 0.183073 0.770370 0.045312 0.237037
0 0.515625 0.479630 0.034375 0.211111
0 0.468229 0.491667 0.032292 0.200000
0 0.697917 0.906019 0.050000 0.243519
0 0.934375 0.741667 0.047917 0.227778
0 0.794531 0.052778 0.029687 0.137037
0 0.758333 0.058333 0.022917 0.137037
0 0.911198 0.166667 0.027604 0.159259
0 0.850260 0.137500 0.026562 0.145370
0 0.784375 0.172222 0.032292 0.142593
0 0.596875 0.107870 0.030208 0.149074
0 0.381250 0.018981 0.045833 0.117593
0 0.257552 0.083333 0.025521 0.137037
0 0.228646 0.423611 0.030208 0.191667
0 0.191927 0.429630 0.041146 0.175926
0 0.235156 0.142130 0.029687 0.163889
0 0.232292 0.034259 0.035417 0.131481
0 0.212500 0.013426 0.022917 0.121296
0 0.145833 0.047222 0.027083 0.127778
0 0.258854 0.275463 0.035417 0.176852
0 0.209896 0.272222 0.029167 0.170370
