0 0.846615 0.654630 0.052604 0.214815
0 0.360677 0.647222 0.045312 0.225926
0 0.916146 0.518056 0.039583 0.195370
0 0.494531 0.985648 0.042188 0.217593
0 0.377865 0.242593 0.040104 0.103704
0 0.367969 0.325463 0.029687 0.112037
0 0.432031 0.208333 0.038021 0.157407
0 0.175000 0.240278 0.033333 0.178704
0 0.404167 0.139352 0.030208 0.145370
0 0.651563 0.081481 0.031250 0.109259
0 0.303125 0.187963 0.029167 0.157407
0 0.174740 0.050000 0.023438 0.138889
0 0.205990 0.179167 0.027604 0.158333
0 0.163542 0.193981 0.026042 0.154630
0 0.138281 0.200926 0.027604 0.153704
0 0.128646 0.188889 0.040625 0.153704
0 0.467187 -0.025463 0.026042 0.147222
0 0.188802 0.805093 0.045312 0.243519
0 0.510938 0.446759 0.036458 0.193519
0 0.463802 0.461111 0.031771 0.196296
0 0.682552 0.870833 0.049479 0.254630
0 0.932812 0.742593 0.047917 0.229630
0 0.789063 0.043519 0.031250 0.137037
0 0.752344 0.046296 0.023438 0.137037
0 0.919010 0.192130 0.028646 0.162037
0 0.858854 0.156481 0.029167 0.150000
0 0.784635 0.186111 0.030729 0.144444
0 0.602865 0.128704 0.030729 0.151852
0 0.438021 -0.025463 0.022917 0.143519
0 0.375521 0.034259 0.052083 0.090741
0 0.260937 0.098148 0.027083 0.137037
0 0.223698 0.444907 0.031771 0.193519
0 0.190885 0.447685 0.040104 0.178704
0 0.239323 0.145833 0.027604 0.162037
0 0.232552 0.046296 0.033854 0.137037
0 0.213542 0.025000 0.026042 0.125926
0 0.145833 0.047222 0.027083 0.127778
0 0.250260 0.290278 0.034896 0.176852
0 0.204687 0.290278 0.031250 0.169444
0 0.263542 0.269907 0.031250 0.163889
