0 0.846615 0.656019 0.052604 0.217593
0 0.347396 0.626389 0.045833 0.225000
0 0.916146 0.518981 0.039583 0.195370
0 0.494792 0.984722 0.041667 0.230556
0 0.377865 0.242593 0.040104 0.103704
0 0.367969 0.325463 0.029687 0.112037
0 0.431510 0.208333 0.036979 0.157407
0 0.196094 0.235185 0.027604 0.153704
0 0.214062 0.243981 0.031250 0.178704
0 0.405208 0.142130 0.028125 0.147222
0 0.395573 0.108333 0.029687 0.151852
0 0.651563 0.081481 0.031250 0.109259
0 0.297396 0.187500 0.028125 0.154630
0 0.174740 0.050000 0.023438 0.138889
0 0.208594 0.179167 0.029687 0.158333
0 0.164063 0.194444 0.026042 0.155556
0 0.133594 0.203241 0.027604 0.154630
0 0.119792 0.181481 0.027083 0.170370
0 0.152083 0.161574 0.032292 0.156481
0 0.190885 0.144444 0.025521 0.150000
0 0.196615 0.903241 0.048438 0.245370
0 0.497135 0.375926 0.033854 0.192593
0 0.454167 0.382407 0.036458 0.188889
0 0.642188 0.742593 0.045833 0.246296
0 0.929948 0.741667 0.047396 0.227778
0 0.766927 0.014815 0.029687 0.133333
0 0.730990 0.013889 0.023438 0.137037
0 0.953125 0.253241 0.035417 0.167593
0 0.884896 0.212963 0.027083 0.155556
0 0.781510 0.231019 0.032813 0.147222
0 0.634375 0.189815 0.028125 0.153704
0 0.453125 -0.005093 0.025000 0.149074
0 0.274479 0.141667 0.025000 0.140741
0 0.219010 0.512037 0.034896 0.207407
0 0.177865 0.515278 0.043229 0.186111
0 0.246094 0.142593 0.028646 0.161111
0 0.245573 0.086111 0.031771 0.142593
0 0.212500 0.056944 0.028125 0.141667
0 0.227083 0.340741 0.035417 0.179630
0 0.180990 0.338426 0.031771 0.178704
0 0.275781 0.322222 0.033854 0.168519
