0 0.846354 0.656481 0.052083 0.218519
0 0.338542 0.621759 0.057292 0.223148
0 0.916146 0.519907 0.039583 0.195370
0 0.489844 0.987037 0.041146 0.225926
0 0.377865 0.242593 0.040104 0.103704
0 0.367969 0.325463 0.029687 0.112037
0 0.431510 0.208333 0.036979 0.157407
0 0.201563 0.234259 0.028125 0.153704
0 0.221875 0.243519 0.038542 0.177778
0 0.405208 0.142130 0.027083 0.147222
0 0.396094 0.108333 0.029687 0.151852
0 0.651563 0.081481 0.031250 0.109259
0 0.296615 0.187963 0.029687 0.153704
0 0.173958 0.050926 0.021875 0.138889
0 0.213021 0.178241 0.029167 0.160185
0 0.164063 0.194907 0.026042 0.154630
0 0.198958 0.157870 0.023958 0.158333
0 0.133594 0.201852 0.027604 0.157407
0 0.118229 0.181944 0.023958 0.169444
0 0.151823 0.161574 0.031771 0.156481
0 0.190625 0.145370 0.026042 0.150000
0 0.196875 0.931019 0.046875 0.245370
0 0.498698 0.363426 0.035937 0.191667
0 0.455208 0.368981 0.032292 0.182407
0 0.634896 0.707870 0.045833 0.234259
0 0.930469 0.742593 0.047396 0.227778
0 0.763021 0.003704 0.029167 0.133333
0 0.725260 0.006481 0.023438 0.137037
0 0.959635 0.268056 0.036979 0.175000
0 0.886979 0.229630 0.031250 0.157407
0 0.784115 0.239352 0.032813 0.147222
0 0.641667 0.208796 0.034375 0.156481
0 0.456771 0.000000 0.026042 0.148148
0 0.407552 0.011111 0.026562 0.135185
0 0.277083 0.150463 0.027083 0.141667
0 0.217188 0.523148 0.034375 0.203704
0 0.178385 0.529167 0.043229 0.189815
0 0.244271 0.143056 0.030208 0.160185
0 0.250000 0.095370 0.031250 0.146296
0 0.212500 0.062963 0.030208 0.140741
0 0.235417 0.064352 0.025000 0.139815
0 0.225000 0.353241 0.035417 0.180556
0 0.178646 0.349537 0.032292 0.178704
0 0.277865 0.337037 0.033854 0.168519
