0 0.846354 0.656944 0.052083 0.219444
0 0.323177 0.620370 0.038021 0.222222
0 0.916146 0.519907 0.039583 0.195370
0 0.490885 0.985648 0.041146 0.221296
0 0.377865 0.242593 0.040104 0.103704
0 0.367969 0.325463 0.029687 0.112037
0 0.431510 0.208333 0.036979 0.157407
0 0.225000 0.231019 0.028125 0.150926
0 0.256250 0.243519 0.046875 0.179630
0 0.404687 0.144444 0.027083 0.148148
0 0.396094 0.111111 0.028646 0.151852
0 0.651563 0.081481 0.031250 0.109259
0 0.295573 0.189352 0.031771 0.156481
0 0.172396 0.052315 0.017708 0.137963
0 0.209896 0.179167 0.029167 0.160185
0 0.164063 0.195370 0.026042 0.155556
0 0.199740 0.160648 0.023438 0.162037
0 0.135417 0.206481 0.027083 0.148148
0 0.116667 0.181944 0.023958 0.169444
0 0.190625 0.146296 0.026042 0.150000
0 0.212760 0.976852 0.051562 0.246296
0 0.501563 0.337963 0.034375 0.192593
0 0.455208 0.342593 0.035417 0.181481
0 0.619531 0.668056 0.045312 0.234259
0 0.913802 0.740741 0.051562 0.218519
0 0.924479 0.696759 0.040625 0.237963
0 0.755469 -0.006481 0.029687 0.133333
0 0.715885 -0.004630 0.023438 0.137037
0 0.972135 0.296296 0.030729 0.174074
0 0.901042 0.248611 0.027083 0.162037
0 0.780729 0.250463 0.032292 0.147222
0 0.662500 0.228704 0.029167 0.153704
0 0.459896 0.000463 0.030208 0.147222
0 0.407552 0.011111 0.026562 0.135185
0 0.213542 0.546759 0.031250 0.206481
0 0.173958 0.558333 0.045833 0.190741
0 0.241406 0.143519 0.032813 0.159259
0 0.263802 0.118519 0.030729 0.151852
0 0.215625 0.072685 0.031250 0.141667
0 0.240885 0.074537 0.024479 0.139815
0 0.216146 0.370833 0.038542 0.182407
0 0.170313 0.372222 0.032292 0.187037
0 0.274219 0.359722 0.033854 0.173148
