0 0.846354 0.656481 0.052083 0.218519
0 0.328906 0.620370 0.045312 0.220370
0 0.916146 0.519907 0.039583 0.195370
0 0.489583 0.987500 0.041667 0.221296
0 0.377865 0.242593 0.040104 0.103704
0 0.367969 0.325463 0.029687 0.112037
0 0.431510 0.208333 0.036979 0.157407
0 0.216406 0.233796 0.025521 0.152778
0 0.246615 0.243056 0.033854 0.178704
0 0.404948 0.143519 0.026562 0.148148
0 0.396354 0.110648 0.028125 0.152778
0 0.651563 0.081481 0.031250 0.109259
0 0.295833 0.188889 0.031250 0.155556
0 0.172656 0.051389 0.019271 0.137963
0 0.210938 0.178241 0.029167 0.160185
0 0.164063 0.195370 0.026042 0.155556
0 0.199219 0.159722 0.023438 0.162037
0 0.134635 0.206944 0.026562 0.147222
0 0.117188 0.181944 0.023958 0.169444
0 0.151823 0.161574 0.031771 0.156481
0 0.190625 0.146296 0.026042 0.150000
0 0.208594 0.958796 0.051562 0.250926
0 0.499740 0.346759 0.034896 0.191667
0 0.455208 0.352778 0.034375 0.183333
0 0.623958 0.687500 0.046875 0.239815
0 0.924479 0.741667 0.050000 0.224074
0 0.758594 0.000000 0.029687 0.133333
0 0.718490 -0.002778 0.023438 0.137037
0 0.967448 0.284259 0.030729 0.174074
0 0.896615 0.240278 0.027604 0.162037
0 0.781510 0.247685 0.032813 0.147222
0 0.655990 0.221296 0.029687 0.155556
0 0.458854 -0.000463 0.029167 0.147222
0 0.407552 0.011111 0.026562 0.135185
0 0.277604 0.161574 0.028125 0.141667
0 0.214323 0.542593 0.031771 0.209259
0 0.175260 0.550000 0.046354 0.190741
0 0.242448 0.142593 0.032813 0.159259
0 0.258594 0.112037 0.030729 0.151852
0 0.214323 0.070370 0.030729 0.140741
0 0.239062 0.068981 0.025000 0.139815
0 0.220312 0.361574 0.038542 0.180556
0 0.172917 0.366667 0.032292 0.183333
0 0.275260 0.349537 0.033854 0.169444
