0 0.846354 0.657407 0.052083 0.220370
0 0.320052 0.614815 0.033854 0.231481
0 0.916146 0.519907 0.039583 0.195370
0 0.479687 0.982870 0.040625 0.234259
0 0.377865 0.242593 0.040104 0.103704
0 0.367969 0.325463 0.029687 0.112037
0 0.431510 0.208333 0.036979 0.157407
0 0.247917 0.236111 0.030208 0.155556
0 0.277865 0.244907 0.036979 0.175000
0 0.404687 0.143981 0.027083 0.149074
0 0.395573 0.109259 0.029687 0.151852
0 0.651563 0.081481 0.031250 0.109259
0 0.296615 0.188426 0.029687 0.154630
0 0.169531 0.051389 0.017188 0.139815
0 0.208333 0.177315 0.029167 0.160185
0 0.164063 0.195370 0.026042 0.155556
0 0.199219 0.159722 0.023438 0.160185
0 0.134635 0.205556 0.027604 0.148148
0 0.121875 0.181481 0.034375 0.168519
0 0.190625 0.147222 0.026042 0.150000
0 0.227344 0.994907 0.051562 0.212037
0 0.505208 0.314815 0.034375 0.185185
0 0.459375 0.323611 0.031250 0.180556
0 0.610156 0.640278 0.045312 0.234259
0 0.888542 0.739352 0.046875 0.217593
0 0.744271 -0.016667 0.029167 0.133333
0 0.982552 0.315741 0.033854 0.174074
0 0.907031 0.274074 0.029687 0.164815
0 0.795833 -0.021759 0.027083 0.147222
0 0.771875 -0.015741 0.023958 0.140741
0 0.783854 0.271759 0.037500 0.150926
0 0.684635 0.254630 0.033854 0.153704
0 0.460156 0.004630 0.028646 0.146296
0 0.429688 -0.008333 0.023958 0.142593
0 0.407552 0.011111 0.026562 0.135185
0 0.261979 0.183333 0.023958 0.146296
0 0.211458 0.576389 0.035417 0.210185
0 0.170573 0.588426 0.046354 0.195370
0 0.241406 0.143981 0.032813 0.158333
0 0.269792 0.133333 0.031250 0.151852
0 0.220052 0.092130 0.032813 0.152778
0 0.207552 0.386574 0.038021 0.182407
0 0.170313 0.391667 0.034375 0.188889
0 0.269271 0.381944 0.037500 0.178704
