0 0.846354 0.656481 0.052083 0.218519
0 0.334115 0.620833 0.052604 0.221296
0 0.916146 0.519907 0.039583 0.195370
0 0.489583 0.988426 0.041667 0.223148
0 0.377865 0.242593 0.040104 0.103704
0 0.367969 0.325463 0.029687 0.112037
0 0.431510 0.208333 0.036979 0.157407
0 0.208594 0.234722 0.026562 0.152778
0 0.234635 0.243056 0.032813 0.178704
0 0.404948 0.142593 0.026562 0.148148
0 0.396354 0.109259 0.028125 0.151852
0 0.651563 0.081481 0.031250 0.109259
0 0.296354 0.188426 0.030208 0.154630
0 0.173177 0.051389 0.020313 0.137963
0 0.211979 0.178241 0.029167 0.160185
0 0.164063 0.194907 0.026042 0.154630
0 0.199219 0.158796 0.023438 0.160185
0 0.134115 0.205093 0.026562 0.150926
0 0.117708 0.181944 0.023958 0.169444
0 0.151823 0.161574 0.031771 0.156481
0 0.190625 0.145370 0.026042 0.150000
0 0.202865 0.944444 0.049479 0.250000
0 0.499740 0.353241 0.034896 0.191667
0 0.455990 0.364352 0.031771 0.184259
0 0.629167 0.701852 0.046875 0.240741
0 0.930469 0.742593 0.047396 0.227778
0 0.760677 0.003704 0.029687 0.133333
0 0.721615 0.000926 0.023438 0.137037
0 0.963021 0.274074 0.032292 0.174074
0 0.891667 0.234259 0.029167 0.161111
0 0.782552 0.244907 0.032813 0.147222
0 0.648698 0.214815 0.031771 0.155556
0 0.457292 0.000000 0.026042 0.148148
0 0.407552 0.011111 0.026562 0.135185
0 0.277865 0.155093 0.027604 0.141667
0 0.215365 0.535648 0.032813 0.208333
0 0.177604 0.537963 0.046875 0.185185
0 0.243229 0.142593 0.031250 0.159259
0 0.254167 0.103704 0.031250 0.150000
0 0.213281 0.067130 0.029687 0.141667
0 0.223177 0.355093 0.038021 0.180556
0 0.176302 0.355556 0.032813 0.179630
0 0.277344 0.343981 0.033854 0.169444
