0 0.846354 0.656481 0.052083 0.218519
0 0.331771 0.620833 0.048958 0.219444
0 0.916146 0.519907 0.039583 0.195370
0 0.489583 0.989352 0.041667 0.221296
0 0.377865 0.242593 0.040104 0.103704
0 0.367969 0.325463 0.029687 0.112037
0 0.431510 0.208333 0.036979 0.157407
0 0.213021 0.235648 0.025000 0.152778
0 0.242708 0.243056 0.028125 0.178704
0 0.404948 0.143519 0.026562 0.148148
0 0.396615 0.110648 0.027604 0.152778
0 0.651563 0.081481 0.031250 0.109259
0 0.296094 0.188889 0.030729 0.155556
0 0.172917 0.051389 0.019792 0.137963
0 0.211458 0.178241 0.029167 0.160185
0 0.164063 0.195370 0.026042 0.155556
0 0.199219 0.159722 0.023438 0.162037
0 0.134635 0.207407 0.026562 0.146296
0 0.117188 0.181944 0.023958 0.169444
0 0.151823 0.161574 0.031771 0.156481
0 0.190625 0.146296 0.026042 0.150000
0 0.207031 0.951852 0.051562 0.253704
0 0.499740 0.349537 0.034896 0.191667
0 0.455729 0.357870 0.033333 0.184259
0 0.625781 0.696296 0.047396 0.242593
0 0.929167 0.743056 0.047917 0.226852
0 0.759635 0.002778 0.029687 0.133333
0 0.719792 -0.001852 0.022917 0.137037
0 0.965365 0.278704 0.030729 0.174074
0 0.894531 0.237500 0.028646 0.162037
0 0.782031 0.247685 0.032813 0.147222
0 0.653125 0.218519 0.030208 0.155556
0 0.458073 -0.000463 0.027604 0.147222
0 0.407552 0.011111 0.026562 0.135185
0 0.278125 0.158333 0.028125 0.140741
0 0.214323 0.541667 0.031771 0.211111
0 0.176302 0.544907 0.046354 0.187963
0 0.242708 0.142593 0.032292 0.159259
0 0.257031 0.109259 0.030729 0.151852
0 0.213802 0.069907 0.029687 0.141667
0 0.238021 0.068056 0.025000 0.139815
0 0.221875 0.357407 0.038542 0.179630
0 0.174219 0.362037 0.032813 0.181481
0 0.276302 0.346759 0.033854 0.169444
