0 0.846354 0.657407 0.052083 0.220370
0 0.319271 0.616667 0.037500 0.227778
0 0.916146 0.519907 0.039583 0.195370
0 0.483333 0.985185 0.040625 0.229630
0 0.377865 0.242593 0.040104 0.103704
0 0.367969 0.325463 0.029687 0.112037
0 0.431510 0.208333 0.036979 0.157407
0 0.244010 0.234259 0.030729 0.153704
0 0.271094 0.243519 0.031771 0.177778
0 0.404687 0.144444 0.027083 0.148148
0 0.395833 0.109259 0.029167 0.151852
0 0.651563 0.081481 0.031250 0.109259
0 0.296354 0.188426 0.030208 0.154630
0 0.169531 0.051852 0.017188 0.138889
0 0.208333 0.178241 0.029167 0.160185
0 0.164063 0.195370 0.026042 0.155556
0 0.199740 0.160648 0.023438 0.162037
0 0.135677 0.205556 0.027604 0.148148
0 0.120313 0.181481 0.031250 0.168519
0 0.190625 0.147222 0.026042 0.150000
0 0.221615 0.988889 0.051562 0.224074
0 0.504948 0.319444 0.033854 0.185185
0 0.458333 0.330093 0.031250 0.180556
0 0.612760 0.649537 0.045312 0.234259
0 0.896615 0.740278 0.043229 0.217593
0 0.898698 0.701852 0.055729 0.237037
0 0.746875 -0.012037 0.029167 0.133333
0 0.979427 0.311574 0.031771 0.175000
0 0.903125 0.268981 0.032292 0.165741
0 0.793229 -0.023611 0.027083 0.141667
0 0.783333 0.268519 0.035417 0.148148
0 0.676302 0.249074 0.033854 0.153704
0 0.460677 0.003704 0.028646 0.146296
0 0.427344 -0.008333 0.023438 0.142593
0 0.407552 0.011111 0.026562 0.135185
0 0.266146 0.179630 0.023958 0.144444
0 0.212240 0.572222 0.033854 0.211111
0 0.172135 0.579167 0.045312 0.191667
0 0.241667 0.144444 0.032292 0.159259
0 0.267448 0.128704 0.030729 0.151852
0 0.217969 0.084722 0.031771 0.149074
0 0.245052 0.083796 0.026562 0.139815
0 0.209635 0.384259 0.038021 0.181481
0 0.171094 0.386111 0.033854 0.187037
0 0.271354 0.376389 0.037500 0.178704
