0 0.846354 0.656944 0.052083 0.219444
0 0.322656 0.619444 0.038021 0.222222
0 0.916146 0.519907 0.039583 0.195370
0 0.490365 0.985185 0.041146 0.222222
0 0.377865 0.242593 0.040104 0.103704
0 0.367969 0.325463 0.029687 0.112037
0 0.431510 0.208333 0.036979 0.157407
0 0.226563 0.231019 0.028125 0.150926
0 0.257031 0.243056 0.045312 0.178704
0 0.404687 0.144444 0.027083 0.148148
0 0.395833 0.110185 0.029167 0.151852
0 0.651563 0.081481 0.031250 0.109259
0 0.295573 0.188889 0.031771 0.155556
0 0.171875 0.052315 0.017708 0.137963
0 0.209375 0.179167 0.029167 0.160185
0 0.164063 0.195370 0.026042 0.155556
0 0.199740 0.160648 0.023438 0.162037
0 0.135417 0.206481 0.027083 0.148148
0 0.116927 0.181481 0.024479 0.168519
0 0.190625 0.146296 0.026042 0.150000
0 0.213281 0.977315 0.051562 0.245370
0 0.501823 0.337037 0.034896 0.192593
0 0.455208 0.341204 0.035417 0.180556
0 0.619010 0.667130 0.045312 0.234259
0 0.912760 0.740741 0.050521 0.218519
0 0.922135 0.697685 0.043229 0.237963
0 0.754948 -0.006481 0.029687 0.133333
0 0.715365 -0.005556 0.023438 0.137037
0 0.972656 0.297685 0.030729 0.175000
0 0.901042 0.250463 0.028125 0.162037
0 0.780990 0.252315 0.032813 0.147222
0 0.663281 0.230556 0.029687 0.153704
0 0.459896 0.000463 0.030208 0.147222
0 0.407552 0.011111 0.026562 0.135185
0 0.213542 0.549074 0.031250 0.207407
0 0.173698 0.559259 0.045312 0.188889
0 0.241406 0.143519 0.032813 0.159259
0 0.263802 0.118519 0.030729 0.151852
0 0.215625 0.073148 0.031250 0.142593
0 0.240885 0.075463 0.024479 0.139815
0 0.215625 0.371759 0.038542 0.182407
0 0.170052 0.372685 0.031771 0.187963
0 0.273958 0.361111 0.033333 0.174074
