0 0.846354 0.656944 0.052083 0.219444
0 0.319531 0.618056 0.039063 0.225000
0 0.916146 0.519907 0.039583 0.195370
0 0.486719 0.986111 0.041146 0.225926
0 0.377865 0.242593 0.040104 0.103704
0 0.367969 0.325463 0.029687 0.112037
0 0.431510 0.208333 0.036979 0.157407
0 0.238542 0.232870 0.030208 0.152778
0 0.264844 0.243056 0.032813 0.178704
0 0.404687 0.144444 0.027083 0.148148
0 0.395833 0.110185 0.029167 0.151852
0 0.651563 0.081481 0.031250 0.109259
0 0.295833 0.188889 0.031250 0.155556
0 0.170313 0.052315 0.017708 0.137963
0 0.208333 0.179167 0.029167 0.160185
0 0.164063 0.195370 0.026042 0.155556
0 0.199740 0.160648 0.023438 0.162037
0 0.135937 0.206019 0.028125 0.149074
0 0.119010 0.181481 0.028646 0.168519
0 0.190625 0.147222 0.026042 0.150000
0 0.216927 0.983333 0.051562 0.233333
0 0.503906 0.326852 0.033854 0.188889
0 0.456250 0.333333 0.033333 0.179630
0 0.615365 0.657870 0.045312 0.234259
0 0.904427 0.740741 0.041146 0.218519
0 0.905729 0.700926 0.061458 0.237037
0 0.749740 -0.008333 0.029687 0.133333
0 0.976302 0.306944 0.030729 0.176852
0 0.900260 0.262963 0.033854 0.164815
0 0.790885 -0.024074 0.025521 0.131481
0 0.782813 0.263889 0.033333 0.146296
0 0.668750 0.243519 0.033333 0.153704
0 0.460417 0.002315 0.029167 0.147222
0 0.407552 0.011111 0.026562 0.135185
0 0.270313 0.176389 0.025000 0.143519
0 0.212760 0.566667 0.032813 0.211111
0 0.172656 0.567593 0.044271 0.187037
0 0.241406 0.144444 0.032813 0.159259
0 0.265885 0.124074 0.030729 0.151852
0 0.215885 0.077778 0.030729 0.146296
0 0.242969 0.080093 0.025521 0.139815
0 0.211719 0.380556 0.038021 0.181481
0 0.170052 0.380093 0.032813 0.187963
0 0.272656 0.370833 0.034896 0.176852
