0 0.846354 0.656481 0.052083 0.218519
0 0.332292 0.620370 0.050000 0.220370
0 0.916146 0.519907 0.039583 0.195370
0 0.489583 0.988889 0.041667 0.222222
0 0.377865 0.242593 0.040104 0.103704
0 0.367969 0.325463 0.029687 0.112037
0 0.431510 0.208333 0.036979 0.157407
0 0.211719 0.234722 0.025521 0.152778
0 0.240625 0.243056 0.029167 0.178704
0 0.404948 0.142593 0.026562 0.148148
0 0.396354 0.109722 0.028125 0.152778
0 0.651563 0.081481 0.031250 0.109259
0 0.296094 0.188426 0.030729 0.154630
0 0.172917 0.051389 0.019792 0.137963
0 0.211458 0.178241 0.029167 0.160185
0 0.164063 0.194907 0.026042 0.154630
0 0.199219 0.159259 0.023438 0.161111
0 0.134115 0.206481 0.026562 0.148148
0 0.117188 0.181944 0.023958 0.169444
0 0.151823 0.161574 0.031771 0.156481
0 0.190625 0.146296 0.026042 0.150000
0 0.205729 0.949537 0.051042 0.252778
0 0.499740 0.350463 0.034896 0.191667
0 0.455469 0.359259 0.032813 0.183333
0 0.626823 0.699537 0.047396 0.243519
0 0.930990 0.743519 0.047396 0.227778
0 0.760156 0.003704 0.029687 0.133333
0 0.720313 -0.000926 0.022917 0.137037
0 0.964844 0.276852 0.030729 0.174074
0 0.894010 0.236574 0.028646 0.162037
0 0.782552 0.247685 0.032813 0.147222
0 0.652344 0.217593 0.030729 0.155556
0 0.457813 -0.000463 0.027083 0.147222
0 0.407552 0.011111 0.026562 0.135185
0 0.277865 0.157407 0.027604 0.140741
0 0.214844 0.541667 0.031771 0.211111
0 0.176563 0.543056 0.046875 0.187963
0 0.242969 0.142593 0.031771 0.159259
0 0.255990 0.107407 0.030729 0.151852
0 0.213802 0.069907 0.029687 0.141667
0 0.222656 0.356481 0.039063 0.179630
0 0.174740 0.360185 0.032813 0.181481
0 0.276302 0.346759 0.033854 0.169444
