0 0.846354 0.657407 0.052083 0.220370
0 0.320313 0.613889 0.032292 0.233333
0 0.916146 0.519907 0.039583 0.195370
0 0.477865 0.981481 0.040104 0.235185
0 0.377865 0.242593 0.040104 0.103704
0 0.367969 0.325463 0.029687 0.112037
0 0.431510 0.208333 0.036979 0.157407
0 0.250781 0.237037 0.029687 0.155556
0 0.281510 0.245370 0.039063 0.174074
0 0.404948 0.143519 0.026562 0.148148
0 0.395573 0.108333 0.029687 0.151852
0 0.651563 0.081481 0.031250 0.109259
0 0.296875 0.187963 0.029167 0.153704
0 0.169271 0.051389 0.017708 0.139815
0 0.208333 0.176389 0.029167 0.160185
0 0.164063 0.195370 0.026042 0.155556
0 0.198958 0.158796 0.023958 0.160185
0 0.134115 0.205556 0.027604 0.148148
0 0.122656 0.181481 0.035937 0.168519
0 0.190625 0.147222 0.026042 0.150000
0 0.230990 0.998148 0.051562 0.205556
0 0.505208 0.312963 0.034375 0.185185
0 0.459635 0.318056 0.032813 0.180556
0 0.608333 0.633333 0.044792 0.231481
0 0.886198 0.738426 0.047396 0.217593
0 0.742708 -0.017593 0.029167 0.133333
0 0.984375 0.320370 0.034375 0.174074
0 0.908854 0.277778 0.029167 0.164815
0 0.797135 -0.020833 0.027604 0.147222
0 0.773177 -0.013889 0.024479 0.140741
0 0.784115 0.275000 0.038021 0.151852
0 0.689323 0.257407 0.032813 0.153704
0 0.459115 0.005093 0.028646 0.147222
0 0.430990 -0.007870 0.024479 0.141667
0 0.407552 0.011111 0.026562 0.135185
0 0.259375 0.185648 0.025000 0.147222
0 0.211458 0.579630 0.035417 0.211111
0 0.169271 0.593519 0.046875 0.196296
0 0.241146 0.143981 0.033333 0.158333
0 0.270833 0.136111 0.031250 0.151852
0 0.221615 0.095833 0.032813 0.154630
0 0.206510 0.391204 0.038021 0.184259
0 0.169792 0.394907 0.035417 0.189815
0 0.268229 0.385185 0.037500 0.177778
