0 0.846354 0.657407 0.052083 0.220370
0 0.319531 0.616204 0.035937 0.228704
0 0.916146 0.519907 0.039583 0.195370
0 0.482031 0.984259 0.041146 0.231481
0 0.377865 0.242593 0.040104 0.103704
0 0.367969 0.325463 0.029687 0.112037
0 0.431510 0.208333 0.036979 0.157407
0 0.245573 0.235185 0.030729 0.153704
0 0.273958 0.243981 0.034375 0.176852
0 0.404687 0.144444 0.027083 0.148148
0 0.395573 0.109259 0.029687 0.151852
0 0.651563 0.081481 0.031250 0.109259
0 0.296354 0.188426 0.030208 0.154630
0 0.169531 0.051852 0.017188 0.138889
0 0.208333 0.177315 0.029167 0.160185
0 0.164063 0.195370 0.026042 0.155556
0 0.199479 0.160185 0.023958 0.161111
0 0.135417 0.205556 0.028125 0.148148
0 0.121094 0.181481 0.032813 0.168519
0 0.190625 0.147222 0.026042 0.150000
0 0.224219 0.991204 0.051562 0.219444
0 0.505208 0.317130 0.034375 0.184259
0 0.459375 0.329167 0.030208 0.180556
0 0.611719 0.645833 0.045312 0.234259
0 0.893490 0.739352 0.044271 0.217593
0 0.896354 0.701852 0.051042 0.237037
0 0.745833 -0.013889 0.029167 0.133333
0 0.980469 0.313426 0.032813 0.175000
0 0.904687 0.271296 0.031250 0.164815
0 0.794531 -0.023611 0.027604 0.145370
0 0.770312 -0.018519 0.023958 0.140741
0 0.783594 0.269907 0.035937 0.149074
0 0.679427 0.251852 0.033854 0.153704
0 0.460677 0.003704 0.028646 0.146296
0 0.428125 -0.008333 0.023958 0.142593
0 0.407552 0.011111 0.026562 0.135185
0 0.264583 0.181019 0.023958 0.145370
0 0.211979 0.573611 0.034375 0.210185
0 0.171875 0.583796 0.045833 0.193519
0 0.241667 0.143981 0.032292 0.158333
0 0.268490 0.130556 0.030729 0.151852
0 0.218750 0.087500 0.032292 0.150926
0 0.208594 0.385185 0.038021 0.181481
0 0.170573 0.387963 0.033854 0.187037
0 0.270573 0.379167 0.038021 0.178704
