0 0.846354 0.656944 0.052083 0.219444
0 0.321354 0.618981 0.038542 0.223148
0 0.916146 0.519907 0.039583 0.195370
0 0.488802 0.985648 0.041146 0.223148
0 0.377865 0.242593 0.040104 0.103704
0 0.367969 0.325463 0.029687 0.112037
0 0.431510 0.208333 0.036979 0.157407
0 0.231771 0.231481 0.029167 0.151852
0 0.260417 0.243056 0.039583 0.178704
0 0.404687 0.144444 0.027083 0.148148
0 0.395833 0.110185 0.029167 0.151852
0 0.651563 0.081481 0.031250 0.109259
0 0.295573 0.188889 0.031771 0.155556
0 0.171354 0.052315 0.017708 0.137963
0 0.208854 0.179167 0.029167 0.160185
0 0.164063 0.195370 0.026042 0.155556
0 0.199740 0.160648 0.023438 0.162037
0 0.135677 0.206019 0.027604 0.149074
0 0.117708 0.181481 0.026042 0.168519
0 0.190625 0.147222 0.026042 0.150000
0 0.214844 0.980093 0.051562 0.239815
0 0.503125 0.333333 0.034375 0.192593
0 0.455208 0.336574 0.035417 0.178704
0 0.617448 0.663426 0.045312 0.234259
0 0.909115 0.740741 0.046354 0.218519
0 0.915104 0.699074 0.051042 0.237037
0 0.752865 -0.007407 0.029687 0.133333
0 0.713802 -0.007407 0.023438 0.137037
0 0.974219 0.301852 0.030729 0.175926
0 0.900781 0.256019 0.030729 0.163889
0 0.782031 0.257407 0.032813 0.146296
0 0.665625 0.236111 0.031250 0.153704
0 0.460156 0.001389 0.029687 0.147222
0 0.407552 0.011111 0.026562 0.135185
0 0.213281 0.556944 0.031771 0.208333
0 0.173437 0.561111 0.044792 0.187037
0 0.241406 0.144444 0.032813 0.159259
0 0.264844 0.121296 0.030729 0.151852
0 0.215885 0.075463 0.030729 0.143519
0 0.241667 0.077315 0.025000 0.139815
0 0.214062 0.375926 0.038542 0.181481
0 0.169531 0.375926 0.031771 0.188889
0 0.273958 0.366667 0.033333 0.175926
