0 0.846354 0.657407 0.052083 0.220370
0 0.320313 0.613889 0.032292 0.233333
0 0.916146 0.519907 0.039583 0.195370
0 0.477344 0.981481 0.040104 0.235185
0 0.377865 0.242593 0.040104 0.103704
0 0.367969 0.325463 0.029687 0.112037
0 0.431510 0.208333 0.036979 0.157407
0 0.252604 0.237037 0.029167 0.155556
0 0.282292 0.245370 0.038542 0.174074
0 0.404948 0.143519 0.026562 0.148148
0 0.395573 0.108333 0.029687 0.151852
0 0.651563 0.081481 0.031250 0.109259
0 0.296875 0.187963 0.029167 0.153704
0 0.169531 0.051852 0.018229 0.138889
0 0.208333 0.176389 0.029167 0.160185
0 0.164063 0.195370 0.026042 0.155556
0 0.198958 0.158796 0.023958 0.160185
0 0.134115 0.205093 0.027604 0.149074
0 0.123177 0.181481 0.036979 0.168519
0 0.190625 0.147222 0.026042 0.150000
0 0.232031 0.999074 0.051562 0.203704
0 0.505208 0.312037 0.034375 0.185185
0 0.459635 0.316204 0.033854 0.180556
0 0.607552 0.631019 0.044271 0.230556
0 0.885677 0.737963 0.047396 0.218519
0 0.742188 -0.017593 0.029167 0.133333
0 0.985417 0.322222 0.034375 0.174074
0 0.909375 0.278704 0.029167 0.164815
0 0.797656 -0.020833 0.027604 0.147222
0 0.773698 -0.012963 0.024479 0.140741
0 0.784375 0.275926 0.037500 0.151852
0 0.690885 0.257870 0.032813 0.152778
0 0.458594 0.005093 0.028646 0.147222
0 0.431510 -0.007870 0.024479 0.141667
0 0.407552 0.011111 0.026562 0.135185
0 0.258594 0.187037 0.025521 0.148148
0 0.211458 0.581481 0.035417 0.211111
0 0.168750 0.594907 0.046875 0.197222
0 0.240885 0.143981 0.033854 0.158333
0 0.270833 0.137037 0.031250 0.151852
0 0.222135 0.096759 0.032813 0.156481
0 0.206250 0.393056 0.037500 0.186111
0 0.169792 0.395833 0.035417 0.189815
0 0.267708 0.386111 0.037500 0.177778
