0 0.846354 0.656481 0.052083 0.218519
0 0.334635 0.620833 0.053646 0.221296
0 0.916146 0.519907 0.039583 0.195370
0 0.489583 0.988426 0.041667 0.223148
0 0.377865 0.242593 0.040104 0.103704
0 0.367969 0.325463 0.029687 0.112037
0 0.431510 0.208333 0.036979 0.157407
0 0.207552 0.234722 0.026562 0.152778
0 0.232552 0.243056 0.033854 0.178704
0 0.404948 0.142593 0.026562 0.148148
0 0.396354 0.109259 0.028125 0.151852
0 0.651563 0.081481 0.031250 0.109259
0 0.296354 0.188426 0.030208 0.154630
0 0.173437 0.051389 0.020833 0.137963
0 0.212500 0.178241 0.029167 0.160185
0 0.164063 0.194907 0.026042 0.154630
0 0.199219 0.158796 0.023438 0.160185
0 0.134115 0.204630 0.026562 0.151852
0 0.117708 0.181944 0.023958 0.169444
0 0.151823 0.161574 0.031771 0.156481
0 0.190625 0.145370 0.026042 0.150000
0 0.202083 0.942593 0.048958 0.250000
0 0.499740 0.354167 0.034896 0.191667
0 0.456250 0.366204 0.031250 0.184259
0 0.629687 0.702315 0.046875 0.239815
0 0.930469 0.742593 0.047396 0.227778
0 0.761198 0.003704 0.029687 0.133333
0 0.722135 0.001852 0.023438 0.137037
0 0.962500 0.273148 0.033333 0.174074
0 0.890885 0.233796 0.029687 0.160185
0 0.783073 0.243981 0.032813 0.147222
0 0.647917 0.213889 0.032292 0.155556
0 0.456771 0.000000 0.026042 0.148148
0 0.407552 0.011111 0.026562 0.135185
0 0.277865 0.154630 0.027604 0.140741
0 0.215365 0.533796 0.032813 0.208333
0 0.177344 0.536574 0.046354 0.186111
0 0.243229 0.142593 0.031250 0.159259
0 0.253646 0.102778 0.031250 0.150000
0 0.213021 0.066667 0.030208 0.140741
0 0.223437 0.354630 0.037500 0.179630
0 0.176823 0.354167 0.032813 0.178704
0 0.277344 0.343056 0.033854 0.169444
