0 0.846354 0.656944 0.052083 0.219444
0 0.323698 0.619907 0.039063 0.221296
0 0.916146 0.519907 0.039583 0.195370
0 0.490365 0.985648 0.041146 0.221296
0 0.377865 0.242593 0.040104 0.103704
0 0.367969 0.325463 0.029687 0.112037
0 0.431510 0.208333 0.036979 0.157407
0 0.223698 0.231019 0.027604 0.150926
0 0.254688 0.243056 0.044792 0.178704
0 0.404687 0.143519 0.027083 0.148148
0 0.396094 0.110648 0.028646 0.152778
0 0.651563 0.081481 0.031250 0.109259
0 0.295573 0.188889 0.031771 0.155556
0 0.172135 0.051389 0.018229 0.137963
0 0.209896 0.178241 0.029167 0.160185
0 0.164063 0.195370 0.026042 0.155556
0 0.199219 0.159722 0.023438 0.162037
0 0.135156 0.206481 0.027604 0.148148
0 0.116667 0.181944 0.023958 0.169444
0 0.190625 0.146296 0.026042 0.150000
0 0.211719 0.973611 0.051562 0.247222
0 0.501302 0.339815 0.034896 0.192593
0 0.455208 0.343519 0.035417 0.181481
0 0.620052 0.669907 0.045312 0.234259
0 0.915104 0.740741 0.053125 0.218519
0 0.927083 0.696759 0.037500 0.237963
0 0.756510 -0.005556 0.029687 0.133333
0 0.716406 -0.003704 0.023438 0.137037
0 0.971615 0.295370 0.030729 0.174074
0 0.901302 0.247222 0.026562 0.161111
0 0.780729 0.249537 0.032292 0.147222
0 0.661719 0.227315 0.028646 0.154630
0 0.459635 -0.000463 0.030729 0.147222
0 0.407552 0.011111 0.026562 0.135185
0 0.276823 0.168519 0.028646 0.144444
0 0.214062 0.544907 0.031250 0.206481
0 0.173958 0.557407 0.045833 0.190741
0 0.241927 0.143519 0.032813 0.159259
0 0.262760 0.117593 0.030729 0.151852
0 0.215625 0.072222 0.031250 0.140741
0 0.240365 0.073611 0.024479 0.139815
0 0.217188 0.369907 0.038542 0.182407
0 0.170573 0.371296 0.031771 0.187037
0 0.274479 0.358333 0.033333 0.172222
