0 0.846354 0.656944 0.052083 0.219444
0 0.320313 0.618519 0.038542 0.224074
0 0.916146 0.519907 0.039583 0.195370
0 0.487760 0.985648 0.041146 0.225000
0 0.377865 0.242593 0.040104 0.103704
0 0.367969 0.325463 0.029687 0.112037
0 0.431510 0.208333 0.036979 0.157407
0 0.235156 0.232407 0.029687 0.151852
0 0.262500 0.243056 0.036458 0.178704
0 0.404687 0.144444 0.027083 0.148148
0 0.395833 0.110185 0.029167 0.151852
0 0.651563 0.081481 0.031250 0.109259
0 0.295833 0.188889 0.031250 0.155556
0 0.170833 0.052315 0.017708 0.137963
0 0.208854 0.179167 0.029167 0.160185
0 0.164063 0.195370 0.026042 0.155556
0 0.199740 0.160648 0.023438 0.162037
0 0.135937 0.206019 0.028125 0.149074
0 0.118229 0.181481 0.027083 0.168519
0 0.190625 0.147222 0.026042 0.150000
0 0.215885 0.981481 0.051562 0.237037
0 0.503385 0.329630 0.033854 0.190741
0 0.455729 0.334722 0.034375 0.178704
0 0.616406 0.660648 0.045312 0.234259
0 0.906771 0.740741 0.043750 0.218519
0 0.910417 0.700000 0.056250 0.237037
0 0.751302 -0.008333 0.029687 0.133333
0 0.975260 0.304630 0.030729 0.175926
0 0.900521 0.259259 0.032292 0.164815
0 0.790104 -0.022685 0.026042 0.128704
0 0.782292 0.260185 0.033333 0.146296
0 0.667188 0.239815 0.032292 0.153704
0 0.460156 0.001852 0.029687 0.146296
0 0.407552 0.011111 0.026562 0.135185
0 0.213021 0.561574 0.032292 0.210185
0 0.173177 0.562963 0.044271 0.185185
0 0.241406 0.144444 0.032813 0.159259
0 0.265365 0.122222 0.030729 0.151852
0 0.215885 0.076389 0.030729 0.145370
0 0.242448 0.078704 0.025521 0.138889
0 0.212760 0.378241 0.038021 0.182407
0 0.169792 0.377778 0.032292 0.188889
0 0.273177 0.368519 0.033854 0.175926
