0 0.846354 0.656944 0.052083 0.219444
0 0.326302 0.619907 0.042188 0.221296
0 0.916146 0.519907 0.039583 0.195370
0 0.490104 0.986574 0.041667 0.221296
0 0.377865 0.242593 0.040104 0.103704
0 0.367969 0.325463 0.029687 0.112037
0 0.431510 0.208333 0.036979 0.157407
0 0.220052 0.232407 0.026562 0.151852
0 0.250521 0.243056 0.039583 0.178704
0 0.404687 0.143519 0.027083 0.148148
0 0.396094 0.110648 0.028646 0.152778
0 0.651563 0.081481 0.031250 0.109259
0 0.295573 0.188889 0.031771 0.155556
0 0.172396 0.051389 0.018750 0.137963
0 0.210417 0.178241 0.029167 0.160185
0 0.164063 0.195370 0.026042 0.155556
0 0.199219 0.159722 0.023438 0.162037
0 0.134896 0.206944 0.027083 0.147222
0 0.116667 0.181944 0.023958 0.169444
0 0.151823 0.162037 0.031771 0.157407
0 0.190625 0.146296 0.026042 0.150000
0 0.210156 0.966204 0.051562 0.249074
0 0.500260 0.343519 0.034896 0.192593
0 0.455208 0.348148 0.035417 0.183333
0 0.621875 0.678704 0.045833 0.237037
0 0.919531 0.741204 0.051562 0.221296
0 0.931771 0.696759 0.038542 0.234259
0 0.757552 -0.002778 0.029687 0.133333
0 0.717448 -0.003704 0.023438 0.137037
0 0.969531 0.289815 0.030729 0.174074
0 0.898958 0.243519 0.027083 0.161111
0 0.780990 0.248611 0.032813 0.147222
0 0.658854 0.224074 0.029167 0.155556
0 0.459635 -0.000463 0.030729 0.147222
0 0.407552 0.011111 0.026562 0.135185
0 0.277083 0.165278 0.028125 0.143519
0 0.214062 0.543519 0.031250 0.207407
0 0.174740 0.556019 0.046354 0.193519
0 0.241927 0.142593 0.032813 0.159259
0 0.260677 0.114815 0.030729 0.151852
0 0.214844 0.071296 0.030729 0.140741
0 0.239844 0.071759 0.024479 0.139815
0 0.218750 0.365741 0.038542 0.181481
0 0.171615 0.368519 0.031771 0.185185
0 0.274740 0.353241 0.033854 0.171296
