0 0.735417 0.495833 0.044792 0.250926
0 0.323698 0.494907 0.049479 0.202778
0 0.611458 0.443981 0.025000 0.110185
0 0.212760 0.485185 0.040104 0.170370
0 0.251823 0.490278 0.031771 0.163889
0 0.581250 0.450000 0.019792 0.100000
0 0.280208 0.487963 0.032292 0.166667
0 0.552083 0.440741 0.016667 0.077778
0 0.157292 0.439352 0.014583 0.063889
0 0.592187 0.441204 0.015625 0.091667
0 0.404948 0.440278 0.010937 0.060185
0 0.398698 0.441204 0.010937 0.052778
0 0.417708 0.446759 0.010417 0.065741
0 0.386458 0.440278 0.010417 0.052778
0 0.371875 0.437963 0.011458 0.057407
0 0.357812 0.443981 0.010417 0.050926
0 0.810677 0.460648 0.021354 0.099074
