0 0.734635 0.487500 0.045312 0.241667
0 0.336979 0.489815 0.047917 0.200000
0 0.621875 0.441667 0.025000 0.112963
0 0.228125 0.481944 0.040625 0.171296
0 0.266667 0.488426 0.032292 0.162037
0 0.478385 0.448148 0.021354 0.105556
0 0.593229 0.443981 0.019792 0.099074
0 0.292448 0.483796 0.032813 0.167593
0 0.563802 0.435185 0.015104 0.075926
0 0.174740 0.433796 0.015104 0.063889
0 0.601302 0.442593 0.016146 0.094444
0 0.415885 0.434722 0.010937 0.062037
0 0.425000 0.443981 0.010417 0.065741
0 0.399740 0.435648 0.011979 0.052778
0 0.386458 0.433333 0.011458 0.057407
0 0.367188 0.440278 0.010417 0.050926
0 0.821094 0.455093 0.021354 0.099074
