0 0.685156 0.552315 0.065104 0.393519
0 0.516927 0.477778 0.034896 0.155556
0 -0.017708 0.553241 0.094792 0.352778
0 0.422917 0.449537 0.021875 0.108333
0 0.067448 0.501852 0.042188 0.187037
0 0.088542 0.484722 0.038542 0.175000
0 0.396354 0.453704 0.020833 0.103704
0 0.032031 0.504167 0.033854 0.184259
0 0.383073 0.442130 0.019271 0.086111
0 0.447135 0.448148 0.021354 0.101852
0 0.205208 0.451389 0.010417 0.054630
0 0.190365 0.445370 0.010937 0.061111
0 0.170573 0.450463 0.009896 0.054630
0 0.182552 0.448611 0.010937 0.050926
0 0.339062 0.434722 0.013542 0.063889
0 0.653125 0.458333 0.020833 0.103704
