0 0.735677 0.489352 0.045312 0.245370
0 0.334635 0.491204 0.048438 0.200926
0 0.619792 0.441667 0.025000 0.112963
0 0.225000 0.482870 0.040625 0.171296
0 0.263542 0.488889 0.032292 0.162963
0 0.475781 0.448148 0.021354 0.105556
0 0.589583 0.443981 0.019792 0.099074
0 0.289844 0.484722 0.032813 0.167593
0 0.560937 0.436574 0.015625 0.076852
0 0.172135 0.432870 0.015104 0.063889
0 0.599219 0.442130 0.016146 0.093519
0 0.413281 0.436111 0.010937 0.061111
0 0.409115 0.435648 0.010937 0.052778
0 0.423177 0.444907 0.010937 0.065741
0 0.396354 0.436574 0.011458 0.052778
0 0.382813 0.434259 0.011458 0.057407
0 0.364583 0.441204 0.010417 0.050926
0 0.818490 0.456944 0.021354 0.099074
