0 0.681771 0.551389 0.068750 0.387963
0 0.520312 0.478241 0.035417 0.158333
0 -0.007813 0.553241 0.094792 0.352778
0 0.425781 0.450000 0.022396 0.109259
0 0.071615 0.500926 0.042188 0.187037
0 0.092969 0.485185 0.038021 0.174074
0 0.399479 0.452778 0.020833 0.103704
0 0.037500 0.503704 0.034375 0.185185
0 0.384896 0.442130 0.018750 0.086111
0 0.449219 0.448611 0.021354 0.100926
0 0.218750 0.444907 0.012500 0.067593
0 0.208333 0.450926 0.010417 0.057407
0 0.192969 0.444444 0.010937 0.061111
0 0.173177 0.448611 0.009896 0.054630
0 0.185156 0.447685 0.010937 0.050926
0 0.341667 0.435648 0.013542 0.063889
