0 0.669010 0.531019 0.050521 0.304630
0 0.606250 0.498148 0.038542 0.162963
0 0.164063 0.533796 0.061458 0.258333
0 0.493750 0.468519 0.023958 0.112963
0 0.066667 0.509722 0.044792 0.186111
0 0.112500 0.515278 0.033333 0.169444
0 0.468750 0.471296 0.020833 0.100000
0 0.445313 0.464352 0.015625 0.080556
0 0.289844 0.456481 0.011979 0.064815
0 0.279948 0.462963 0.010937 0.057407
0 0.298438 0.466667 0.011458 0.068519
0 0.269792 0.457870 0.011458 0.058333
0 0.254948 0.458333 0.010937 0.059259
0 0.242188 0.458796 0.010417 0.050926
0 0.704427 0.481944 0.021354 0.099074
