0 0.737500 0.492593 0.045833 0.251852
0 0.329688 0.493519 0.048958 0.201852
0 0.615625 0.441667 0.025000 0.112963
0 0.218229 0.484259 0.040625 0.172222
0 0.256771 0.489815 0.032292 0.164815
0 0.470833 0.448611 0.021875 0.106481
0 0.583854 0.448148 0.019792 0.100000
0 0.284375 0.486111 0.033333 0.168519
0 0.555208 0.439352 0.016667 0.076852
0 0.162240 0.437500 0.015104 0.063889
0 0.594271 0.441204 0.015625 0.091667
0 0.407552 0.438889 0.010937 0.061111
0 0.401823 0.439352 0.010937 0.052778
0 0.419271 0.445833 0.010417 0.065741
0 0.389844 0.439352 0.010937 0.052778
0 0.375521 0.437037 0.011458 0.057407
0 0.359896 0.443056 0.010417 0.050926
0 0.813281 0.458796 0.021354 0.099074
