0 0.671875 0.540278 0.057292 0.365741
0 0.536719 0.482407 0.038021 0.162963
0 0.038281 0.557870 0.093229 0.326852
0 0.441146 0.453704 0.023958 0.112963
0 0.097135 0.503704 0.038021 0.187037
0 0.114583 0.486574 0.037500 0.167593
0 0.413542 0.453704 0.020833 0.103704
0 0.398438 0.445833 0.017708 0.084259
0 0.459375 0.452315 0.019792 0.097222
0 0.232813 0.446759 0.012500 0.067593
0 0.223958 0.453241 0.010417 0.060185
0 0.244531 0.455093 0.013021 0.073148
0 0.205469 0.445370 0.010937 0.061111
0 0.186719 0.445833 0.009896 0.054630
0 0.198698 0.448611 0.010937 0.050926
0 0.354687 0.441204 0.013542 0.063889
