0 0.731510 0.503241 0.042188 0.247222
0 0.311979 0.498148 0.050000 0.203704
0 0.603125 0.449537 0.025000 0.106481
0 0.202344 0.488889 0.039063 0.166667
0 0.242448 0.493056 0.031771 0.162037
0 0.456771 0.453241 0.021875 0.106481
0 0.576042 0.453704 0.019792 0.100000
0 0.272135 0.492593 0.029687 0.161111
0 0.546354 0.443056 0.017708 0.078704
0 0.147396 0.443981 0.014583 0.063889
0 0.399479 0.443056 0.011458 0.060185
0 0.391406 0.444907 0.010937 0.052778
0 0.407552 0.449537 0.010937 0.065741
0 0.379948 0.442593 0.009896 0.053704
0 0.364583 0.440741 0.011458 0.057407
0 0.353125 0.445833 0.010417 0.050926
0 0.805469 0.462500 0.021354 0.099074
