0 0.674740 0.540741 0.060937 0.366667
0 0.533594 0.481481 0.038021 0.162963
0 0.029167 0.556481 0.093750 0.335185
0 0.438021 0.452778 0.023958 0.112963
0 0.091927 0.502778 0.039063 0.187037
0 0.110417 0.486111 0.037500 0.168519
0 0.410938 0.452778 0.020833 0.103704
0 0.394531 0.443519 0.018229 0.085185
0 0.457552 0.451852 0.020313 0.098148
0 0.229687 0.443056 0.012500 0.067593
0 0.213542 0.443981 0.010417 0.060185
0 0.240885 0.453241 0.014063 0.073148
0 0.202344 0.443519 0.010937 0.061111
0 0.183594 0.444907 0.009896 0.054630
0 0.195573 0.446759 0.010937 0.050926
0 0.352083 0.440278 0.013542 0.063889
