0 0.667188 0.533333 0.059375 0.292593
0 0.586198 0.493056 0.034896 0.154630
0 0.136719 0.539815 0.066146 0.270370
0 0.474740 0.461574 0.023438 0.106481
0 0.042188 0.513889 0.045833 0.188889
0 0.085156 0.513889 0.035937 0.166667
0 0.451562 0.468981 0.017708 0.100926
0 0.432292 0.454167 0.018750 0.082407
0 0.487760 0.456944 0.019271 0.095370
0 0.274479 0.457870 0.012500 0.067593
0 0.264323 0.458796 0.010937 0.052778
0 0.280990 0.465278 0.011979 0.069444
0 0.256250 0.456944 0.011458 0.058333
0 0.240885 0.454630 0.010937 0.061111
0 0.227083 0.460648 0.010417 0.050926
0 0.390625 0.453241 0.013542 0.063889
0 0.692969 0.469907 0.021354 0.099074
