0 0.665885 0.535648 0.059896 0.315741
0 0.576562 0.487963 0.037500 0.161111
0 0.113542 0.544444 0.076042 0.279630
0 0.468229 0.458796 0.023958 0.112037
0 0.027865 0.514352 0.045312 0.189815
0 0.146094 0.504630 0.034896 0.181481
0 0.071875 0.512037 0.034375 0.170370
0 0.442448 0.465741 0.020313 0.100000
0 0.424479 0.451389 0.015625 0.080556
0 0.480990 0.456019 0.019271 0.095370
0 0.265104 0.457870 0.012500 0.067593
0 0.254688 0.456019 0.010417 0.058333
0 0.271875 0.463426 0.012500 0.071296
0 0.246875 0.453241 0.011458 0.058333
0 0.233073 0.453704 0.010937 0.061111
0 0.217969 0.456481 0.009896 0.051852
0 0.382292 0.450463 0.013542 0.063889
