0 0.674479 0.525926 0.048958 0.296296
0 0.621354 0.494444 0.038542 0.162963
0 0.191146 0.527778 0.059375 0.248148
0 0.508854 0.467593 0.023958 0.112963
0 0.088021 0.510185 0.044792 0.183333
0 0.132813 0.507870 0.033333 0.165741
0 0.482292 0.468519 0.020833 0.100000
0 0.167187 0.504630 0.034375 0.175926
0 0.459635 0.457407 0.014063 0.079630
0 0.018490 0.458333 0.018229 0.074074
0 0.306250 0.455093 0.011458 0.062037
0 0.297656 0.460185 0.010937 0.055556
0 0.314063 0.462500 0.011458 0.069444
0 0.285938 0.454167 0.011458 0.058333
0 0.271094 0.453241 0.010937 0.058333
0 0.258594 0.454167 0.013021 0.056481
0 0.721094 0.476389 0.021354 0.099074
