0 0.671354 0.537500 0.054167 0.343519
0 0.553906 0.487037 0.034896 0.157407
0 0.067969 0.556481 0.080729 0.301852
0 0.453125 0.457870 0.021875 0.108333
0 -0.004427 0.512500 0.045312 0.195370
0 0.117708 0.506944 0.035417 0.182407
0 0.131510 0.487500 0.036979 0.162037
0 0.426042 0.461111 0.018750 0.101852
0 0.408854 0.450463 0.018750 0.084259
0 0.467969 0.455093 0.019271 0.095370
0 0.442969 0.457407 0.015104 0.100000
0 0.246354 0.457870 0.012500 0.067593
0 0.236198 0.459259 0.010937 0.053704
0 0.254427 0.460648 0.013021 0.073148
0 0.229167 0.456019 0.011458 0.058333
0 0.217448 0.453704 0.010937 0.061111
0 0.200260 0.453241 0.009896 0.054630
0 0.213281 0.456019 0.010937 0.050926
0 0.365625 0.446759 0.013542 0.063889
