0 0.675000 0.525926 0.047917 0.270370
0 0.635417 0.493519 0.036458 0.155556
0 0.211719 0.516204 0.065104 0.234259
0 0.521094 0.460648 0.021354 0.108333
0 0.102083 0.506481 0.043750 0.181481
0 0.147917 0.503241 0.032292 0.163889
0 0.493750 0.465741 0.020833 0.100000
0 0.179427 0.499074 0.030729 0.174074
0 0.471094 0.451389 0.018229 0.080556
0 0.034635 0.451852 0.016146 0.074074
0 0.504687 0.456481 0.015625 0.094444
0 0.319792 0.453241 0.011458 0.060185
0 0.311719 0.456019 0.010937 0.052778
0 0.326302 0.457870 0.011979 0.069444
0 0.298958 0.450463 0.011458 0.058333
0 0.284375 0.447222 0.011458 0.057407
0 0.270313 0.450463 0.010417 0.052778
0 0.732031 0.472685 0.021354 0.099074
