0 0.727865 0.479630 0.042188 0.227778
0 0.766146 0.475000 0.038542 0.162963
0 0.351823 0.483796 0.044271 0.195370
0 0.630729 0.438889 0.025000 0.112963
0 0.244792 0.480093 0.038542 0.167593
0 0.367708 0.477778 0.034375 0.172222
0 0.283333 0.486111 0.032292 0.159259
0 0.492969 0.443981 0.021354 0.104630
0 0.600521 0.444444 0.019792 0.098148
0 0.304427 0.482407 0.030729 0.166667
0 0.574479 0.429630 0.016667 0.075926
0 0.188542 0.434722 0.014583 0.063889
0 0.329688 0.462500 0.027083 0.126852
0 0.609375 0.439352 0.016667 0.093519
0 0.427083 0.430556 0.010417 0.062963
0 0.416927 0.433796 0.010937 0.052778
0 0.434635 0.439352 0.010937 0.065741
0 0.407812 0.435185 0.010417 0.053704
0 0.390625 0.432407 0.011458 0.057407
0 0.826302 0.449537 0.021354 0.099074
