0 1.018750 0.689815 0.139583 0.761111
0 0.456510 0.451852 0.036979 0.159259
0 0.386458 0.426852 0.023958 0.116667
0 0.293229 0.417593 0.017708 0.090741
0 0.222656 0.426389 0.023438 0.123148
0 0.364063 0.421296 0.021875 0.107407
0 0.397396 0.419907 0.016667 0.102778
0 0.177865 0.415278 0.018229 0.084259
0 0.166146 0.423611 0.014583 0.071296
0 0.196354 0.427315 0.017708 0.087963
0 0.153906 0.411574 0.009896 0.054630
0 0.321354 0.406019 0.013542 0.063889
0 0.262760 0.416204 0.019271 0.045370
0 0.275521 0.416667 0.015625 0.044444
0 0.653646 0.436574 0.021875 0.113889
