0 0.665625 0.536574 0.054167 0.297222
0 0.593750 0.496296 0.036458 0.159259
0 0.145833 0.537500 0.064583 0.265741
0 0.481771 0.465278 0.023958 0.110185
0 0.050781 0.511574 0.045312 0.187963
0 0.095573 0.515741 0.034896 0.168519
0 0.458073 0.470370 0.019271 0.100000
0 0.437240 0.457870 0.017188 0.082407
0 0.280469 0.457407 0.011979 0.066667
0 0.270573 0.460648 0.010937 0.054630
0 0.287760 0.465741 0.011979 0.068519
0 0.261458 0.456944 0.011458 0.058333
0 0.246615 0.456019 0.010937 0.060185
0 0.232813 0.461574 0.010417 0.050926
0 0.697656 0.474537 0.021354 0.099074
