0 0.667188 0.533333 0.051042 0.307407
0 0.601563 0.500000 0.038542 0.162963
0 0.155208 0.536111 0.062500 0.261111
0 0.489063 0.469444 0.023958 0.112963
0 0.059896 0.510185 0.044792 0.187037
0 0.180729 0.501852 0.034375 0.181481
0 0.106250 0.517593 0.033333 0.170370
0 0.464583 0.472222 0.020833 0.100000
0 0.442448 0.462037 0.016146 0.081481
0 0.286719 0.456944 0.011979 0.065741
0 0.276823 0.462500 0.010937 0.056481
0 0.294792 0.466667 0.011458 0.068519
0 0.267188 0.457870 0.011458 0.058333
0 0.252344 0.457407 0.010937 0.059259
0 0.239062 0.459722 0.010417 0.050926
0 0.701823 0.479167 0.021354 0.099074
