0 0.731771 0.485648 0.042708 0.232407
0 0.755469 0.478704 0.036979 0.162963
0 0.341667 0.488426 0.046875 0.193519
0 0.623958 0.441667 0.025000 0.109259
0 0.233594 0.482870 0.040104 0.167593
0 0.273438 0.487500 0.030208 0.160185
0 0.483073 0.447222 0.021354 0.105556
0 0.597917 0.445370 0.019792 0.098148
0 0.297656 0.482870 0.029687 0.165741
0 0.568490 0.433333 0.016146 0.075926
0 0.180208 0.436574 0.014583 0.063889
0 0.421354 0.431944 0.010417 0.062037
0 0.413802 0.433796 0.010937 0.052778
0 0.428906 0.443056 0.010937 0.065741
0 0.404948 0.434259 0.009896 0.053704
0 0.388542 0.434259 0.011458 0.057407
0 0.371875 0.438426 0.010417 0.050926
0 0.826302 0.453241 0.021354 0.099074
