0 0.733594 0.565278 0.103646 0.458333
0 0.501042 0.474074 0.037500 0.162963
0 0.412240 0.445833 0.023438 0.112037
0 0.046875 0.498611 0.045833 0.191667
0 0.282813 0.442593 0.018750 0.083333
0 0.067448 0.479167 0.039063 0.180556
0 0.272917 0.452315 0.025000 0.119444
0 0.386979 0.448611 0.020833 0.104630
0 0.004948 0.502778 0.035937 0.188889
0 0.376042 0.435648 0.017708 0.084259
0 0.444531 0.439352 0.021354 0.106481
0 0.164844 0.441204 0.009896 0.054630
0 0.332292 0.430556 0.013542 0.062963
0 0.648958 0.450463 0.020833 0.106481
