0 0.742188 0.565741 0.107292 0.461111
0 0.498958 0.474074 0.037500 0.162963
0 0.410938 0.444444 0.023958 0.114815
0 0.045052 0.497685 0.046354 0.193519
0 0.282552 0.442130 0.018229 0.082407
0 0.065365 0.478704 0.039063 0.181481
0 0.270833 0.450463 0.025000 0.119444
0 0.386458 0.447222 0.020833 0.105556
0 0.001563 0.500463 0.035417 0.189815
0 0.375521 0.434259 0.017708 0.085185
0 0.444531 0.438426 0.021354 0.106481
0 0.164323 0.440278 0.009896 0.054630
0 0.331771 0.429630 0.013542 0.062963
0 0.649479 0.449537 0.020833 0.106481
