0 0.672135 0.537963 0.057812 0.361111
0 0.540104 0.483333 0.038542 0.162963
0 0.045573 0.557407 0.090104 0.320370
0 0.444271 0.454630 0.023958 0.112963
0 0.102604 0.504630 0.036458 0.187037
0 0.119010 0.486574 0.036979 0.165741
0 0.416667 0.455556 0.020833 0.103704
0 0.402344 0.448148 0.017188 0.083333
0 0.461458 0.453241 0.019792 0.097222
0 0.435156 0.455093 0.015104 0.100926
0 0.236458 0.450463 0.012500 0.067593
0 0.227083 0.455556 0.010417 0.057407
0 0.246615 0.456944 0.013021 0.073148
0 0.208594 0.448148 0.010937 0.061111
0 0.189844 0.447685 0.009896 0.054630
0 0.202344 0.450463 0.010937 0.050926
0 0.357292 0.443056 0.013542 0.063889
