0 0.962240 0.653241 0.140104 0.765741
0 0.461458 0.457407 0.037500 0.161111
0 0.388021 0.434259 0.025000 0.116667
0 0.287240 0.426389 0.018229 0.089815
0 0.225000 0.434259 0.032292 0.124074
0 0.365625 0.425926 0.021875 0.107407
0 0.440625 0.430093 0.020833 0.113889
0 0.177344 0.423611 0.018229 0.084259
0 0.166146 0.429630 0.014583 0.074074
0 0.154948 0.421759 0.009896 0.054630
0 0.318750 0.414352 0.013542 0.063889
0 0.260677 0.422685 0.019271 0.045370
0 0.273698 0.422685 0.016146 0.043519
0 0.648958 0.443981 0.021875 0.113889
