0 0.720573 0.508333 0.044271 0.259259
0 0.295052 0.504167 0.054688 0.212037
0 0.587240 0.454630 0.024479 0.107407
0 0.180990 0.495833 0.040104 0.171296
0 0.225260 0.498148 0.031771 0.162963
0 0.439323 0.458796 0.022396 0.106481
0 0.563021 0.456481 0.019792 0.100000
0 0.250000 0.496296 0.031250 0.164815
0 0.535937 0.445370 0.013542 0.077778
0 0.129427 0.450463 0.015104 0.065741
0 0.381250 0.445833 0.011458 0.060185
0 0.373177 0.447685 0.010937 0.052778
0 0.387240 0.452315 0.010937 0.065741
0 0.362240 0.446759 0.009896 0.054630
0 0.346875 0.446296 0.011458 0.057407
0 0.339323 0.446759 0.010937 0.050926
0 0.791927 0.466204 0.021354 0.099074
