0 0.725000 0.507407 0.042708 0.251852
0 0.299740 0.501852 0.055729 0.207407
0 0.593229 0.453704 0.025000 0.105556
0 0.189062 0.493056 0.039583 0.167593
0 0.231510 0.495833 0.031771 0.162037
0 0.445052 0.456944 0.022396 0.106481
0 0.568229 0.456481 0.019792 0.100000
0 0.259115 0.495833 0.029687 0.162037
0 0.539583 0.444907 0.015625 0.078704
0 0.135937 0.448148 0.014583 0.064815
0 0.389062 0.444907 0.011458 0.060185
0 0.380469 0.447685 0.010937 0.052778
0 0.395052 0.451389 0.010937 0.065741
0 0.369531 0.445370 0.009896 0.053704
0 0.354167 0.444444 0.011458 0.057407
0 0.343750 0.445833 0.010417 0.050926
0 0.797656 0.465278 0.021354 0.099074
