0 0.666667 0.532870 0.059375 0.304630
0 0.582812 0.491204 0.035417 0.156481
0 0.128906 0.541204 0.069271 0.273148
0 0.472396 0.460648 0.023958 0.108333
0 0.037240 0.513889 0.045312 0.188889
0 0.080729 0.512963 0.035417 0.168519
0 0.448437 0.467593 0.018750 0.100000
0 0.429948 0.452778 0.017188 0.081481
0 0.485156 0.456019 0.019271 0.095370
0 0.271354 0.457870 0.012500 0.067593
0 0.260937 0.457870 0.010417 0.054630
0 0.277865 0.464352 0.011979 0.069444
0 0.253125 0.455093 0.011458 0.058333
0 0.238281 0.453704 0.010937 0.061111
0 0.223958 0.459259 0.010417 0.051852
0 0.388021 0.452315 0.013542 0.063889
