0 0.725260 0.564815 0.099479 0.455556
0 0.503125 0.474074 0.037500 0.162963
0 0.413802 0.447222 0.022396 0.109259
0 0.048958 0.499537 0.044792 0.189815
0 0.070052 0.480093 0.039063 0.180556
0 0.274740 0.454167 0.025521 0.119444
0 0.387500 0.450463 0.020833 0.104630
0 0.008594 0.505093 0.036979 0.187963
0 0.377083 0.437037 0.017708 0.083333
0 0.444531 0.440741 0.021354 0.105556
0 0.165365 0.442130 0.009896 0.054630
0 0.176823 0.443056 0.010937 0.050926
0 0.332813 0.431481 0.013542 0.062963
0 0.648958 0.451389 0.020833 0.106481
