0 1.008333 0.673611 0.141667 0.773148
0 0.458333 0.454630 0.037500 0.161111
0 0.386458 0.430556 0.025000 0.116667
0 0.291667 0.419907 0.017708 0.089815
0 0.221875 0.429167 0.028125 0.123148
0 0.364063 0.422222 0.021875 0.107407
0 0.443229 0.424537 0.020833 0.113889
0 0.396875 0.422222 0.016667 0.103704
0 0.177865 0.417130 0.018229 0.084259
0 0.166146 0.425000 0.014583 0.072222
0 0.197396 0.429167 0.017708 0.087963
0 0.153906 0.413426 0.009896 0.054630
0 0.320833 0.407870 0.013542 0.063889
0 0.262240 0.418056 0.019271 0.045370
0 0.275000 0.417593 0.015625 0.044444
0 0.652604 0.438426 0.021875 0.113889
