0 0.728906 0.476389 0.041146 0.223148
0 0.772396 0.473148 0.038542 0.162963
0 0.356771 0.481481 0.043750 0.194444
0 0.633854 0.437037 0.025000 0.112963
0 0.250000 0.480093 0.038542 0.165741
0 0.375521 0.476389 0.034375 0.171296
0 0.288542 0.484722 0.032292 0.158333
0 0.497917 0.441667 0.020833 0.103704
0 0.604688 0.443056 0.019792 0.097222
0 0.309375 0.480556 0.030208 0.166667
0 0.577604 0.427315 0.015625 0.075000
0 0.192188 0.431944 0.014583 0.063889
0 0.333854 0.461574 0.027083 0.126852
0 0.614583 0.435185 0.016667 0.092593
0 0.428646 0.430556 0.010417 0.062963
0 0.421094 0.431019 0.010937 0.052778
0 0.437240 0.436574 0.010937 0.065741
0 0.410417 0.433333 0.010417 0.053704
0 0.395313 0.431481 0.011458 0.057407
0 0.826823 0.448611 0.021354 0.099074
