0 0.680208 0.521759 0.047917 0.276852
0 0.643229 0.489815 0.037500 0.159259
0 0.220312 0.518981 0.060417 0.234259
0 0.528385 0.461111 0.022396 0.111111
0 0.109115 0.506019 0.043229 0.178704
0 0.157812 0.506019 0.032292 0.165741
0 0.501042 0.463889 0.020833 0.100000
0 0.187760 0.499074 0.032813 0.174074
0 0.475000 0.451389 0.017708 0.080556
0 0.045573 0.447685 0.016146 0.073148
0 0.513021 0.455093 0.015625 0.093519
0 0.327083 0.452315 0.011458 0.060185
0 0.320052 0.453241 0.010937 0.052778
0 0.333594 0.456944 0.011979 0.069444
0 0.305469 0.447685 0.010937 0.058333
0 0.290104 0.447685 0.011458 0.056481
0 0.277083 0.446759 0.010417 0.050926
0 0.737760 0.470833 0.021354 0.099074
