0 0.698438 0.513889 0.047917 0.277778
0 0.669792 0.487037 0.038542 0.162963
0 0.255729 0.513889 0.055208 0.227778
0 0.552083 0.460185 0.023958 0.112963
0 0.141406 0.504167 0.042188 0.178704
0 0.190625 0.506019 0.032292 0.165741
0 0.522656 0.460185 0.020313 0.100000
0 0.214062 0.499074 0.034375 0.172222
0 0.497135 0.451389 0.016146 0.078704
0 0.082031 0.453241 0.015104 0.069444
0 0.538542 0.452778 0.015625 0.092593
0 0.350521 0.449537 0.011458 0.060185
0 0.342969 0.449537 0.010937 0.052778
0 0.356771 0.455093 0.011458 0.067593
0 0.329948 0.450463 0.010937 0.056481
0 0.315104 0.447685 0.011458 0.056481
0 0.302083 0.446759 0.010417 0.050926
0 0.760677 0.468981 0.021354 0.099074
