0 0.708333 0.563889 0.091667 0.450000
0 0.507292 0.474074 0.037500 0.162963
0 0.415104 0.445370 0.023958 0.112963
0 0.050521 0.505093 0.043750 0.189815
0 0.074740 0.481481 0.039063 0.179630
0 0.278385 0.457407 0.025521 0.118519
0 0.388542 0.453704 0.020833 0.103704
0 0.016146 0.509722 0.038542 0.186111
0 0.378385 0.439352 0.017188 0.082407
0 0.444792 0.443056 0.021875 0.104630
0 0.185156 0.443519 0.010937 0.061111
0 0.166927 0.444907 0.009896 0.054630
0 0.178385 0.444907 0.010937 0.050926
0 0.334375 0.433333 0.013542 0.062963
0 0.648958 0.453704 0.020833 0.105556
