0 0.499479 0.428241 0.030208 0.149074
0 0.435677 0.404167 0.025521 0.117593
0 0.373177 0.401389 0.019271 0.104630
0 0.978385 0.572685 0.088021 0.523148
0 0.033854 0.448611 0.051042 0.219444
0 0.252344 0.413426 0.032813 0.130556
0 0.126823 0.426852 0.029687 0.133333
0 0.528385 0.402778 0.025521 0.137037
0 0.473698 0.394907 0.016146 0.102778
0 0.237240 0.403704 0.017188 0.092593
0 0.227344 0.405093 0.013021 0.076852
0 0.388021 0.388426 0.013542 0.063889
0 0.072135 0.413889 0.017188 0.094444
0 0.339583 0.396296 0.018750 0.048148
0 0.742708 0.413889 0.026042 0.127778
