0 0.533594 0.400000 0.034896 0.153704
0 0.469531 0.378704 0.024479 0.122222
0 0.432292 0.382407 0.020833 0.120370
0 0.940625 0.583796 0.125000 0.578704
0 0.032552 0.434259 0.059896 0.235185
0 0.332031 0.388889 0.036979 0.144444
0 0.489583 0.369907 0.017708 0.097222
0 0.180990 0.397685 0.025521 0.121296
0 0.597135 0.384259 0.031771 0.166667
0 0.280729 0.379167 0.019792 0.100926
0 0.267969 0.382407 0.014063 0.083333
0 0.310156 0.384259 0.017188 0.100000
0 0.289583 0.367593 0.015625 0.055556
0 0.440625 0.360185 0.013542 0.062963
0 0.098698 0.372685 0.010937 0.062037
0 0.120313 0.387963 0.018750 0.096296
0 0.392708 0.370370 0.017708 0.048148
0 0.400521 0.371296 0.015625 0.044444
0 0.829688 0.391667 0.031250 0.140741
