0 0.488021 0.402778 0.036458 0.157407
0 0.438542 0.378704 0.027083 0.124074
0 0.392708 0.380556 0.021875 0.124074
0 0.882813 0.566667 0.103125 0.577778
0 0.988542 0.547222 0.090625 0.592593
0 0.300000 0.387963 0.038542 0.148148
0 0.139844 0.401389 0.025521 0.121296
0 0.567708 0.384259 0.034375 0.177778
0 0.456510 0.368981 0.017188 0.089815
0 0.237240 0.383333 0.020313 0.109259
0 0.221615 0.384259 0.014063 0.088889
0 0.272135 0.389352 0.017188 0.100926
0 0.250260 0.366667 0.013021 0.057407
0 0.402344 0.362500 0.014063 0.063889
0 0.041927 0.373611 0.014063 0.063889
0 0.078646 0.391204 0.020833 0.099074
0 0.353906 0.371296 0.019271 0.048148
0 0.373958 0.372222 0.015625 0.044444
0 0.800521 0.392130 0.029167 0.147222
