0 0.536979 0.398611 0.034375 0.150926
0 0.472396 0.379167 0.022917 0.121296
0 0.433854 0.380556 0.020833 0.120370
0 0.946094 0.581481 0.124479 0.579630
0 0.038281 0.433333 0.059896 0.235185
0 0.335938 0.388426 0.035417 0.141667
0 0.490625 0.369907 0.017708 0.097222
0 0.183594 0.396759 0.025521 0.121296
0 0.597917 0.384722 0.031250 0.165741
0 0.284375 0.379630 0.019792 0.100000
0 0.272135 0.382870 0.014063 0.082407
0 0.311719 0.384259 0.017188 0.100000
0 0.443750 0.360185 0.013542 0.062963
0 0.102344 0.372685 0.010937 0.062037
0 0.124740 0.387500 0.018229 0.095370
0 0.394531 0.370370 0.018229 0.048148
0 0.403125 0.370370 0.015625 0.044444
0 0.832031 0.391204 0.031771 0.141667
