0 0.520052 0.409259 0.034896 0.150000
0 0.459375 0.386574 0.023958 0.117593
0 0.405469 0.386111 0.020313 0.109259
0 0.992969 0.570833 0.121354 0.536111
0 0.050521 0.431019 0.055208 0.223148
0 0.287760 0.391204 0.025521 0.128704
0 0.159375 0.402315 0.029167 0.123148
0 0.558333 0.388889 0.029167 0.146296
0 0.501302 0.380093 0.016146 0.102778
0 0.265104 0.386574 0.016667 0.099074
0 0.253385 0.386574 0.014063 0.078704
0 0.416667 0.368981 0.013542 0.063889
0 0.079427 0.376389 0.010937 0.062037
0 0.105469 0.394444 0.017188 0.094444
0 0.364063 0.376852 0.018750 0.048148
0 0.378125 0.382407 0.015625 0.044444
0 0.781250 0.406019 0.027083 0.128704
