0 0.447656 0.445370 0.036979 0.159259
0 0.381771 0.416667 0.025000 0.118519
0 0.293750 0.412963 0.017708 0.092593
0 0.942187 0.598611 0.126042 0.495370
0 0.204687 0.421296 0.026042 0.127778
0 0.359896 0.422222 0.021875 0.107407
0 0.396615 0.413426 0.016146 0.102778
0 0.171354 0.410648 0.017708 0.086111
0 0.161198 0.418056 0.014063 0.069444
0 0.148958 0.409259 0.014583 0.055556
0 0.317708 0.399537 0.013542 0.063889
0 0.260677 0.406944 0.019271 0.045370
0 0.272917 0.410185 0.015625 0.044444
0 0.655990 0.427778 0.022396 0.114815
