0 0.472135 0.394907 0.034896 0.152778
0 0.417187 0.377315 0.027083 0.128704
0 0.383594 0.369907 0.024479 0.125000
0 0.777604 0.593056 0.105208 0.608333
0 0.914063 0.588889 0.141667 0.627778
0 0.283073 0.372222 0.030729 0.155556
0 0.442708 0.363889 0.023958 0.112963
0 0.133073 0.374537 0.029687 0.119444
0 0.583594 0.398611 0.038021 0.213889
0 0.494792 0.368981 0.017708 0.106481
0 0.213542 0.362963 0.020833 0.112963
0 0.203385 0.372685 0.016146 0.087963
0 0.251042 0.354167 0.015625 0.060185
0 0.403646 0.352315 0.013542 0.063889
0 0.026302 0.343981 0.013021 0.065741
0 0.046875 0.367130 0.020833 0.099074
0 0.355729 0.364815 0.018750 0.050000
0 0.365104 0.361111 0.015625 0.044444
0 0.065104 0.356019 0.014583 0.063889
