0 0.441146 0.440741 0.036458 0.159259
0 0.381250 0.411111 0.025000 0.118519
0 0.295833 0.412500 0.018750 0.095370
0 0.943229 0.595833 0.111458 0.500926
0 0.197917 0.420370 0.030208 0.127778
0 0.361979 0.422222 0.021875 0.107407
0 0.039063 0.437500 0.030208 0.134259
0 0.396615 0.414352 0.016146 0.102778
0 0.170313 0.412037 0.017708 0.087037
0 0.157292 0.418056 0.013542 0.069444
0 0.146875 0.402778 0.012500 0.057407
0 0.313802 0.398611 0.013021 0.063889
0 0.258594 0.405556 0.019271 0.046296
0 0.277604 0.412963 0.015625 0.044444
0 0.658594 0.427315 0.022396 0.115741
