0 0.493750 0.428704 0.033333 0.153704
0 0.433073 0.406944 0.025521 0.119444
0 0.368490 0.402778 0.019271 0.103704
0 0.976823 0.573148 0.086979 0.522222
0 0.029948 0.450000 0.051562 0.218519
0 0.248698 0.418981 0.029687 0.130556
0 0.421615 0.405556 0.021354 0.107407
0 0.121094 0.427315 0.029687 0.134259
0 0.522917 0.403704 0.026042 0.137037
0 0.469010 0.396759 0.016146 0.102778
0 0.233594 0.406481 0.017188 0.092593
0 0.221615 0.405093 0.013021 0.076852
0 0.382813 0.389352 0.013542 0.063889
0 0.068490 0.416667 0.017188 0.094444
0 0.334375 0.398148 0.018750 0.048148
0 0.341667 0.397222 0.015625 0.044444
0 0.737760 0.414815 0.025521 0.127778
