0 0.471354 0.384259 0.036458 0.157407
0 0.415625 0.372222 0.027083 0.127778
0 0.380208 0.362963 0.022917 0.124074
0 0.822396 0.577778 0.106250 0.596296
0 0.939063 0.559259 0.121875 0.611111
0 0.284115 0.368056 0.040104 0.152778
0 0.439323 0.354630 0.022396 0.111111
0 0.127865 0.376389 0.025521 0.121296
0 0.563542 0.373611 0.036458 0.197222
0 0.217188 0.363889 0.020833 0.111111
0 0.203906 0.367130 0.016146 0.087963
0 0.492188 0.347685 0.020833 0.086111
0 0.256510 0.364352 0.017188 0.100926
0 0.242448 0.344444 0.011979 0.057407
0 0.397135 0.343981 0.013021 0.063889
0 0.024479 0.351852 0.011458 0.066667
0 0.049479 0.372685 0.020833 0.099074
0 0.348438 0.352778 0.018750 0.050000
0 0.360417 0.356481 0.015625 0.044444
