0 0.526563 0.411111 0.036458 0.159259
0 0.469271 0.391667 0.026042 0.120370
0 0.417448 0.383796 0.020313 0.112037
0 1.007813 0.572222 0.093750 0.550000
0 0.053125 0.438426 0.054167 0.226852
0 0.304167 0.400463 0.035417 0.136111
0 -0.000521 0.459259 0.035417 0.187037
0 0.171875 0.405556 0.028125 0.122222
0 0.573698 0.387963 0.030729 0.151852
0 0.275781 0.387500 0.016146 0.097222
0 0.264062 0.387037 0.014583 0.079630
0 0.427865 0.369907 0.013021 0.063889
0 0.090885 0.378241 0.010937 0.062037
0 0.118490 0.397222 0.017188 0.094444
0 0.376302 0.376852 0.017188 0.044444
0 0.390104 0.382407 0.015625 0.044444
0 0.799219 0.402778 0.027604 0.127778
