0 0.526563 0.402778 0.036458 0.157407
0 0.463542 0.378704 0.027083 0.124074
0 0.424479 0.380093 0.021875 0.117593
0 0.934896 0.563889 0.113542 0.564815
0 0.020833 0.436111 0.060417 0.237037
0 0.327083 0.389352 0.038542 0.145370
0 0.480729 0.368056 0.017708 0.097222
0 0.176302 0.399537 0.025521 0.121296
0 0.590104 0.384259 0.032292 0.168519
0 0.487760 0.369907 0.017188 0.089815
0 0.273438 0.379167 0.019792 0.102778
0 0.260417 0.382407 0.014583 0.085185
0 0.286458 0.369907 0.015625 0.054630
0 0.434375 0.360185 0.013542 0.062963
0 0.092448 0.372685 0.010937 0.062037
0 0.111198 0.388426 0.019271 0.097222
0 0.386458 0.370370 0.017708 0.048148
0 0.395313 0.371296 0.015625 0.044444
0 0.825000 0.392593 0.030208 0.138889
