0 0.528125 0.410185 0.036458 0.159259
0 0.471354 0.390278 0.026042 0.121296
0 0.419792 0.381944 0.019792 0.112037
0 1.001823 0.571296 0.095312 0.548148
0 0.053385 0.441204 0.054688 0.226852
0 0.307812 0.399537 0.034375 0.134259
0 0.002604 0.459722 0.035417 0.186111
0 0.174219 0.407407 0.027604 0.122222
0 0.576562 0.387963 0.031250 0.151852
0 0.277865 0.387500 0.016146 0.097222
0 0.266146 0.387500 0.014583 0.080556
0 0.429948 0.369907 0.013021 0.063889
0 0.094010 0.380093 0.010937 0.062037
0 0.121094 0.398148 0.017188 0.094444
0 0.378906 0.378241 0.017188 0.045370
0 0.392188 0.382407 0.015625 0.044444
0 0.802865 0.402778 0.027604 0.127778
