0 0.544792 0.400463 0.035417 0.156481
0 0.479167 0.380093 0.025000 0.123148
0 0.438542 0.375000 0.020833 0.118519
0 0.968229 0.573148 0.113542 0.568519
0 0.057292 0.430556 0.059375 0.233333
0 0.340625 0.388426 0.030208 0.139815
0 0.010937 0.443519 0.036458 0.187037
0 0.493229 0.371759 0.016667 0.097222
0 0.192969 0.393981 0.025521 0.121296
0 0.597135 0.386111 0.030729 0.162963
0 0.293229 0.379167 0.018750 0.097222
0 0.278385 0.380556 0.014063 0.079630
0 0.318490 0.382870 0.017188 0.097222
0 0.448958 0.359722 0.013542 0.063889
0 0.112760 0.368981 0.010937 0.062037
0 0.137240 0.387963 0.017188 0.094444
0 0.396875 0.369444 0.017708 0.046296
0 0.413542 0.370370 0.015625 0.044444
0 0.832812 0.391667 0.032292 0.142593
0 0.303125 0.369444 0.012500 0.048148
