0 0.522917 0.406481 0.034375 0.146296
0 0.407552 0.386111 0.020313 0.109259
0 0.995312 0.569907 0.117708 0.537963
0 0.051302 0.432407 0.054688 0.224074
0 0.290625 0.393519 0.028125 0.131481
0 0.163021 0.400000 0.029167 0.122222
0 0.561719 0.387500 0.029687 0.147222
0 0.504427 0.379167 0.016146 0.102778
0 0.267188 0.386574 0.016667 0.099074
0 0.255469 0.386111 0.014063 0.077778
0 0.418750 0.368981 0.013542 0.063889
0 0.080990 0.375463 0.010937 0.062037
0 0.108073 0.395370 0.017188 0.094444
0 0.367188 0.375000 0.018750 0.048148
0 0.380208 0.382407 0.015625 0.044444
0 0.784896 0.405556 0.027083 0.127778
