0 0.473958 0.396296 0.033333 0.150000
0 0.418229 0.378241 0.027083 0.128704
0 0.386198 0.373611 0.024479 0.126852
0 0.776823 0.593981 0.101563 0.606481
0 0.914583 0.590741 0.141667 0.629630
0 0.284115 0.375463 0.032813 0.156481
0 0.444271 0.365741 0.023958 0.112963
0 0.135937 0.379167 0.028125 0.119444
0 0.585677 0.400463 0.038021 0.215741
0 0.496354 0.371759 0.017708 0.106481
0 0.214844 0.364352 0.021354 0.113889
0 0.203906 0.374537 0.016146 0.087963
0 0.253125 0.357870 0.015625 0.062037
0 0.404687 0.354167 0.013542 0.063889
0 0.029427 0.346759 0.013021 0.065741
0 0.046875 0.367130 0.020833 0.099074
0 0.357292 0.365741 0.018750 0.050000
0 0.369271 0.362963 0.015625 0.044444
0 0.067708 0.358796 0.014583 0.063889
0 0.823437 0.412500 0.035417 0.160185
