0 0.468229 0.384259 0.034375 0.148148
0 0.414063 0.365741 0.018750 0.122222
0 0.379948 0.369907 0.027604 0.130556
0 0.789583 0.580093 0.123958 0.597222
0 0.918229 0.571296 0.130208 0.612963
0 0.285156 0.371759 0.039063 0.152778
0 0.440885 0.357870 0.017188 0.106481
0 0.128385 0.374537 0.025521 0.121296
0 0.568229 0.383796 0.038542 0.204630
0 0.487500 0.358796 0.017708 0.106481
0 0.214583 0.364815 0.020833 0.112963
0 0.200781 0.366204 0.016146 0.087963
0 0.245052 0.345370 0.014063 0.057407
0 0.398958 0.345833 0.013542 0.063889
0 0.021875 0.347222 0.011458 0.066667
0 0.046875 0.368981 0.020833 0.099074
0 0.347396 0.357407 0.018750 0.050000
0 0.361458 0.354630 0.015625 0.044444
0 0.056771 0.349537 0.014583 0.063889
