0 0.440365 0.441204 0.033854 0.154630
0 0.379948 0.412037 0.023438 0.116667
0 0.294792 0.411574 0.018750 0.095370
0 0.944010 0.601389 0.117188 0.499074
0 0.197396 0.419444 0.030208 0.127778
0 0.360938 0.418519 0.021875 0.107407
0 0.037500 0.436574 0.030208 0.134259
0 0.395052 0.413426 0.016146 0.102778
0 0.169271 0.411111 0.017708 0.087037
0 0.153906 0.418056 0.014063 0.069444
0 0.146354 0.400000 0.012500 0.055556
0 0.314063 0.398611 0.013542 0.063889
0 0.258073 0.404167 0.019271 0.045370
0 0.276562 0.412037 0.015625 0.044444
0 0.657031 0.427315 0.022396 0.115741
