0 0.524479 0.408796 0.035417 0.152778
0 0.465365 0.386574 0.024479 0.117593
0 0.412500 0.387037 0.020833 0.111111
0 1.001302 0.570833 0.105729 0.543519
0 0.052865 0.434259 0.053646 0.225926
0 0.297135 0.399074 0.033854 0.135185
0 0.167448 0.402778 0.028646 0.122222
0 0.567708 0.387500 0.030208 0.149074
0 0.509635 0.378704 0.016146 0.103704
0 0.271354 0.387037 0.016667 0.098148
0 0.259896 0.386111 0.014583 0.077778
0 0.423177 0.368981 0.013021 0.063889
0 0.084635 0.373611 0.010937 0.062037
0 0.113281 0.396296 0.017188 0.094444
0 0.371615 0.375463 0.017188 0.045370
0 0.385417 0.382407 0.015625 0.044444
0 0.791927 0.404167 0.027604 0.128704
