0 0.470833 0.385185 0.036458 0.157407
0 0.415104 0.371296 0.027083 0.127778
0 0.380208 0.362500 0.022917 0.123148
0 0.817969 0.578704 0.106771 0.598148
0 0.936979 0.560185 0.126042 0.612963
0 0.282552 0.366204 0.040104 0.152778
0 0.439062 0.355556 0.023958 0.111111
0 0.127865 0.375463 0.025521 0.121296
0 0.564323 0.374537 0.036979 0.199074
0 0.486458 0.358796 0.017708 0.106481
0 0.216667 0.362500 0.020833 0.112037
0 0.203385 0.367130 0.016146 0.087963
0 0.258073 0.365278 0.017188 0.100926
0 0.242708 0.344444 0.012500 0.057407
0 0.397396 0.344444 0.013542 0.064815
0 0.023958 0.350926 0.011458 0.066667
0 0.048958 0.371759 0.020833 0.099074
0 0.348958 0.351852 0.018750 0.050000
0 0.360417 0.354630 0.015625 0.044444
