0 0.544271 0.401852 0.036458 0.159259
0 0.480729 0.381019 0.026042 0.123148
0 0.439062 0.373611 0.020833 0.117593
0 0.979427 0.569444 0.106771 0.561111
0 0.060677 0.431481 0.058854 0.231481
0 0.333854 0.393519 0.038542 0.142593
0 0.014323 0.437500 0.040104 0.175000
0 0.493750 0.372685 0.015625 0.095370
0 0.198177 0.393056 0.025521 0.121296
0 0.596354 0.387500 0.030208 0.162037
0 0.292708 0.380093 0.017708 0.097222
0 0.280469 0.380556 0.014063 0.079630
0 0.448177 0.359722 0.013021 0.063889
0 0.113802 0.369907 0.010937 0.062037
0 0.135156 0.390741 0.017188 0.094444
0 0.397135 0.368981 0.017188 0.045370
0 0.409896 0.372222 0.015625 0.044444
0 0.829167 0.393056 0.031250 0.139815
0 0.307031 0.369444 0.013021 0.048148
