0 0.485937 0.400926 0.036458 0.157407
0 0.435417 0.378704 0.027083 0.124074
0 0.389062 0.380556 0.021875 0.124074
0 0.878125 0.567593 0.103125 0.579630
0 0.980208 0.546759 0.085417 0.593519
0 0.298698 0.387037 0.039063 0.148148
0 0.136719 0.402315 0.025521 0.121296
0 0.566667 0.383333 0.034375 0.179630
0 0.234635 0.385185 0.020313 0.109259
0 0.220052 0.382407 0.014063 0.088889
0 0.267969 0.389352 0.017188 0.100926
0 0.248698 0.367593 0.013021 0.057407
0 0.401042 0.362500 0.013542 0.063889
0 0.038021 0.375463 0.011458 0.065741
0 0.075000 0.391204 0.020833 0.099074
0 0.351823 0.373148 0.019271 0.048148
0 0.371354 0.372222 0.015625 0.044444
0 0.797396 0.392130 0.029167 0.149074
