0 0.542708 0.402778 0.036458 0.159259
0 0.481250 0.381944 0.026042 0.123148
0 0.439583 0.373148 0.020833 0.116667
0 0.984896 0.567593 0.103125 0.557407
0 0.062500 0.432407 0.058333 0.231481
0 0.331771 0.393981 0.038542 0.141667
0 0.014844 0.440741 0.042188 0.177778
0 0.494271 0.373148 0.015625 0.096296
0 0.196615 0.394907 0.025521 0.121296
0 0.595833 0.387963 0.030208 0.161111
0 0.291667 0.381481 0.017708 0.096296
0 0.280469 0.381019 0.014063 0.078704
0 0.448177 0.359722 0.013021 0.063889
0 0.113281 0.371759 0.010937 0.062037
0 0.134115 0.391667 0.017188 0.094444
0 0.397396 0.368519 0.016667 0.044444
0 0.408333 0.373148 0.015625 0.044444
0 0.827344 0.393519 0.030729 0.138889
0 0.309115 0.370370 0.013021 0.048148
