0 0.529687 0.409259 0.036458 0.159259
0 0.473438 0.389352 0.026042 0.121296
0 0.422396 0.380556 0.019792 0.112963
0 0.996094 0.570833 0.097396 0.547222
0 0.055729 0.440741 0.055208 0.225926
0 0.311458 0.398611 0.033333 0.132407
0 0.004948 0.457407 0.035937 0.185185
0 0.177604 0.406481 0.027083 0.122222
0 0.579688 0.388426 0.031250 0.152778
0 0.279948 0.387500 0.016146 0.097222
0 0.268229 0.387963 0.014583 0.081481
0 0.432292 0.369907 0.013542 0.063889
0 0.097135 0.382870 0.010937 0.062037
0 0.123698 0.398148 0.017188 0.094444
0 0.381250 0.379167 0.017708 0.045370
0 0.394792 0.382407 0.015625 0.044444
0 0.806510 0.400926 0.027604 0.129630
0 0.291406 0.378704 0.013021 0.050000
