0 0.543229 0.408796 0.033333 0.150926
0 0.432292 0.375926 0.020833 0.114815
0 0.986979 0.568056 0.101042 0.547222
0 0.056250 0.435185 0.056250 0.229630
0 0.324740 0.394444 0.033854 0.135185
0 0.015104 0.452315 0.039583 0.178704
0 0.492969 0.375926 0.020313 0.096296
0 0.191406 0.405093 0.025521 0.121296
0 0.594271 0.390278 0.029167 0.158333
0 0.287500 0.386574 0.016667 0.095370
0 0.276562 0.387963 0.014583 0.079630
0 0.440885 0.368056 0.013021 0.063889
0 0.104948 0.377315 0.010937 0.062037
0 0.130469 0.397222 0.017188 0.094444
0 0.393750 0.378704 0.018750 0.048148
0 0.402083 0.378704 0.015625 0.044444
0 0.819792 0.395833 0.029167 0.134259
0 0.301302 0.376389 0.013021 0.049074
