0 0.451823 0.444907 0.033854 0.154630
0 0.395052 0.417130 0.023438 0.115741
0 0.313021 0.418519 0.018750 0.098148
0 0.937500 0.598611 0.097917 0.515741
0 -0.005990 0.457870 0.048438 0.212037
0 0.198698 0.432407 0.025521 0.125926
0 0.376563 0.422222 0.020833 0.107407
0 0.060937 0.444907 0.030208 0.134259
0 0.463021 0.421759 0.023958 0.132407
0 0.411719 0.417130 0.016146 0.102778
0 0.181771 0.418519 0.017708 0.087037
0 0.172135 0.406019 0.010937 0.050926
0 0.326042 0.406944 0.013542 0.063889
0 0.277083 0.414352 0.017708 0.045370
0 0.287500 0.414815 0.015625 0.044444
0 0.674740 0.428704 0.023438 0.118519
