0 0.537760 0.407870 0.034896 0.154630
0 0.479948 0.385648 0.023438 0.117593
0 0.429688 0.376852 0.020833 0.114815
0 0.985938 0.568981 0.101042 0.545370
0 0.059115 0.437500 0.055729 0.225000
0 0.323698 0.393056 0.030729 0.130556
0 0.012760 0.453241 0.038021 0.180556
0 0.490104 0.375926 0.019792 0.096296
0 0.187760 0.405093 0.025521 0.121296
0 0.589063 0.389352 0.032292 0.156481
0 0.286719 0.388426 0.016146 0.095370
0 0.274479 0.388426 0.014583 0.080556
0 0.439323 0.370833 0.013021 0.063889
0 0.102865 0.378241 0.010937 0.062037
0 0.129427 0.398148 0.017188 0.094444
0 0.390365 0.379167 0.018229 0.047222
0 0.400521 0.379630 0.015625 0.044444
0 0.818229 0.396759 0.029167 0.132407
0 0.299219 0.378241 0.013021 0.049074
