0 0.472396 0.384259 0.036458 0.157407
0 0.416667 0.373148 0.027083 0.127778
0 0.380208 0.362963 0.022917 0.125926
0 0.827083 0.576852 0.106250 0.594444
0 0.941146 0.558333 0.117708 0.609259
0 0.285938 0.370370 0.039583 0.151852
0 0.439844 0.353704 0.020313 0.111111
0 0.127865 0.378241 0.025521 0.121296
0 0.563281 0.373148 0.035937 0.196296
0 0.217708 0.365741 0.020833 0.111111
0 0.204427 0.368056 0.016146 0.087963
0 0.493750 0.347685 0.020833 0.086111
0 0.256510 0.366204 0.017188 0.100926
0 0.242448 0.346296 0.011979 0.057407
0 0.396615 0.343519 0.013021 0.064815
0 0.025521 0.352778 0.011458 0.066667
0 0.050521 0.373611 0.020833 0.099074
0 0.347917 0.353704 0.018750 0.050000
0 0.360417 0.358333 0.015625 0.044444
