0 0.441927 0.442130 0.033854 0.154630
0 0.379427 0.412963 0.023438 0.116667
0 0.293229 0.410185 0.018750 0.094444
0 0.946615 0.612963 0.128646 0.496296
0 0.195573 0.420833 0.025521 0.126852
0 0.359896 0.418519 0.021875 0.107407
0 0.394531 0.413426 0.016146 0.102778
0 0.167187 0.410185 0.017708 0.087037
0 0.155990 0.418056 0.014063 0.069444
0 0.146094 0.405556 0.013021 0.057407
0 0.314583 0.398611 0.013542 0.063889
0 0.258073 0.403241 0.019271 0.045370
0 0.274479 0.410185 0.015625 0.044444
0 0.655469 0.427315 0.022396 0.115741
