0 0.468750 0.384722 0.035417 0.152778
0 0.413542 0.367130 0.022917 0.125000
0 0.379688 0.367130 0.026042 0.126852
0 0.798958 0.580093 0.115625 0.599074
0 0.925521 0.566667 0.132292 0.614815
0 0.282292 0.367130 0.036458 0.152778
0 0.440104 0.356944 0.018750 0.108333
0 0.127865 0.374537 0.025521 0.121296
0 0.566927 0.380093 0.038021 0.202778
0 0.486979 0.358796 0.017708 0.106481
0 0.215104 0.363889 0.020833 0.112963
0 0.201302 0.366204 0.016146 0.087963
0 0.244531 0.345370 0.014063 0.057407
0 0.398958 0.346759 0.013542 0.063889
0 0.022396 0.348148 0.011458 0.066667
0 0.046875 0.368981 0.020833 0.099074
0 0.347917 0.354630 0.018750 0.050000
0 0.360938 0.353704 0.015625 0.044444
