0 0.475781 0.385648 0.030729 0.145370
0 0.420312 0.367130 0.021875 0.119444
0 0.380990 0.369907 0.022396 0.123148
0 0.844010 0.572685 0.094271 0.587963
0 0.950000 0.554630 0.100000 0.605556
0 0.286458 0.377778 0.038542 0.150000
0 0.441927 0.357407 0.018229 0.101852
0 0.128385 0.385648 0.025521 0.121296
0 0.560677 0.378704 0.033854 0.188889
0 0.449219 0.357870 0.017188 0.093519
0 0.220312 0.373148 0.020833 0.111111
0 0.208073 0.369907 0.016146 0.087963
0 0.500000 0.356944 0.020833 0.086111
0 0.258073 0.377315 0.017188 0.100926
0 0.243229 0.356481 0.012500 0.057407
0 0.396094 0.351852 0.013021 0.064815
0 0.028646 0.361111 0.011458 0.066667
0 0.054167 0.386574 0.020833 0.099074
0 0.346354 0.358333 0.018750 0.050000
0 0.360417 0.366667 0.015625 0.044444
0 0.795573 0.384259 0.031771 0.153704
