0 0.447396 0.445370 0.035417 0.157407
0 0.390104 0.415741 0.023958 0.116667
0 0.306771 0.418519 0.018750 0.098148
0 0.939844 0.593519 0.090104 0.511111
0 -0.000781 0.452778 0.047396 0.209259
0 0.195313 0.429167 0.023958 0.121296
0 0.371875 0.422222 0.020833 0.107407
0 0.054688 0.443981 0.030208 0.134259
0 0.404427 0.418056 0.016146 0.102778
0 0.178646 0.416667 0.017708 0.087037
0 0.167448 0.406019 0.010937 0.050926
0 0.323437 0.405093 0.013542 0.063889
0 0.270313 0.414352 0.017708 0.043519
0 0.282813 0.416667 0.015625 0.044444
0 0.671094 0.428241 0.023438 0.117593
