0 0.460417 0.443519 0.031250 0.150000
0 0.404687 0.419907 0.021875 0.112037
0 0.325521 0.419444 0.018750 0.098148
0 0.946615 0.604167 0.113021 0.523148
0 -0.002604 0.461574 0.050000 0.215741
0 0.206771 0.432407 0.028125 0.131481
0 0.385937 0.422222 0.020833 0.107407
0 0.072917 0.446759 0.030208 0.134259
0 0.480729 0.418056 0.023958 0.134259
0 0.426823 0.416204 0.016146 0.102778
0 0.190104 0.418519 0.017708 0.087037
0 0.181510 0.405093 0.010937 0.052778
0 0.340625 0.403241 0.013542 0.063889
0 0.291146 0.415741 0.018750 0.048148
0 0.297917 0.411111 0.015625 0.044444
0 0.686198 0.427315 0.024479 0.121296
