0 0.532813 0.407407 0.036458 0.159259
0 0.477604 0.387037 0.026042 0.122222
0 0.427344 0.378241 0.020313 0.113889
0 0.984896 0.569907 0.101042 0.543519
0 0.062500 0.440741 0.055208 0.220370
0 0.319271 0.394907 0.031250 0.130556
0 0.010417 0.454630 0.036458 0.183333
0 0.487240 0.376389 0.019271 0.095370
0 0.184375 0.405556 0.026042 0.122222
0 0.585677 0.388889 0.031771 0.155556
0 0.284115 0.387963 0.016146 0.096296
0 0.272396 0.389352 0.014583 0.082407
0 0.436719 0.369907 0.013021 0.063889
0 0.100781 0.380093 0.010937 0.062037
0 0.128906 0.400000 0.017188 0.094444
0 0.386979 0.379630 0.017708 0.046296
0 0.398958 0.380556 0.015625 0.044444
0 0.814323 0.398148 0.028646 0.131481
0 0.297656 0.380093 0.013021 0.049074
