0 0.445313 0.443519 0.036458 0.159259
0 0.380729 0.413889 0.025000 0.118519
0 0.294531 0.409722 0.018229 0.093519
0 0.940885 0.604167 0.127604 0.493519
0 0.202865 0.419907 0.022396 0.126852
0 0.359896 0.422222 0.021875 0.107407
0 0.395573 0.413426 0.016146 0.102778
0 0.169271 0.410185 0.017708 0.087037
0 0.158594 0.418056 0.014063 0.069444
0 0.147917 0.404167 0.014583 0.056481
0 0.316146 0.398611 0.013542 0.063889
0 0.259115 0.405093 0.019271 0.045370
0 0.272396 0.409259 0.015625 0.044444
0 0.655990 0.426852 0.022396 0.114815
