0 0.492188 0.399074 0.035417 0.151852
0 0.438542 0.377315 0.025000 0.121296
0 0.395833 0.380556 0.021875 0.124074
0 0.889844 0.563426 0.096354 0.569444
0 0.997135 0.548148 0.095312 0.590741
0 0.301563 0.388889 0.038542 0.148148
0 0.452083 0.367593 0.016667 0.098148
0 0.142969 0.400463 0.025521 0.121296
0 0.568750 0.384722 0.034375 0.176852
0 0.460677 0.368981 0.017188 0.089815
0 0.239844 0.381944 0.020313 0.108333
0 0.223437 0.386111 0.013542 0.088889
0 0.276823 0.388426 0.017188 0.100926
0 0.251823 0.366667 0.013021 0.057407
0 0.407292 0.361574 0.013542 0.063889
0 0.047396 0.373148 0.013542 0.062963
0 0.082292 0.390278 0.020833 0.099074
0 0.356510 0.369444 0.019271 0.048148
0 0.376563 0.372222 0.015625 0.044444
0 0.803646 0.392593 0.029167 0.146296
