0 0.455990 0.443981 0.032813 0.152778
0 0.399740 0.418056 0.022396 0.113889
0 0.319271 0.419444 0.018750 0.098148
0 0.941927 0.601389 0.105729 0.519444
0 0.202344 0.436574 0.026562 0.130556
0 0.381250 0.422222 0.020833 0.107407
0 0.066667 0.445833 0.030208 0.134259
0 0.467708 0.421296 0.023958 0.133333
0 0.419010 0.416204 0.016146 0.102778
0 0.185417 0.420370 0.017708 0.087037
0 0.176823 0.405556 0.010937 0.051852
0 0.332813 0.406019 0.013542 0.063889
0 0.013021 0.432407 0.017708 0.101852
0 0.284115 0.414815 0.018229 0.046296
0 0.292708 0.412963 0.015625 0.044444
0 0.678646 0.429630 0.023958 0.120370
