0 0.546354 0.401852 0.036458 0.159259
0 0.480729 0.380556 0.026042 0.124074
0 0.439062 0.374537 0.020833 0.117593
0 0.973698 0.571296 0.109896 0.564815
0 0.059115 0.431019 0.058854 0.232407
0 0.336979 0.390741 0.034375 0.140741
0 0.012500 0.440278 0.038542 0.180556
0 0.493490 0.372222 0.016146 0.096296
0 0.195573 0.393056 0.025521 0.121296
0 0.596875 0.386574 0.030208 0.162037
0 0.294010 0.379167 0.018229 0.097222
0 0.280469 0.380556 0.014063 0.079630
0 0.448698 0.359722 0.013021 0.063889
0 0.114323 0.368981 0.010937 0.062037
0 0.136198 0.388889 0.017188 0.094444
0 0.396875 0.368981 0.017708 0.045370
0 0.411458 0.371296 0.015625 0.044444
0 0.830990 0.392130 0.031771 0.141667
0 0.304948 0.369444 0.013021 0.048148
