0 0.443229 0.446296 0.036458 0.159259
0 0.385417 0.414815 0.025000 0.118519
0 0.303646 0.417130 0.018750 0.097222
0 0.942708 0.588889 0.082292 0.507407
0 -0.001563 0.452778 0.046875 0.209259
0 0.197656 0.426389 0.027604 0.125000
0 0.367708 0.422222 0.020833 0.107407
0 0.048958 0.443056 0.030208 0.134259
0 0.455990 0.419444 0.023438 0.129630
0 0.402865 0.417130 0.016146 0.102778
0 0.175521 0.415741 0.017708 0.087037
0 0.162760 0.406481 0.010937 0.050000
0 0.321354 0.404167 0.013542 0.063889
0 0.267448 0.412037 0.018229 0.044444
0 0.281771 0.415741 0.015625 0.044444
0 0.667448 0.427778 0.023438 0.116667
