0 0.540625 0.397685 0.033333 0.149074
0 0.475521 0.379630 0.021875 0.120370
0 0.435417 0.379167 0.020833 0.119444
0 0.951562 0.579167 0.123958 0.580556
0 0.044010 0.431944 0.059896 0.234259
0 0.339323 0.387500 0.033854 0.139815
0 0.005729 0.443981 0.037500 0.180556
0 0.492188 0.370833 0.017708 0.097222
0 0.186198 0.396759 0.025521 0.121296
0 0.598958 0.385185 0.031250 0.164815
0 0.288021 0.379167 0.019792 0.099074
0 0.273698 0.381944 0.014063 0.082407
0 0.313281 0.383796 0.017188 0.099074
0 0.446875 0.360185 0.013542 0.062963
0 0.105990 0.370833 0.010937 0.062037
0 0.129167 0.387500 0.017708 0.095370
0 0.396354 0.370370 0.018750 0.048148
0 0.405729 0.370370 0.015625 0.044444
0 0.834375 0.390741 0.032292 0.142593
