0 0.506771 0.421296 0.036458 0.159259
0 0.446354 0.405093 0.026042 0.121296
0 0.387240 0.398148 0.019271 0.105556
0 0.979948 0.577778 0.141146 0.525926
0 0.034896 0.448148 0.051042 0.220370
0 0.263542 0.406944 0.035417 0.132407
0 0.436979 0.403704 0.021875 0.107407
0 0.137500 0.418519 0.029167 0.129630
0 0.538281 0.397685 0.026562 0.139815
0 0.482552 0.389352 0.016146 0.102778
0 0.238802 0.398611 0.013021 0.078704
0 0.398958 0.382870 0.013542 0.063889
0 0.060677 0.386111 0.010937 0.062963
0 0.084115 0.406481 0.017188 0.094444
0 0.347396 0.389815 0.018750 0.048148
0 0.357292 0.389815 0.015625 0.044444
0 0.758333 0.410648 0.026042 0.128704
