0 0.441667 0.441667 0.036458 0.159259
0 0.382292 0.412037 0.025000 0.118519
0 0.296875 0.413426 0.018750 0.095370
0 0.942708 0.593981 0.104167 0.502778
0 0.198698 0.421759 0.030729 0.128704
0 0.363281 0.422222 0.021354 0.107407
0 0.040104 0.439352 0.030208 0.134259
0 0.398177 0.415278 0.016146 0.102778
0 0.171875 0.412963 0.017708 0.087037
0 0.160938 0.418519 0.013542 0.070370
0 0.147135 0.403241 0.015104 0.054630
0 0.313802 0.398611 0.013021 0.063889
0 0.259635 0.407407 0.019271 0.046296
0 0.278646 0.412963 0.015625 0.044444
0 0.660417 0.427315 0.022917 0.115741
