0 0.470312 0.394444 0.036458 0.155556
0 0.416667 0.376852 0.027083 0.127778
0 0.382292 0.371759 0.025000 0.126852
0 0.778646 0.592593 0.109375 0.611111
0 0.913542 0.587037 0.141667 0.625926
0 0.284896 0.374074 0.036458 0.155556
0 0.441667 0.362963 0.023958 0.112963
0 0.130469 0.370370 0.030729 0.118519
0 0.581250 0.396296 0.038542 0.212963
0 0.492708 0.366204 0.017708 0.106481
0 0.212500 0.362037 0.020833 0.112963
0 0.202865 0.371759 0.016146 0.087963
0 0.248958 0.350463 0.015625 0.060185
0 0.402604 0.350926 0.013542 0.062963
0 0.023177 0.341204 0.013021 0.065741
0 0.046875 0.367130 0.020833 0.099074
0 0.354687 0.363889 0.018750 0.050000
0 0.364583 0.360185 0.015625 0.044444
0 0.062500 0.353241 0.014583 0.063889
