0 0.525260 0.409722 0.035937 0.156481
0 0.467187 0.388889 0.025000 0.118519
0 0.414844 0.385185 0.020313 0.111111
0 1.004427 0.571296 0.099479 0.546296
0 0.052865 0.436111 0.053646 0.225926
0 0.300521 0.401852 0.036458 0.137037
0 -0.003385 0.459259 0.035937 0.188889
0 0.169531 0.403704 0.028646 0.122222
0 0.570573 0.387963 0.030729 0.150000
0 0.273438 0.387037 0.016667 0.098148
0 0.261979 0.386574 0.014583 0.078704
0 0.425521 0.368981 0.013542 0.063889
0 0.087760 0.375463 0.010937 0.062037
0 0.115885 0.397222 0.017188 0.094444
0 0.373958 0.375926 0.016667 0.044444
0 0.387500 0.382407 0.015625 0.044444
0 0.795573 0.403704 0.027604 0.127778
