0 0.482292 0.397222 0.036458 0.157407
0 0.429167 0.378704 0.027083 0.124074
0 0.384896 0.380093 0.021875 0.121296
0 0.869010 0.569444 0.103646 0.583333
0 0.956510 0.556944 0.101563 0.595370
0 0.295833 0.385185 0.039583 0.148148
0 0.446354 0.365741 0.017708 0.100000
0 0.130990 0.404167 0.025521 0.121296
0 0.565104 0.381944 0.034375 0.182407
0 0.229427 0.387500 0.020313 0.110185
0 0.216667 0.378704 0.014583 0.088889
0 0.507813 0.368981 0.020833 0.086111
0 0.259635 0.391204 0.017188 0.100926
0 0.245573 0.369444 0.013021 0.057407
0 0.398698 0.364352 0.013021 0.063889
0 0.033854 0.378241 0.011458 0.065741
0 0.067187 0.392130 0.020833 0.099074
0 0.350000 0.373148 0.018750 0.048148
0 0.365625 0.372222 0.015625 0.044444
0 0.791146 0.392593 0.029167 0.151852
