0 0.567969 0.390278 0.034896 0.145370
0 0.509896 0.375926 0.025000 0.131481
0 0.484375 0.373148 0.029167 0.146296
0 0.776042 0.603704 0.111458 0.644444
0 0.910677 0.612963 0.159896 0.696296
0 0.360938 0.375926 0.045833 0.177778
0 0.520052 0.371759 0.021354 0.119444
0 0.018490 0.388426 0.041146 0.180556
0 0.266927 0.361111 0.025521 0.111111
0 0.611458 0.368056 0.017708 0.106481
0 0.291667 0.359722 0.025000 0.123148
0 0.277865 0.363426 0.021354 0.110185
0 0.136458 0.331481 0.014583 0.068519
0 0.150000 0.354630 0.020833 0.105556
0 0.469271 0.355556 0.018750 0.050000
0 0.165104 0.336574 0.014583 0.063889
0 0.413802 0.345370 0.011979 0.059259
0 0.402604 0.343981 0.009375 0.058333
