0 0.502604 0.414815 0.036458 0.155556
0 0.450000 0.388889 0.027083 0.129630
0 0.424740 0.396296 0.025521 0.129630
0 0.783333 0.616667 0.114583 0.625926
0 0.920833 0.611111 0.143750 0.644444
0 0.315365 0.406481 0.033854 0.155556
0 0.487500 0.386574 0.021875 0.108333
0 0.183333 0.393519 0.026042 0.118519
0 0.633333 0.425926 0.043750 0.237037
0 0.534896 0.385648 0.017708 0.106481
0 0.246875 0.384259 0.022917 0.118519
0 0.234375 0.388889 0.015625 0.096296
0 0.071615 0.366204 0.013021 0.065741
0 0.092708 0.391667 0.020833 0.105556
0 0.399479 0.383333 0.018750 0.050000
0 0.411458 0.387037 0.015625 0.044444
0 0.339583 0.369444 0.012500 0.053704
