0 0.538542 0.415741 0.033333 0.148148
0 0.480729 0.396296 0.023958 0.127778
0 0.452604 0.394444 0.028125 0.140741
0 0.779167 0.644444 0.113542 0.642593
0 0.918229 0.639352 0.125000 0.656481
0 0.333594 0.401389 0.046354 0.167593
0 0.489844 0.394444 0.022396 0.114815
0 0.520573 0.393056 0.019271 0.110185
0 0.223958 0.388889 0.026042 0.114815
0 0.691927 0.448148 0.049479 0.277778
0 0.573438 0.393981 0.017708 0.106481
0 0.276042 0.387963 0.023958 0.120370
0 0.260156 0.393056 0.019271 0.100926
0 0.501042 0.390741 0.021875 0.096296
0 0.103906 0.359722 0.013021 0.065741
0 0.123958 0.384259 0.020833 0.105556
0 0.432292 0.384259 0.018750 0.050000
0 0.135417 0.363426 0.014583 0.063889
0 0.372135 0.372222 0.011979 0.059259
0 0.361198 0.368519 0.009896 0.053704
