0 0.604948 0.351852 0.032813 0.144444
0 0.512760 0.338889 0.026562 0.137037
0 0.497656 0.349074 0.032813 0.161111
0 0.809115 0.577315 0.124479 0.671296
0 0.957552 0.573611 0.131771 0.728704
0 0.353646 0.353241 0.043750 0.199074
0 0.525000 0.339352 0.022917 0.121296
0 0.550781 0.313426 0.010937 0.043519
0 0.015885 0.370833 0.038021 0.180556
0 0.576562 0.335185 0.028125 0.129630
0 0.295833 0.330556 0.025000 0.105556
0 0.642188 0.331019 0.017708 0.106481
0 0.259375 0.341204 0.031250 0.160185
0 0.241927 0.349537 0.021354 0.137963
0 0.466927 0.332870 0.021354 0.104630
0 0.127344 0.309722 0.013021 0.071296
0 0.143229 0.336574 0.022917 0.113889
0 0.431250 0.312500 0.011458 0.056481
0 0.415885 0.312963 0.008854 0.061111
0 0.383854 0.316667 0.011458 0.053704
0 0.400000 0.313889 0.011458 0.048148
