0 0.609115 0.369444 0.033854 0.146296
0 0.532552 0.351389 0.030729 0.134259
0 0.516146 0.352778 0.032292 0.153704
0 0.802604 0.601389 0.121875 0.680556
0 0.963542 0.605093 0.139583 0.715741
0 0.377344 0.359722 0.045312 0.187963
0 0.543750 0.351852 0.022917 0.120370
0 0.563542 0.324074 0.010417 0.042593
0 0.041927 0.372222 0.038021 0.179630
0 0.591146 0.346759 0.020833 0.123148
0 0.651302 0.344444 0.018229 0.107407
0 0.301302 0.346296 0.027604 0.144444
0 0.284896 0.353704 0.020833 0.122222
0 0.167969 0.339815 0.020313 0.109259
0 0.497917 0.339815 0.018750 0.050000
0 0.179948 0.318981 0.017188 0.071296
0 0.446354 0.324537 0.011458 0.056481
0 0.429948 0.327778 0.008854 0.061111
0 -0.005208 0.369444 0.036458 0.187037
0 0.407812 0.326852 0.011458 0.048148
