0 0.591667 0.317593 0.033333 0.144444
0 0.473698 0.309259 0.030729 0.138889
0 0.461458 0.328241 0.036458 0.176852
0 0.834635 0.518981 0.111979 0.673148
0 0.965365 0.517130 0.131771 0.736111
0 0.288021 0.337963 0.055208 0.209259
0 0.493229 0.312037 0.022917 0.122222
0 0.524740 0.279167 0.011979 0.045370
0 0.553646 0.300000 0.029167 0.129630
0 0.559896 0.306019 0.020833 0.121296
0 0.620313 0.295370 0.019792 0.107407
0 0.201302 0.323611 0.035937 0.175000
0 0.178906 0.339352 0.028646 0.154630
0 0.425521 0.304630 0.020833 0.100000
0 0.416667 0.312963 0.026042 0.105556
0 0.332813 0.316204 0.022917 0.121296
0 0.069271 0.294444 0.017708 0.081481
0 0.091667 0.319907 0.025000 0.121296
0 0.399219 0.287963 0.010937 0.059259
0 0.385937 0.293519 0.010417 0.062963
0 0.352604 0.287037 0.011458 0.053704
0 0.366146 0.286574 0.013542 0.050926
