0 0.584375 0.381481 0.035417 0.151852
0 0.522396 0.366667 0.028125 0.133333
0 0.500000 0.363426 0.031250 0.150926
0 0.780208 0.596296 0.125000 0.662963
0 0.929167 0.600000 0.132292 0.683333
0 0.368750 0.367593 0.051042 0.185185
0 0.542969 0.334722 0.009896 0.041667
0 0.027604 0.377315 0.042708 0.180556
0 0.570052 0.360648 0.021354 0.119444
0 0.629167 0.359722 0.017708 0.106481
0 0.292969 0.350926 0.024479 0.127778
0 0.278385 0.353704 0.021354 0.111111
0 0.145313 0.320370 0.015625 0.070370
0 0.158854 0.347685 0.020833 0.106481
0 0.482292 0.348148 0.018750 0.050000
0 0.425000 0.336574 0.011458 0.056481
0 0.415625 0.337037 0.009375 0.059259
