0 0.520833 0.417130 0.036458 0.154630
0 0.470833 0.393519 0.027083 0.129630
0 0.445052 0.395833 0.025521 0.136111
0 0.785156 0.634259 0.117188 0.635185
0 0.926562 0.620833 0.136458 0.650926
0 0.330208 0.404630 0.045833 0.164815
0 0.505208 0.393519 0.025000 0.116667
0 0.207031 0.393056 0.026562 0.117593
0 0.664323 0.438889 0.046354 0.255556
0 0.556771 0.391204 0.017708 0.106481
0 0.266146 0.387500 0.023958 0.121296
0 0.251563 0.393981 0.016667 0.100926
0 0.495833 0.391667 0.021875 0.096296
0 0.094531 0.368981 0.013021 0.065741
0 0.111979 0.387963 0.020833 0.105556
0 0.420573 0.384722 0.016146 0.049074
0 0.123437 0.369907 0.014583 0.063889
0 0.362500 0.371296 0.012500 0.055556
