0 0.481510 0.402315 0.031771 0.147222
0 0.423437 0.381019 0.027083 0.128704
0 0.394792 0.384722 0.025000 0.132407
0 0.774740 0.598611 0.098437 0.606481
0 0.907292 0.598611 0.121875 0.628704
0 0.292448 0.382407 0.040104 0.157407
0 0.455729 0.378241 0.018750 0.108333
0 0.146875 0.388426 0.026042 0.121296
0 0.595573 0.407870 0.039063 0.221296
0 0.504167 0.378241 0.017708 0.106481
0 0.220833 0.375000 0.020833 0.112963
0 0.205990 0.378241 0.016146 0.087963
0 0.038802 0.355093 0.013021 0.065741
0 0.060417 0.374074 0.020833 0.101852
0 0.365104 0.370370 0.018750 0.050000
0 0.382292 0.371296 0.015625 0.044444
0 0.074479 0.365278 0.014583 0.063889
0 0.836979 0.424074 0.036458 0.162963
