0 0.589063 0.336111 0.027083 0.138889
0 0.467187 0.337037 0.036458 0.174074
0 0.813021 0.556944 0.115625 0.684259
0 0.947656 0.554630 0.132813 0.740741
0 0.308594 0.343519 0.047396 0.205556
0 0.496875 0.326852 0.022917 0.122222
0 0.522917 0.292130 0.011458 0.045370
0 0.554688 0.315278 0.019792 0.128704
0 0.270833 0.325000 0.025000 0.105556
0 0.562760 0.312037 0.021354 0.120370
0 0.616146 0.311574 0.017708 0.106481
0 0.211458 0.337037 0.033333 0.168519
0 0.192708 0.345370 0.028125 0.148148
0 0.436719 0.314815 0.020313 0.100000
0 0.425781 0.321296 0.028646 0.105556
0 0.333854 0.327315 0.022917 0.121296
0 0.074219 0.305093 0.017188 0.078704
0 0.095833 0.330556 0.022917 0.118519
0 0.107552 0.305093 0.017188 0.071296
0 0.398177 0.302315 0.010937 0.058333
0 0.384896 0.304167 0.009375 0.060185
0 0.354687 0.299074 0.011458 0.053704
0 0.376302 0.294444 0.013021 0.050000
