0 0.591667 0.338889 0.035417 0.151852
0 0.480208 0.330556 0.031250 0.138889
0 0.467187 0.338889 0.036458 0.166667
0 0.814063 0.564815 0.126042 0.703704
0 0.944531 0.563426 0.147396 0.745370
0 0.311719 0.344444 0.051562 0.205556
0 0.500000 0.327778 0.022917 0.122222
0 0.522917 0.297222 0.011458 0.044444
0 0.555729 0.318519 0.023958 0.129630
0 0.274479 0.325926 0.025000 0.105556
0 0.615625 0.317130 0.017708 0.106481
0 0.217969 0.340741 0.032813 0.166667
0 0.200260 0.346296 0.026562 0.146296
0 0.432031 0.323148 0.027604 0.105556
0 0.077604 0.311111 0.015625 0.077778
0 0.097656 0.335648 0.022396 0.117593
0 0.111719 0.308796 0.017188 0.071296
0 0.399740 0.307407 0.010937 0.057407
0 0.387500 0.306944 0.009375 0.060185
0 0.356250 0.304630 0.011458 0.053704
0 0.380208 0.298148 0.012500 0.050000
