0 0.613542 0.356481 0.035417 0.151852
0 0.525000 0.342593 0.031250 0.137037
0 0.509115 0.347222 0.033854 0.161111
0 0.817448 0.593056 0.123437 0.693519
0 0.960156 0.587500 0.139063 0.723148
0 0.369792 0.354630 0.052083 0.198148
0 0.536458 0.339815 0.022917 0.120370
0 0.561719 0.316204 0.010937 0.043519
0 0.030729 0.370833 0.039583 0.180556
0 0.588021 0.337037 0.028125 0.127778
0 0.304167 0.331481 0.025000 0.105556
0 0.652604 0.333796 0.017708 0.106481
0 0.275521 0.342593 0.031250 0.159259
0 0.258073 0.350000 0.021354 0.135185
0 0.480990 0.333796 0.021354 0.104630
0 0.152344 0.333333 0.022396 0.112963
0 0.439583 0.315278 0.011458 0.056481
0 0.423698 0.312963 0.008854 0.061111
0 0.396354 0.317593 0.011458 0.053704
0 0.404167 0.317593 0.011458 0.048148
