0 0.615625 0.365741 0.035417 0.151852
0 0.536719 0.342593 0.031771 0.135185
0 0.520052 0.344907 0.026562 0.149074
0 0.816927 0.579630 0.120313 0.672222
0 0.969792 0.576852 0.140625 0.716667
0 0.380208 0.355556 0.052083 0.192593
0 0.548958 0.346296 0.022917 0.120370
0 0.568750 0.313889 0.010417 0.042593
0 0.044531 0.362963 0.038021 0.179630
0 0.591927 0.338426 0.025521 0.123148
0 0.657552 0.337963 0.020313 0.109259
0 0.299219 0.337963 0.029687 0.151852
0 0.282031 0.351852 0.021354 0.127778
0 0.505990 0.336574 0.021354 0.102778
0 0.163021 0.307870 0.014583 0.071296
0 0.173177 0.328704 0.020313 0.109259
0 0.447396 0.321759 0.011458 0.056481
0 0.437240 0.318519 0.008854 0.061111
0 -0.000521 0.360185 0.037500 0.188889
0 0.406771 0.323148 0.011458 0.048148
