0 0.590104 0.337500 0.031250 0.145370
0 0.467187 0.337963 0.036458 0.170370
0 0.813542 0.560648 0.120833 0.693519
0 0.946094 0.558796 0.140104 0.743519
0 0.310156 0.343519 0.049479 0.205556
0 0.498437 0.326852 0.022917 0.122222
0 0.522917 0.294907 0.011458 0.045370
0 0.555208 0.316667 0.021875 0.129630
0 0.272396 0.325000 0.025000 0.105556
0 0.563281 0.314815 0.021354 0.120370
0 0.615625 0.314352 0.017708 0.106481
0 0.215104 0.341204 0.033333 0.167593
0 0.196354 0.345833 0.027083 0.147222
0 0.428646 0.322222 0.028125 0.105556
0 0.075260 0.308333 0.017188 0.077778
0 0.096615 0.332870 0.022396 0.117593
0 0.109635 0.306944 0.017188 0.071296
0 0.398177 0.306944 0.010937 0.058333
0 0.384896 0.306944 0.009375 0.060185
0 0.355729 0.301852 0.011458 0.053704
0 0.378125 0.296296 0.012500 0.050000
