0 0.596354 0.348148 0.031250 0.140741
0 0.500521 0.335185 0.023958 0.137037
0 0.484375 0.346759 0.034375 0.165741
0 0.801562 0.559259 0.125000 0.661111
0 0.948958 0.553704 0.136458 0.733333
0 0.338802 0.351852 0.043229 0.200000
0 0.514062 0.337963 0.022917 0.122222
0 0.537500 0.310648 0.011458 0.043519
0 0.566927 0.328704 0.021354 0.125926
0 0.288542 0.329630 0.025000 0.105556
0 0.627083 0.329167 0.017708 0.106481
0 0.243229 0.339815 0.030208 0.161111
0 0.226302 0.350000 0.021354 0.140741
0 0.454687 0.331019 0.021875 0.104630
0 0.105469 0.311574 0.016146 0.075000
0 0.129167 0.336111 0.022917 0.114815
0 0.416667 0.311574 0.011458 0.056481
0 0.407552 0.311111 0.008854 0.061111
0 0.371354 0.315741 0.011458 0.053704
0 0.394010 0.309259 0.011979 0.048148
