0 0.625521 0.357407 0.029167 0.137037
0 0.535417 0.341667 0.023958 0.135185
0 0.517188 0.348148 0.034375 0.159259
0 0.820573 0.577315 0.125521 0.680556
0 0.959896 0.582870 0.150000 0.723148
0 0.386198 0.350000 0.038021 0.188889
0 0.548958 0.343056 0.019792 0.117593
0 0.568750 0.317130 0.010417 0.043519
0 0.039583 0.370370 0.038542 0.179630
0 0.317708 0.333333 0.025000 0.105556
0 0.602083 0.341204 0.019792 0.113889
0 0.659375 0.336574 0.017708 0.106481
0 0.294792 0.341667 0.031250 0.155556
0 0.280208 0.350463 0.021875 0.130556
0 0.168229 0.328241 0.020833 0.110185
0 0.447917 0.319907 0.011458 0.056481
0 0.437240 0.313889 0.008854 0.061111
0 -0.001563 0.362963 0.037500 0.188889
0 0.405729 0.321296 0.011458 0.048148
