0 0.547396 0.412500 0.034375 0.145370
0 0.488281 0.396296 0.025521 0.131481
0 0.463542 0.388889 0.028125 0.138889
0 0.770573 0.635648 0.115104 0.647222
0 0.921094 0.629630 0.142187 0.675926
0 0.341667 0.398611 0.038542 0.160185
0 0.500260 0.390278 0.021354 0.115741
0 0.533333 0.391204 0.021875 0.115741
0 0.237760 0.383796 0.025521 0.112037
0 0.718490 0.453704 0.052604 0.305556
0 0.586458 0.393981 0.017708 0.106481
0 0.280729 0.380556 0.023958 0.120370
0 0.267448 0.387037 0.021354 0.109259
0 0.521094 0.382407 0.020313 0.090741
0 0.114323 0.349074 0.013021 0.066667
0 0.131250 0.377778 0.020833 0.105556
0 0.444271 0.384259 0.018750 0.050000
0 0.146354 0.357870 0.014583 0.063889
0 0.385677 0.365741 0.011979 0.059259
0 0.375260 0.359259 0.009896 0.055556
