0 0.586458 0.380556 0.035417 0.151852
0 0.523177 0.364815 0.028646 0.133333
0 0.501563 0.362037 0.031250 0.151852
0 0.780469 0.595370 0.125521 0.664815
0 0.933594 0.601852 0.134896 0.688889
0 0.369792 0.367130 0.051042 0.186111
0 0.544010 0.333796 0.009896 0.041667
0 0.028125 0.373611 0.042708 0.184259
0 0.570052 0.358333 0.023438 0.122222
0 0.631250 0.358796 0.017708 0.106481
0 0.293490 0.350000 0.024479 0.129630
0 0.279427 0.353704 0.021354 0.112963
0 0.145833 0.322222 0.015625 0.070370
0 0.159635 0.348148 0.020313 0.107407
0 0.483854 0.347222 0.018750 0.050000
0 0.427083 0.334722 0.011458 0.056481
0 0.416927 0.336111 0.008854 0.059259
