0 0.615104 0.366667 0.035417 0.151852
0 0.535677 0.344444 0.031771 0.135185
0 0.519010 0.346296 0.027604 0.150000
0 0.818490 0.573611 0.114063 0.656481
0 0.975521 0.575463 0.136458 0.713889
0 0.379167 0.356019 0.052083 0.191667
0 0.547917 0.347222 0.022917 0.120370
0 0.568750 0.312963 0.010417 0.042593
0 0.044531 0.365741 0.038021 0.179630
0 0.589583 0.339815 0.027083 0.124074
0 0.656250 0.339352 0.019792 0.108333
0 0.301042 0.337037 0.029167 0.150000
0 0.282552 0.352315 0.021354 0.126852
0 0.506771 0.337500 0.021875 0.100926
0 0.163542 0.307407 0.012500 0.070370
0 0.172135 0.330556 0.020313 0.109259
0 0.446875 0.321759 0.011458 0.056481
0 0.435677 0.320370 0.008854 0.061111
0 0.000000 0.360185 0.037500 0.188889
0 0.406771 0.324074 0.011458 0.048148
