0 0.593750 0.316204 0.032292 0.139815
0 0.472917 0.307870 0.027083 0.137963
0 0.458854 0.320370 0.037500 0.179630
0 0.835677 0.522222 0.122396 0.687037
0 0.950781 0.528241 0.143229 0.754630
0 0.284896 0.331944 0.042708 0.210185
0 0.497917 0.306944 0.028125 0.121296
0 0.524219 0.276389 0.011979 0.045370
0 0.555208 0.300000 0.029167 0.129630
0 0.557813 0.307870 0.020833 0.121296
0 0.621094 0.296296 0.018229 0.109259
0 0.195833 0.321296 0.037500 0.179630
0 0.171354 0.334722 0.028125 0.160185
0 0.421354 0.305093 0.022917 0.100926
0 0.411198 0.307870 0.024479 0.104630
0 0.329688 0.314352 0.022917 0.121296
0 0.065104 0.291204 0.018750 0.084259
0 0.089583 0.313426 0.026042 0.123148
0 0.399740 0.282407 0.010937 0.059259
0 0.386458 0.287037 0.010417 0.064815
0 0.351823 0.285185 0.011979 0.053704
0 0.361458 0.285648 0.013542 0.050926
