0 0.537240 0.418056 0.029687 0.141667
0 0.479687 0.396759 0.020833 0.125000
0 0.451562 0.395370 0.026042 0.137037
0 0.777344 0.649537 0.108854 0.643519
0 0.925521 0.627778 0.146875 0.662963
0 0.334896 0.404167 0.043750 0.162037
0 0.487240 0.400000 0.021354 0.111111
0 0.520312 0.390278 0.019792 0.106481
0 0.220312 0.391204 0.026042 0.115741
0 0.684635 0.446759 0.048438 0.269444
0 0.569792 0.394907 0.017708 0.106481
0 0.272917 0.387500 0.023958 0.121296
0 0.257813 0.393981 0.018750 0.100926
0 0.500000 0.393519 0.021875 0.096296
0 0.101823 0.362500 0.013021 0.065741
0 0.121875 0.385185 0.020833 0.105556
0 0.429167 0.385185 0.018750 0.050000
0 0.132292 0.365278 0.014583 0.063889
0 0.369792 0.371759 0.012500 0.058333
0 0.358073 0.370370 0.009896 0.053704
