0 0.488281 0.410648 0.034896 0.152778
0 0.430729 0.383333 0.027083 0.129630
0 0.402604 0.390278 0.025000 0.132407
0 0.774219 0.604167 0.107812 0.617593
0 0.908594 0.602778 0.122396 0.631481
0 0.299479 0.386111 0.044792 0.157407
0 0.463542 0.383796 0.019792 0.110185
0 0.157292 0.389815 0.026042 0.120370
0 0.606510 0.412963 0.040104 0.225926
0 0.513021 0.380093 0.017708 0.106481
0 0.227604 0.381019 0.020833 0.113889
0 0.213802 0.381019 0.016146 0.089815
0 0.045312 0.361111 0.012500 0.066667
0 0.069792 0.379167 0.020833 0.102778
0 0.375521 0.375000 0.018750 0.050000
0 0.846094 0.431481 0.036979 0.164815
