0 0.516667 0.416204 0.030208 0.141667
0 0.462500 0.393981 0.019792 0.123148
0 0.429167 0.394444 0.027083 0.137037
0 0.787240 0.621296 0.091146 0.616667
0 0.925000 0.607407 0.126042 0.638889
0 0.321094 0.404167 0.040104 0.158333
0 0.469531 0.396296 0.020313 0.107407
0 0.194010 0.395370 0.026562 0.118519
0 0.644271 0.431481 0.044792 0.242593
0 0.543750 0.388426 0.017708 0.106481
0 0.254427 0.385648 0.023438 0.119444
0 0.242708 0.392130 0.015625 0.099074
0 0.491667 0.389815 0.021875 0.096296
0 0.078385 0.367130 0.013021 0.065741
0 0.097917 0.390741 0.020833 0.105556
0 0.405729 0.382407 0.018750 0.050000
0 0.417187 0.387037 0.015625 0.044444
0 0.347396 0.369444 0.012500 0.053704
