0 0.591927 0.322222 0.033854 0.146296
0 0.474219 0.312037 0.030729 0.138889
0 0.461979 0.332407 0.036458 0.175926
0 0.830208 0.525000 0.112500 0.672222
0 0.964062 0.518519 0.131250 0.727778
0 0.291927 0.338426 0.053646 0.208333
0 0.494271 0.312963 0.022917 0.122222
0 0.524219 0.281944 0.011979 0.045370
0 0.553125 0.300000 0.029167 0.129630
0 0.560417 0.305093 0.020833 0.121296
0 0.620052 0.295833 0.020313 0.106481
0 0.202604 0.325926 0.035417 0.174074
0 0.181510 0.340278 0.028646 0.152778
0 0.427083 0.305093 0.019792 0.099074
0 0.418490 0.314352 0.026562 0.104630
0 0.332813 0.318056 0.022917 0.121296
0 0.070052 0.295370 0.017188 0.081481
0 0.092448 0.321759 0.024479 0.121296
0 0.399219 0.289815 0.010937 0.059259
0 0.385677 0.295833 0.009896 0.062037
0 0.352083 0.288889 0.011458 0.053704
0 0.368229 0.288426 0.013542 0.050926
