0 0.566146 0.390278 0.034375 0.141667
0 0.508854 0.375000 0.023958 0.131481
0 0.483073 0.374074 0.027604 0.144444
0 0.775521 0.603241 0.107292 0.643519
0 0.913802 0.611574 0.148438 0.687963
0 0.359635 0.377778 0.042188 0.175926
0 0.520052 0.372222 0.021354 0.118519
0 0.017969 0.390741 0.041146 0.179630
0 0.264844 0.362037 0.025521 0.111111
0 0.609896 0.368981 0.017708 0.106481
0 0.290625 0.361111 0.025000 0.122222
0 0.278385 0.365278 0.021354 0.110185
0 0.134635 0.332407 0.014063 0.068519
0 0.148958 0.355556 0.020833 0.105556
0 0.468229 0.356481 0.018750 0.050000
0 0.163542 0.338426 0.014583 0.063889
0 0.411719 0.346296 0.011979 0.059259
0 0.401042 0.344907 0.009375 0.058333
0 0.379948 0.343981 0.011979 0.047222
