0 0.539323 0.414352 0.034896 0.150926
0 0.481510 0.395833 0.025521 0.128704
0 0.453906 0.394444 0.027604 0.138889
0 0.779948 0.641667 0.116146 0.642593
0 0.920833 0.632407 0.136458 0.662963
0 0.333333 0.400000 0.047917 0.170370
0 0.491146 0.391667 0.022917 0.116667
0 0.521875 0.392130 0.020833 0.112037
0 0.226042 0.388426 0.026042 0.113889
0 0.695833 0.449074 0.050000 0.281481
0 0.575000 0.393981 0.017708 0.106481
0 0.276562 0.386111 0.023958 0.120370
0 0.261198 0.392130 0.019271 0.102778
0 0.501563 0.388889 0.021875 0.096296
0 0.104948 0.357870 0.013021 0.065741
0 0.125000 0.383333 0.020833 0.105556
0 0.433854 0.384259 0.018750 0.050000
0 0.137500 0.363426 0.014583 0.063889
0 0.373177 0.371296 0.011979 0.059259
0 0.362760 0.367130 0.009896 0.054630
