0 0.593490 0.316204 0.032813 0.139815
0 0.460938 0.320833 0.037500 0.178704
0 0.837240 0.517593 0.117188 0.681481
0 0.955469 0.524074 0.139063 0.748148
0 0.285938 0.333796 0.046875 0.210185
0 0.497396 0.307870 0.025000 0.121296
0 0.524740 0.276389 0.011979 0.045370
0 0.554688 0.300000 0.029167 0.129630
0 0.558333 0.306944 0.020833 0.121296
0 0.620833 0.295833 0.018750 0.108333
0 0.198177 0.321296 0.036979 0.177778
0 0.173958 0.336111 0.028125 0.157407
0 0.422917 0.305093 0.021875 0.100926
0 0.413021 0.309722 0.025000 0.104630
0 0.330729 0.314352 0.022917 0.121296
0 0.068229 0.292593 0.018750 0.081481
0 0.090104 0.315278 0.026042 0.123148
0 0.399740 0.284259 0.010937 0.059259
0 0.386458 0.289352 0.010417 0.063889
0 0.352344 0.285185 0.011979 0.053704
0 0.363021 0.285648 0.013542 0.050926
