0 0.619792 0.359259 0.035417 0.151852
0 0.531250 0.342593 0.031250 0.137037
0 0.515104 0.347222 0.034375 0.161111
0 0.815625 0.578704 0.125000 0.690741
0 0.961719 0.589352 0.151562 0.725000
0 0.379427 0.351852 0.043229 0.192593
0 0.545833 0.341667 0.022917 0.120370
0 0.569010 0.319907 0.010937 0.043519
0 0.037240 0.372222 0.039063 0.179630
0 0.596875 0.340741 0.020833 0.124074
0 0.311979 0.332407 0.025000 0.105556
0 0.656771 0.335648 0.017708 0.106481
0 0.291927 0.343981 0.031771 0.158333
0 0.273958 0.350000 0.021875 0.133333
0 0.495052 0.333796 0.021354 0.104630
0 0.161719 0.330556 0.021354 0.111111
0 0.448437 0.318981 0.011458 0.056481
0 0.432031 0.313889 0.008854 0.061111
0 -0.001563 0.363889 0.037500 0.188889
