0 0.591146 0.342593 0.035417 0.151852
0 0.487500 0.332407 0.031250 0.138889
0 0.469792 0.341204 0.035417 0.163889
0 0.797396 0.560185 0.119792 0.681481
0 0.940104 0.560185 0.146875 0.742593
0 0.317448 0.346759 0.053646 0.204630
0 0.503646 0.332407 0.022917 0.122222
0 0.522917 0.302778 0.011458 0.044444
0 0.556771 0.322222 0.028125 0.129630
0 0.278646 0.326852 0.025000 0.105556
0 0.615625 0.323611 0.017708 0.106481
0 0.224740 0.339815 0.031771 0.164815
0 0.207812 0.347222 0.025000 0.144444
0 0.438542 0.325463 0.026042 0.104630
0 0.081510 0.313426 0.017188 0.075000
0 0.106510 0.335185 0.022396 0.116667
0 0.403385 0.309259 0.010937 0.057407
0 0.393229 0.308333 0.009375 0.061111
0 0.357812 0.310185 0.011458 0.053704
0 0.384375 0.301389 0.012500 0.049074
