0 0.571875 0.390741 0.035417 0.151852
0 0.511458 0.377778 0.027083 0.133333
0 0.487500 0.372222 0.027083 0.144444
0 0.777083 0.604630 0.118750 0.646296
0 0.912760 0.623611 0.161979 0.699074
0 0.362760 0.373611 0.045312 0.180556
0 0.020313 0.386111 0.041667 0.181481
0 0.558073 0.368056 0.022396 0.117593
0 0.271094 0.358333 0.025521 0.111111
0 0.615104 0.367130 0.017708 0.106481
0 0.291667 0.357407 0.025000 0.124074
0 0.277865 0.361574 0.021354 0.110185
0 0.139323 0.329630 0.014063 0.068519
0 0.151562 0.351852 0.020833 0.105556
0 0.471875 0.353704 0.018750 0.050000
0 0.166667 0.333333 0.014583 0.064815
0 0.415885 0.343056 0.011979 0.058333
0 0.405208 0.342130 0.009375 0.058333
