0 0.514583 0.416204 0.033333 0.149074
0 0.463802 0.393056 0.023438 0.126852
0 0.432292 0.394444 0.027083 0.137037
0 0.786719 0.624074 0.103646 0.624074
0 0.927083 0.605093 0.116667 0.636111
0 0.323958 0.403704 0.045833 0.162963
0 0.196615 0.394444 0.026562 0.118519
0 0.648177 0.432870 0.045312 0.245370
0 0.546354 0.388426 0.017708 0.106481
0 0.258333 0.386111 0.023958 0.120370
0 0.246875 0.393981 0.015625 0.100926
0 0.492188 0.389815 0.021875 0.096296
0 0.081510 0.368056 0.013021 0.065741
0 0.100521 0.389815 0.020833 0.105556
0 0.408594 0.382407 0.018229 0.050000
0 0.420312 0.387037 0.015625 0.044444
0 0.111979 0.370833 0.014583 0.063889
0 0.351563 0.369444 0.012500 0.053704
