0 0.569792 0.390278 0.035417 0.149074
0 0.510417 0.376389 0.026042 0.132407
0 0.485937 0.372685 0.028125 0.145370
0 0.776302 0.604167 0.115104 0.645370
0 0.911719 0.618056 0.160938 0.697222
0 0.362500 0.375000 0.050000 0.179630
0 0.520052 0.371296 0.021354 0.120370
0 0.019531 0.387037 0.041146 0.181481
0 0.269010 0.359259 0.025521 0.111111
0 0.613021 0.367130 0.017708 0.106481
0 0.291667 0.358333 0.025000 0.124074
0 0.277865 0.362500 0.021354 0.110185
0 0.138542 0.330556 0.014583 0.068519
0 0.151042 0.353704 0.020833 0.105556
0 0.470312 0.354630 0.018750 0.050000
0 0.166667 0.334722 0.014583 0.063889
0 0.414844 0.343981 0.011979 0.058333
0 0.403646 0.343056 0.009375 0.058333
