0 0.513021 0.416667 0.036458 0.155556
0 0.465625 0.392593 0.027083 0.129630
0 0.435937 0.394907 0.027083 0.137963
0 0.786458 0.626852 0.116667 0.631481
0 0.929427 0.603704 0.107812 0.633333
0 0.325521 0.403704 0.045833 0.162963
0 0.199219 0.393981 0.026562 0.117593
0 0.652083 0.434259 0.045833 0.248148
0 0.548958 0.389352 0.017708 0.106481
0 0.262500 0.387500 0.023958 0.121296
0 0.247917 0.393981 0.015625 0.100926
0 0.493229 0.389815 0.021875 0.096296
0 0.084635 0.368056 0.013021 0.065741
0 0.103646 0.389815 0.020833 0.105556
0 0.411458 0.383333 0.017708 0.050000
0 0.423437 0.387037 0.015625 0.044444
0 0.116146 0.370833 0.014583 0.063889
0 0.353646 0.370370 0.012500 0.053704
