0 0.540104 0.413889 0.036458 0.153704
0 0.482292 0.396296 0.027083 0.129630
0 0.455469 0.394444 0.027604 0.137037
0 0.781250 0.639815 0.118750 0.642593
0 0.923958 0.625926 0.147917 0.670370
0 0.334635 0.400000 0.046354 0.168519
0 0.492708 0.388889 0.022917 0.118519
0 0.523698 0.391667 0.022396 0.114815
0 0.227865 0.387500 0.025521 0.113889
0 0.699479 0.449537 0.050000 0.286111
0 0.577083 0.393981 0.017708 0.106481
0 0.277083 0.385185 0.023958 0.120370
0 0.262240 0.391667 0.019271 0.103704
0 0.502083 0.387963 0.021875 0.096296
0 0.105990 0.356019 0.013021 0.065741
0 0.125521 0.382407 0.020833 0.105556
0 0.435937 0.384259 0.018750 0.050000
0 0.138542 0.362500 0.014583 0.063889
0 0.374219 0.370370 0.011979 0.059259
0 0.364323 0.366204 0.009896 0.054630
