0 0.560156 0.397222 0.035937 0.148148
0 0.501042 0.385648 0.026042 0.130556
0 0.479948 0.378704 0.021354 0.135185
0 0.776563 0.612500 0.113542 0.639815
0 0.919010 0.618981 0.148438 0.686111
0 0.354427 0.382870 0.036979 0.173148
0 0.511719 0.375926 0.022396 0.118519
0 0.014583 0.396296 0.038542 0.179630
0 0.545833 0.382870 0.026042 0.121296
0 0.255990 0.369444 0.025521 0.111111
0 0.602083 0.376389 0.017708 0.106481
0 0.287240 0.368519 0.024479 0.122222
0 0.274740 0.373148 0.021354 0.111111
0 0.523698 0.375926 0.020313 0.092593
0 0.129688 0.338426 0.012500 0.069444
0 0.144271 0.362037 0.020833 0.105556
0 0.460938 0.364815 0.018750 0.050000
0 0.157812 0.346759 0.014583 0.063889
0 0.403385 0.353704 0.011979 0.059259
0 0.394010 0.349074 0.009896 0.057407
0 0.372135 0.349537 0.011979 0.047222
