0 0.617708 0.358333 0.035417 0.151852
0 0.529167 0.342593 0.031250 0.137037
0 0.514062 0.346759 0.034375 0.162037
0 0.815885 0.582870 0.124479 0.691667
0 0.961198 0.588426 0.147396 0.725000
0 0.376302 0.352778 0.046354 0.194444
0 0.542708 0.340741 0.022917 0.120370
0 0.566406 0.318056 0.010937 0.043519
0 0.036458 0.371759 0.039583 0.180556
0 0.594531 0.338889 0.024479 0.125926
0 0.309375 0.332407 0.025000 0.105556
0 0.655729 0.335648 0.017708 0.106481
0 0.286198 0.343056 0.031771 0.158333
0 0.268750 0.350000 0.021875 0.133333
0 0.490365 0.333796 0.021354 0.104630
0 0.158854 0.331481 0.021875 0.111111
0 0.173698 0.319907 0.017188 0.071296
0 0.445313 0.317130 0.011458 0.056481
0 0.429427 0.313889 0.008854 0.061111
0 0.400521 0.318056 0.011458 0.052778
0 -0.001042 0.363889 0.037500 0.188889
