0 0.590625 0.333796 0.031250 0.145370
0 0.465625 0.335648 0.036458 0.175000
0 0.817187 0.546759 0.114583 0.676852
0 0.952604 0.542593 0.132292 0.733333
0 0.304167 0.342130 0.048958 0.206481
0 0.496354 0.320370 0.022917 0.122222
0 0.522917 0.289352 0.011458 0.045370
0 0.554688 0.312500 0.019792 0.128704
0 0.272396 0.323148 0.025000 0.105556
0 0.562240 0.309722 0.021354 0.121296
0 0.616927 0.306944 0.018229 0.106481
0 0.208073 0.333333 0.033854 0.170370
0 0.189323 0.345370 0.028646 0.148148
0 0.434115 0.312500 0.020313 0.099074
0 0.423958 0.319444 0.028125 0.105556
0 0.333333 0.325463 0.022917 0.121296
0 0.073177 0.302778 0.017188 0.079630
0 0.095052 0.328241 0.023438 0.119444
0 0.105990 0.303241 0.017188 0.071296
0 0.398698 0.298148 0.010937 0.059259
0 0.385156 0.301852 0.009896 0.061111
0 0.354167 0.296296 0.011458 0.053704
0 0.374219 0.293519 0.013021 0.050000
