0 0.494792 0.414815 0.036458 0.155556
0 0.438021 0.386111 0.027083 0.129630
0 0.412500 0.393981 0.025000 0.128704
0 0.776302 0.609722 0.113021 0.623148
0 0.918750 0.604630 0.142708 0.640741
0 0.305990 0.396759 0.039063 0.158333
0 0.473698 0.387037 0.023438 0.112963
0 0.167708 0.391667 0.026042 0.120370
0 0.617188 0.418056 0.041667 0.230556
0 0.521875 0.382870 0.017708 0.106481
0 0.235417 0.381944 0.021875 0.115741
0 0.222135 0.384259 0.016146 0.092593
0 0.058594 0.364352 0.013021 0.065741
0 0.078646 0.384259 0.020833 0.103704
0 0.385937 0.379630 0.018750 0.050000
0 0.328125 0.370370 0.012500 0.053704
