0 0.537760 0.416667 0.031771 0.144444
0 0.479948 0.396296 0.022396 0.125926
0 0.452083 0.394444 0.027083 0.138889
0 0.778125 0.646759 0.111458 0.643519
0 0.921615 0.633333 0.135937 0.659259
0 0.334375 0.402778 0.044792 0.164815
0 0.488542 0.397222 0.021875 0.112963
0 0.520312 0.391204 0.019792 0.108333
0 0.221875 0.389815 0.026042 0.114815
0 0.688021 0.447222 0.048958 0.274074
0 0.571354 0.393981 0.017708 0.106481
0 0.274479 0.387500 0.023958 0.121296
0 0.259375 0.394444 0.018750 0.100000
0 0.500521 0.391667 0.021875 0.096296
0 0.102865 0.361574 0.013021 0.065741
0 0.122917 0.384259 0.020833 0.105556
0 0.430729 0.384259 0.018750 0.050000
0 0.133854 0.364352 0.014583 0.063889
0 0.370833 0.371759 0.012500 0.058333
0 0.359635 0.369444 0.009896 0.053704
