0 0.558854 0.400000 0.036458 0.151852
0 0.498958 0.389815 0.027083 0.131481
0 0.477083 0.379167 0.023958 0.137963
0 0.777083 0.615741 0.116667 0.638889
0 0.919792 0.622222 0.152083 0.688889
0 0.352865 0.383333 0.043229 0.174074
0 0.509375 0.377778 0.022917 0.118519
0 0.013021 0.398611 0.038542 0.178704
0 0.544792 0.384722 0.026042 0.121296
0 0.253906 0.371296 0.025521 0.111111
0 0.600000 0.379167 0.017708 0.106481
0 0.286198 0.369907 0.024479 0.121296
0 0.273958 0.375000 0.021875 0.111111
0 0.523698 0.377778 0.020313 0.092593
0 0.129167 0.340741 0.012500 0.070370
0 0.142708 0.363889 0.020833 0.105556
0 0.458854 0.367593 0.018750 0.050000
0 0.156771 0.348611 0.014583 0.063889
0 0.401302 0.355556 0.011979 0.059259
0 0.391667 0.350000 0.009375 0.057407
