0 0.550521 0.410185 0.034375 0.146296
0 0.491406 0.395370 0.025521 0.131481
0 0.467187 0.384722 0.029167 0.143519
0 0.770052 0.631944 0.115104 0.647222
0 0.918229 0.640278 0.127083 0.675000
0 0.343750 0.388889 0.047917 0.174074
0 0.502865 0.388426 0.021354 0.115741
0 0.005729 0.406481 0.035417 0.183333
0 0.536979 0.389815 0.019792 0.114815
0 0.241927 0.380556 0.025521 0.111111
0 0.590104 0.391204 0.017708 0.106481
0 0.281771 0.378704 0.023958 0.120370
0 0.269792 0.385648 0.021875 0.112037
0 0.522135 0.381944 0.020313 0.091667
0 0.118490 0.346759 0.013021 0.067593
0 0.134375 0.374074 0.020833 0.105556
0 0.448437 0.381481 0.018750 0.050000
0 0.149479 0.356019 0.014583 0.063889
0 0.390885 0.363889 0.011979 0.059259
0 0.379948 0.356944 0.009896 0.056481
