0 0.614062 0.367593 0.035417 0.151852
0 0.534375 0.345370 0.031250 0.135185
0 0.518229 0.347685 0.029167 0.150926
0 0.813021 0.585185 0.120833 0.670370
0 0.972396 0.583796 0.135417 0.712037
0 0.378646 0.356944 0.052083 0.191667
0 0.546875 0.348148 0.022917 0.120370
0 0.567187 0.315741 0.010417 0.042593
0 0.044531 0.368519 0.038021 0.179630
0 0.589844 0.341204 0.025521 0.123148
0 0.654948 0.340278 0.019271 0.108333
0 0.300781 0.338889 0.028646 0.148148
0 0.283073 0.352315 0.021354 0.125000
0 0.507552 0.338426 0.021354 0.100926
0 0.171094 0.333333 0.020313 0.109259
0 0.500000 0.337037 0.018750 0.050000
0 0.446875 0.322685 0.011458 0.056481
0 0.434115 0.322222 0.008854 0.061111
0 -0.001042 0.361574 0.037500 0.187963
0 0.407292 0.325000 0.011458 0.048148
