0 0.584115 0.383796 0.031771 0.141667
0 0.521875 0.365278 0.022917 0.132407
0 0.496875 0.365741 0.031250 0.150000
0 0.774740 0.623148 0.115104 0.679630
0 0.925781 0.617593 0.142187 0.692593
0 0.367708 0.368056 0.041667 0.178704
0 0.530469 0.364352 0.019271 0.119444
0 0.025000 0.381019 0.043750 0.176852
0 0.568750 0.358796 0.021875 0.117593
0 0.835156 0.464815 0.076563 0.414815
0 0.625521 0.363426 0.017708 0.106481
0 0.292448 0.352315 0.024479 0.126852
0 0.277865 0.355093 0.021354 0.110185
0 0.143750 0.320370 0.014583 0.070370
0 0.157292 0.347222 0.020833 0.105556
0 0.479167 0.350000 0.018750 0.050000
0 0.422396 0.337963 0.011458 0.057407
0 0.412500 0.337500 0.009375 0.058333
0 0.389323 0.335648 0.011979 0.047222
