0 0.554167 0.403241 0.036458 0.152778
0 0.494271 0.393519 0.027083 0.131481
0 0.470312 0.382407 0.029167 0.144444
0 0.778125 0.621759 0.117708 0.639815
0 0.917448 0.639352 0.127604 0.678704
0 0.347656 0.386574 0.048438 0.175000
0 0.504948 0.380556 0.022396 0.118519
0 0.008854 0.404630 0.037500 0.179630
0 0.246615 0.376852 0.025521 0.111111
0 0.594271 0.386574 0.017708 0.106481
0 0.283333 0.375463 0.023958 0.121296
0 0.271354 0.381019 0.021875 0.112037
0 0.523177 0.381481 0.020313 0.092593
0 0.122656 0.343981 0.013021 0.069444
0 0.138021 0.370370 0.020833 0.105556
0 0.452604 0.375926 0.018750 0.050000
0 0.152604 0.355093 0.014583 0.063889
0 0.395052 0.361111 0.011979 0.059259
0 0.384635 0.354167 0.009896 0.056481
