0 0.620833 0.361111 0.032292 0.144444
0 0.536458 0.341667 0.028125 0.135185
0 0.517969 0.346759 0.031771 0.156481
0 0.817969 0.581481 0.126562 0.683333
0 0.959115 0.580556 0.149479 0.722222
0 0.383854 0.351389 0.042708 0.189815
0 0.549219 0.343981 0.021354 0.119444
0 0.568750 0.316204 0.010417 0.043519
0 0.041146 0.367593 0.038542 0.179630
0 0.597135 0.336111 0.021354 0.122222
0 0.315625 0.334722 0.025000 0.106481
0 0.601302 0.342130 0.019271 0.113889
0 0.659115 0.336574 0.019271 0.108333
0 0.296354 0.340278 0.030208 0.154630
0 0.280729 0.350926 0.021875 0.129630
0 0.504948 0.335185 0.021354 0.103704
0 0.162500 0.309722 0.017708 0.071296
0 0.171354 0.327315 0.020833 0.110185
0 0.447396 0.319907 0.011458 0.056481
0 0.440365 0.314815 0.008854 0.061111
0 -0.001042 0.362037 0.037500 0.188889
0 0.405729 0.322222 0.011458 0.048148
