0 0.590625 0.346296 0.035417 0.151852
0 0.494792 0.334259 0.031250 0.138889
0 0.475000 0.343519 0.035417 0.164815
0 0.806771 0.566667 0.123958 0.700000
0 0.940104 0.558796 0.143750 0.736111
0 0.325521 0.349537 0.053125 0.202778
0 0.507292 0.337037 0.022917 0.122222
0 0.528125 0.306481 0.011458 0.044444
0 0.560156 0.324537 0.023438 0.126852
0 0.282292 0.327778 0.025000 0.105556
0 0.620313 0.328241 0.017708 0.106481
0 0.231250 0.339815 0.031250 0.162963
0 0.214844 0.348148 0.023438 0.142593
0 0.445052 0.327778 0.024479 0.105556
0 0.090625 0.311574 0.018750 0.075000
0 0.115625 0.335648 0.022917 0.115741
0 0.407031 0.310648 0.010937 0.056481
0 0.398958 0.309722 0.009375 0.060185
0 0.359375 0.315741 0.011458 0.053704
0 0.388021 0.304167 0.012500 0.049074
