0 0.594531 0.347222 0.032813 0.144444
0 0.498698 0.334722 0.026562 0.137963
0 0.480208 0.346296 0.035417 0.166667
0 0.803385 0.562037 0.124479 0.674074
0 0.944010 0.559722 0.138021 0.723148
0 0.334115 0.351389 0.048438 0.200926
0 0.511979 0.337963 0.022917 0.122222
0 0.533333 0.310185 0.011458 0.044444
0 0.563802 0.327315 0.019271 0.125000
0 0.286458 0.328704 0.025000 0.105556
0 0.625000 0.329167 0.017708 0.106481
0 0.238021 0.339815 0.030208 0.161111
0 0.222396 0.349074 0.021875 0.140741
0 0.451562 0.330093 0.022917 0.104630
0 0.100260 0.309722 0.017188 0.075000
0 0.124740 0.335648 0.022396 0.115741
0 0.410938 0.312500 0.011458 0.056481
0 0.404427 0.310648 0.008854 0.060185
0 0.367188 0.315741 0.011458 0.053704
0 0.391927 0.307870 0.011979 0.049074
