0 0.608073 0.353704 0.033854 0.148148
0 0.517708 0.340741 0.029167 0.137037
0 0.502083 0.350000 0.032292 0.159259
0 0.813542 0.587500 0.123958 0.682407
0 0.959375 0.586574 0.130208 0.721296
0 0.359115 0.353704 0.046354 0.198148
0 0.529167 0.339352 0.022917 0.121296
0 0.554948 0.314352 0.010937 0.043519
0 0.020833 0.370833 0.038542 0.180556
0 0.580208 0.335648 0.028125 0.128704
0 0.298438 0.330556 0.025000 0.105556
0 0.646354 0.331944 0.017708 0.106481
0 0.264844 0.341667 0.030729 0.159259
0 0.247396 0.350000 0.021875 0.137037
0 0.471615 0.332870 0.021354 0.104630
0 0.133333 0.310185 0.013542 0.068519
0 0.146094 0.335185 0.022396 0.112963
0 0.433854 0.313426 0.011458 0.056481
0 0.418490 0.312963 0.008854 0.061111
0 0.388021 0.317593 0.011458 0.053704
0 0.402083 0.315741 0.011458 0.048148
