0 0.523438 0.417593 0.036458 0.153704
0 0.472917 0.394444 0.027083 0.129630
0 0.447656 0.396759 0.024479 0.134259
0 0.784896 0.637037 0.117708 0.637037
0 0.926042 0.626852 0.145833 0.657407
0 0.332552 0.405093 0.043229 0.162037
0 0.507292 0.393519 0.025000 0.116667
0 0.209635 0.392593 0.026562 0.116667
0 0.668229 0.440278 0.046875 0.258333
0 0.559375 0.392130 0.017708 0.106481
0 0.267708 0.387500 0.023958 0.121296
0 0.252865 0.393981 0.017188 0.100926
0 0.098177 0.369907 0.013021 0.065741
0 0.114583 0.387963 0.020833 0.105556
0 0.423437 0.385648 0.015625 0.049074
0 0.125000 0.368981 0.014583 0.063889
0 0.365625 0.372222 0.012500 0.055556
