0 0.580990 0.385185 0.033854 0.146296
0 0.519792 0.368519 0.025000 0.133333
0 0.495312 0.367593 0.029167 0.148148
0 0.776563 0.612037 0.118750 0.666667
0 0.924219 0.626389 0.147396 0.697222
0 0.367188 0.368056 0.032292 0.171296
0 0.022917 0.381481 0.045833 0.177778
0 0.566146 0.361111 0.022917 0.118519
0 0.623437 0.363426 0.017708 0.106481
0 0.292448 0.353241 0.024479 0.126852
0 0.277865 0.356019 0.021354 0.110185
0 0.142448 0.322222 0.014063 0.070370
0 0.156250 0.347222 0.020833 0.105556
0 0.477604 0.350000 0.018750 0.050000
0 0.167448 0.329630 0.016146 0.068519
0 0.421354 0.338889 0.011458 0.057407
0 0.411458 0.338426 0.009375 0.058333
0 0.388281 0.336574 0.011979 0.047222
