0 0.591146 0.340741 0.035417 0.151852
0 0.483854 0.331481 0.031250 0.138889
0 0.467448 0.340278 0.035937 0.163889
0 0.805729 0.562037 0.122917 0.692593
0 0.942187 0.561574 0.146875 0.743519
0 0.313542 0.345370 0.054167 0.205556
0 0.501563 0.329630 0.022917 0.122222
0 0.522917 0.300000 0.011458 0.044444
0 0.556250 0.320370 0.026042 0.129630
0 0.276562 0.325926 0.025000 0.105556
0 0.615625 0.319907 0.017708 0.106481
0 0.221354 0.340278 0.032292 0.165741
0 0.203906 0.346759 0.025521 0.145370
0 0.435156 0.324074 0.026562 0.105556
0 0.080208 0.314815 0.013542 0.077778
0 0.101823 0.335185 0.022396 0.116667
0 0.113281 0.309722 0.017188 0.071296
0 0.401562 0.308333 0.011458 0.057407
0 0.390365 0.307870 0.008854 0.060185
0 0.356771 0.307407 0.011458 0.053704
0 0.382292 0.299537 0.012500 0.049074
