0 0.624479 0.331481 0.034375 0.150000
0 0.467187 0.322222 0.029167 0.140741
0 0.413281 0.348148 0.048438 0.224074
0 0.940625 0.559259 0.130208 0.714815
0 0.220312 0.351852 0.061458 0.237037
0 0.502604 0.321759 0.028125 0.123148
0 0.533594 0.292593 0.011979 0.053704
0 0.573958 0.320833 0.032292 0.145370
0 0.296875 0.318056 0.022917 0.102778
0 0.648438 0.313426 0.018750 0.110185
0 0.087760 0.352778 0.060937 0.244444
0 0.056771 0.369907 0.050000 0.210185
0 0.359115 0.315278 0.020313 0.104630
0 0.343490 0.318981 0.023438 0.110185
0 0.316667 0.333796 0.022917 0.121296
0 0.020313 0.303241 0.017708 0.093519
0 0.380990 0.297685 0.011979 0.065741
