0 0.628646 0.366667 0.032292 0.148148
0 0.456250 0.350926 0.029167 0.142593
0 0.288021 0.423611 0.082292 0.375000
0 1.024740 0.665741 0.161979 0.750000
0 0.222135 0.387500 0.074479 0.299074
0 0.497917 0.351852 0.029167 0.129630
0 0.543229 0.321759 0.013542 0.054630
0 0.588542 0.356944 0.027083 0.165741
0 0.692187 0.352315 0.020833 0.113889
0 -0.001302 0.356944 0.026562 0.160185
0 0.514062 0.331944 0.009375 0.036111
0 0.478646 0.345370 0.018750 0.057407
0 0.391406 0.325463 0.015104 0.062037
0 0.366667 0.325926 0.014583 0.072222
0 0.352083 0.328241 0.012500 0.060185
