0 0.608854 0.381481 0.032292 0.148148
0 0.446875 0.366204 0.029167 0.141667
0 0.311979 0.420833 0.067708 0.330556
0 1.002865 0.629167 0.163021 0.739815
0 0.207812 0.394907 0.077083 0.291667
0 0.481510 0.367130 0.029687 0.128704
0 0.518750 0.343056 0.013542 0.056481
0 0.562760 0.374537 0.025521 0.158333
0 0.660156 0.365278 0.021354 0.115741
0 0.274479 0.364815 0.019792 0.120370
0 0.255729 0.362963 0.022917 0.120370
0 0.504427 0.337037 0.009896 0.035185
0 0.375781 0.344444 0.010937 0.059259
0 0.355208 0.340278 0.012500 0.071296
