0 0.613542 0.381019 0.032292 0.143519
0 0.448437 0.364352 0.029167 0.141667
0 0.343750 0.407870 0.065625 0.300926
0 0.976823 0.625926 0.148438 0.720370
0 0.201042 0.391204 0.066667 0.267593
0 0.484896 0.367593 0.026042 0.127778
0 0.521094 0.344907 0.013021 0.054630
0 0.565104 0.366667 0.034375 0.155556
0 0.655729 0.362500 0.020833 0.110185
0 0.275521 0.358333 0.022917 0.118519
0 0.297656 0.362963 0.022396 0.129630
0 0.003646 0.367130 0.027083 0.145370
0 0.498698 0.339352 0.009896 0.034259
0 0.463542 0.362037 0.018750 0.057407
0 0.383594 0.341667 0.010937 0.059259
