0 0.632292 0.358333 0.031250 0.138889
0 0.464062 0.351852 0.030208 0.144444
0 0.175260 0.442593 0.121354 0.487037
0 0.222656 0.387963 0.071354 0.312963
0 0.502083 0.352778 0.029167 0.135185
0 0.553906 0.326852 0.015104 0.059259
0 0.603646 0.357870 0.030208 0.169444
0 0.326823 0.337500 0.021354 0.100926
0 0.728906 0.355556 0.018229 0.112963
0 0.306250 0.356019 0.021875 0.136111
0 0.526563 0.323611 0.009375 0.037963
0 0.487760 0.350000 0.019271 0.057407
0 0.394010 0.327778 0.015104 0.066667
0 0.373177 0.326389 0.015104 0.075000
0 0.359375 0.324537 0.012500 0.060185
