0 0.587500 0.320370 0.032292 0.142593
0 0.452865 0.310648 0.027604 0.141667
0 0.433854 0.326389 0.038542 0.187963
0 0.828646 0.534259 0.118750 0.701852
0 0.976302 0.542130 0.143229 0.737963
0 0.244531 0.323611 0.043229 0.215741
0 0.483594 0.308333 0.023438 0.124074
0 0.511458 0.280556 0.012500 0.046296
0 0.544792 0.305093 0.025000 0.132407
0 0.549479 0.314352 0.020833 0.121296
0 0.610677 0.299537 0.017188 0.110185
0 0.151562 0.328241 0.038542 0.197222
0 0.128385 0.330556 0.027604 0.174074
0 0.387760 0.305556 0.023438 0.105556
0 0.372656 0.306481 0.019271 0.111111
0 0.316667 0.316204 0.022917 0.121296
0 0.027083 0.287037 0.018750 0.087037
0 0.058854 0.306481 0.026042 0.124074
0 0.334896 0.284722 0.011458 0.054630
0 0.344531 0.287500 0.013021 0.054630
