0 0.606510 0.324537 0.033854 0.139815
0 0.456510 0.314352 0.027604 0.139815
0 0.424479 0.331481 0.042708 0.203704
0 0.875521 0.553704 0.111458 0.718519
0 0.231510 0.336111 0.046354 0.222222
0 0.491667 0.318519 0.025000 0.124074
0 0.523438 0.284259 0.011458 0.051852
0 0.559375 0.306944 0.022917 0.134259
0 0.282292 0.312963 0.025000 0.105556
0 0.629948 0.299074 0.018229 0.109259
0 0.126042 0.340278 0.044792 0.213889
0 0.106250 0.354630 0.036458 0.188889
0 0.362760 0.312963 0.021354 0.111111
0 0.316667 0.321759 0.022917 0.121296
0 0.025260 0.306019 0.018229 0.089815
0 0.058333 0.329167 0.028125 0.134259
0 0.392448 0.293519 0.010937 0.059259
0 0.345313 0.290741 0.011458 0.053704
