0 0.625000 0.329630 0.034375 0.150000
0 0.467708 0.320370 0.029167 0.140741
0 0.416667 0.348148 0.047917 0.222222
0 0.936979 0.564352 0.132292 0.723148
0 0.220833 0.350463 0.058333 0.236111
0 0.505208 0.320370 0.028125 0.122222
0 0.534635 0.294444 0.011979 0.053704
0 0.574479 0.318519 0.032292 0.144444
0 0.297135 0.317593 0.023438 0.103704
0 0.648438 0.312037 0.018750 0.111111
0 0.094271 0.351852 0.060417 0.242593
0 0.062500 0.368981 0.048958 0.208333
0 0.362240 0.313426 0.020313 0.104630
0 0.346094 0.318056 0.023438 0.110185
0 0.317188 0.331944 0.022917 0.121296
0 0.021354 0.303241 0.017708 0.093519
0 0.382031 0.296759 0.011979 0.065741
