0 0.594271 0.314815 0.034375 0.151852
0 0.460938 0.309259 0.030208 0.140741
0 0.445573 0.320833 0.038021 0.184259
0 0.830729 0.534259 0.128125 0.716667
0 0.977344 0.546296 0.138021 0.748148
0 0.259375 0.327315 0.056250 0.213889
0 0.492448 0.308333 0.022396 0.124074
0 0.518229 0.276852 0.012500 0.046296
0 0.553125 0.311574 0.020833 0.121296
0 0.616927 0.297685 0.017188 0.110185
0 0.176563 0.322222 0.038542 0.188889
0 0.150521 0.330093 0.028125 0.167593
0 0.404427 0.303704 0.019271 0.107407
0 0.392188 0.305556 0.021875 0.107407
0 0.323437 0.310648 0.022917 0.121296
0 0.047917 0.282407 0.017708 0.087037
0 0.071354 0.307870 0.026042 0.123148
0 0.084115 0.288426 0.017188 0.071296
0 0.376563 0.283333 0.010417 0.064815
0 0.352344 0.286574 0.013021 0.052778
