0 0.613802 0.380556 0.031771 0.140741
0 0.447396 0.366667 0.029167 0.142593
0 0.308333 0.424074 0.075000 0.351852
0 1.016406 0.642130 0.169271 0.756481
0 0.203646 0.398611 0.081250 0.269444
0 0.486458 0.371759 0.020833 0.128704
0 0.528906 0.341204 0.014063 0.056481
0 0.571094 0.371759 0.025521 0.156481
0 0.670833 0.366204 0.017708 0.113889
0 0.270833 0.364815 0.019792 0.120370
0 0.246875 0.362963 0.022917 0.120370
0 0.508333 0.335185 0.009375 0.035185
0 0.465104 0.356481 0.018750 0.057407
0 0.379167 0.343981 0.012500 0.060185
0 0.355208 0.339352 0.012500 0.073148
