0 0.607552 0.325463 0.033854 0.143519
0 0.457813 0.312500 0.028125 0.139815
0 0.422917 0.331019 0.043750 0.204630
0 0.879167 0.555093 0.112500 0.723148
0 0.230990 0.334722 0.051562 0.223148
0 0.492448 0.317593 0.025521 0.124074
0 0.525521 0.282870 0.011458 0.052778
0 0.561979 0.306019 0.021875 0.136111
0 0.284375 0.312963 0.025000 0.105556
0 0.632292 0.298148 0.018750 0.109259
0 0.124740 0.339352 0.045312 0.215741
0 0.103385 0.355556 0.036979 0.190741
0 0.373958 0.309259 0.025000 0.105556
0 0.362240 0.312963 0.021354 0.111111
0 0.317708 0.321759 0.022917 0.121296
0 0.026042 0.306481 0.017708 0.090741
0 0.058854 0.329167 0.028125 0.134259
0 0.394010 0.293519 0.010937 0.059259
0 0.346875 0.289815 0.011458 0.053704
