0 0.610677 0.380556 0.031771 0.144444
0 0.446354 0.366667 0.029167 0.142593
0 0.308594 0.423148 0.072396 0.346296
0 1.014063 0.635185 0.167708 0.751852
0 0.205469 0.396759 0.079687 0.276852
0 0.483854 0.368981 0.025000 0.128704
0 0.526302 0.341667 0.014063 0.057407
0 0.569010 0.372222 0.025521 0.157407
0 0.667969 0.365741 0.018229 0.114815
0 0.271354 0.364815 0.019792 0.120370
0 0.248958 0.362963 0.022917 0.120370
0 0.507552 0.335648 0.009896 0.036111
0 0.462500 0.358333 0.018750 0.057407
0 0.377344 0.347685 0.011979 0.060185
0 0.353646 0.342130 0.012500 0.073148
