0 0.619010 0.355556 0.032813 0.146296
0 0.458594 0.336111 0.028646 0.140741
0 0.393750 0.374537 0.054167 0.241667
0 0.953646 0.607870 0.119792 0.749074
0 0.212500 0.368519 0.066667 0.251852
0 0.496354 0.345370 0.028125 0.125926
0 0.527083 0.318981 0.012500 0.054630
0 0.567708 0.342130 0.025000 0.150926
0 0.296094 0.325463 0.021354 0.100926
0 0.650260 0.333333 0.019271 0.112963
0 0.037240 0.380093 0.061979 0.263889
0 0.335156 0.335648 0.020313 0.104630
0 0.312500 0.344907 0.022917 0.121296
0 0.347135 0.320370 0.010937 0.061111
0 0.357031 0.318056 0.013021 0.056481
