0 0.619531 0.351389 0.032813 0.143519
0 0.459375 0.333333 0.028125 0.140741
0 0.397396 0.371296 0.053125 0.235185
0 0.952083 0.598148 0.121875 0.748148
0 0.209115 0.363889 0.061979 0.250000
0 0.497135 0.341667 0.027604 0.125926
0 0.527604 0.316204 0.012500 0.054630
0 0.566667 0.341204 0.025000 0.150926
0 0.295573 0.323611 0.021354 0.100926
0 0.575521 0.342593 0.020833 0.137037
0 0.649479 0.329167 0.018750 0.112037
0 0.040885 0.378241 0.061979 0.262037
0 0.338281 0.332870 0.020313 0.104630
0 0.313021 0.343056 0.022917 0.121296
0 0.357552 0.317130 0.013021 0.056481
