0 0.588802 0.322222 0.030729 0.135185
0 0.451302 0.310648 0.025521 0.143519
0 0.431771 0.329630 0.038542 0.188889
0 0.832552 0.532407 0.111979 0.683333
0 0.977083 0.549537 0.147917 0.745370
0 0.241927 0.324074 0.036979 0.216667
0 0.482031 0.309259 0.023438 0.124074
0 0.510156 0.281944 0.013021 0.047222
0 0.543229 0.304167 0.022917 0.132407
0 0.263542 0.303704 0.025000 0.105556
0 0.548958 0.315278 0.020833 0.121296
0 0.609635 0.300463 0.017188 0.110185
0 0.146875 0.329630 0.038542 0.198148
0 0.123177 0.335648 0.027604 0.175000
0 0.384635 0.306481 0.024479 0.105556
0 0.369010 0.306944 0.019271 0.112037
0 0.315625 0.318056 0.022917 0.121296
0 0.023698 0.290741 0.019271 0.087037
0 0.058594 0.308796 0.026562 0.125000
0 0.332813 0.284722 0.011458 0.054630
0 0.343490 0.287963 0.013021 0.055556
