0 0.586198 0.318981 0.033854 0.150926
0 0.454687 0.311111 0.030208 0.140741
0 0.435937 0.324074 0.038542 0.187037
0 0.825000 0.536111 0.125000 0.720370
0 0.975521 0.534722 0.138542 0.730556
0 0.247135 0.323611 0.049479 0.215741
0 0.485417 0.308333 0.022917 0.124074
0 0.512500 0.278704 0.012500 0.046296
0 0.546615 0.306019 0.026562 0.132407
0 0.550521 0.313426 0.020833 0.121296
0 0.611719 0.299537 0.017188 0.110185
0 0.156771 0.327315 0.038542 0.195370
0 0.132552 0.330093 0.027604 0.173148
0 0.391146 0.305093 0.022917 0.106481
0 0.376563 0.306019 0.019792 0.110185
0 0.318229 0.315278 0.022917 0.121296
0 0.030469 0.283333 0.018229 0.087037
0 0.059375 0.304167 0.026042 0.123148
0 0.337500 0.284722 0.011458 0.054630
0 0.346094 0.287500 0.013021 0.054630
