0 0.589063 0.318519 0.034375 0.151852
0 0.456250 0.310185 0.030208 0.140741
0 0.438021 0.321759 0.038542 0.186111
0 0.827344 0.534722 0.123437 0.697222
0 0.976042 0.537500 0.136458 0.734259
0 0.250000 0.324074 0.056250 0.214815
0 0.486979 0.308333 0.022917 0.124074
0 0.513542 0.276852 0.012500 0.046296
0 0.548438 0.306944 0.028125 0.132407
0 0.551042 0.313426 0.020833 0.121296
0 0.613281 0.298611 0.017188 0.110185
0 0.161719 0.326389 0.039063 0.193519
0 0.137240 0.330093 0.027604 0.171296
0 0.394271 0.305093 0.021875 0.106481
0 0.380469 0.306019 0.020313 0.110185
0 0.319792 0.313426 0.022917 0.121296
0 0.034115 0.279630 0.018229 0.087037
0 0.061979 0.305093 0.026042 0.123148
0 0.370312 0.282407 0.010417 0.064815
0 0.340104 0.285185 0.011458 0.053704
0 0.347656 0.287037 0.013021 0.053704
