0 0.590104 0.329630 0.034375 0.151852
0 0.452083 0.315741 0.029167 0.140741
0 0.425781 0.331944 0.039063 0.191667
0 0.842187 0.552778 0.109375 0.705556
0 0.984896 0.562963 0.155208 0.759259
0 0.236719 0.327778 0.040104 0.216667
0 0.488542 0.310185 0.023958 0.124074
0 0.507292 0.288889 0.012500 0.048148
0 0.542448 0.312963 0.026562 0.133333
0 0.268229 0.306481 0.025000 0.105556
0 0.611198 0.308796 0.017188 0.110185
0 0.135937 0.335648 0.039583 0.202778
0 0.115885 0.343981 0.029687 0.178704
0 0.376563 0.313889 0.025000 0.105556
0 0.310937 0.322685 0.022917 0.121296
0 0.018750 0.297685 0.017708 0.087963
0 0.057812 0.316204 0.027083 0.128704
0 0.332292 0.295833 0.011458 0.054630
0 0.347656 0.287963 0.013021 0.055556
