0 0.637240 0.356019 0.028646 0.136111
0 0.462500 0.346296 0.029167 0.142593
0 0.282031 0.425463 0.075521 0.386111
0 0.229687 0.387037 0.059375 0.287037
0 0.503125 0.350926 0.029167 0.129630
0 0.550260 0.325000 0.014063 0.057407
0 0.596094 0.353241 0.025521 0.163889
0 0.321615 0.337500 0.021354 0.100926
0 0.706771 0.343056 0.022917 0.113889
0 0.000781 0.358796 0.026562 0.156481
0 0.517708 0.329630 0.009375 0.037037
0 0.482812 0.346296 0.018750 0.057407
0 0.394271 0.324537 0.015625 0.063889
0 0.372396 0.319907 0.015625 0.073148
0 0.356771 0.324537 0.012500 0.060185
