0 0.620052 0.361574 0.029687 0.136111
0 0.454687 0.350000 0.029167 0.140741
0 0.368750 0.390741 0.058333 0.266667
0 0.977604 0.600463 0.126042 0.743519
0 0.201823 0.385185 0.055729 0.255556
0 0.493750 0.351389 0.022917 0.125000
0 0.527083 0.325000 0.012500 0.055556
0 0.567969 0.347685 0.022396 0.150926
0 0.652865 0.341204 0.018229 0.110185
0 -0.006771 0.391204 0.061458 0.273148
0 0.306771 0.353704 0.022917 0.125926
0 0.022656 0.357870 0.027604 0.141667
0 0.503906 0.324537 0.009896 0.034259
0 0.466667 0.346296 0.018750 0.057407
