0 0.609896 0.326852 0.034375 0.150000
0 0.460417 0.309259 0.029167 0.140741
0 0.422917 0.331944 0.042708 0.208333
0 0.886458 0.558333 0.114583 0.731481
0 0.229687 0.335185 0.057292 0.224074
0 0.494271 0.315741 0.026042 0.124074
0 0.526563 0.281944 0.011458 0.052778
0 0.564323 0.306481 0.026562 0.137037
0 0.288021 0.313889 0.025000 0.105556
0 0.636979 0.295370 0.019792 0.109259
0 0.119792 0.342593 0.047917 0.220370
0 0.098177 0.357870 0.039063 0.193519
0 0.373958 0.308333 0.025000 0.105556
0 0.360938 0.312963 0.021875 0.111111
0 0.320833 0.319907 0.022917 0.121296
0 0.027083 0.306944 0.017708 0.091667
0 0.059896 0.330093 0.028125 0.134259
0 0.396615 0.292593 0.010937 0.059259
0 0.351042 0.287963 0.011458 0.053704
