0 0.621354 0.340278 0.033333 0.139815
0 0.461979 0.326852 0.028125 0.140741
0 0.402604 0.357407 0.051042 0.229630
0 0.947656 0.571759 0.126562 0.736111
0 0.206250 0.355093 0.055208 0.243519
0 0.498958 0.330556 0.026042 0.125926
0 0.529948 0.303704 0.011979 0.053704
0 0.570573 0.329630 0.027604 0.148148
0 0.294792 0.319907 0.021875 0.100926
0 0.648177 0.318981 0.018229 0.110185
0 0.062240 0.357407 0.061979 0.253704
0 0.033854 0.373611 0.054167 0.217593
0 0.347135 0.325463 0.020313 0.104630
0 0.314583 0.339352 0.022917 0.121296
0 0.005729 0.307870 0.017708 0.093519
0 0.377344 0.301852 0.013021 0.066667
0 0.359115 0.312500 0.013021 0.056481
