0 0.617448 0.379167 0.031771 0.139815
0 0.447917 0.363889 0.029167 0.142593
0 0.305729 0.424537 0.076042 0.356481
0 1.017448 0.645370 0.168229 0.755556
0 0.206771 0.396296 0.080208 0.275926
0 0.488021 0.365278 0.025000 0.128704
0 0.531510 0.340741 0.014063 0.057407
0 0.574740 0.368981 0.026562 0.156481
0 0.674219 0.363426 0.018229 0.113889
0 0.247396 0.362037 0.022917 0.120370
0 0.509375 0.334722 0.009375 0.036111
0 0.467187 0.354630 0.018750 0.057407
0 0.381250 0.341204 0.012500 0.060185
0 0.357031 0.337500 0.013021 0.073148
0 0.348438 0.341204 0.012500 0.058333
