0 0.625000 0.326852 0.034375 0.150000
0 0.468229 0.318519 0.029167 0.140741
0 0.417448 0.346296 0.047396 0.220370
0 0.933073 0.568981 0.134896 0.730556
0 0.221615 0.349074 0.055729 0.235185
0 0.504687 0.320370 0.028125 0.122222
0 0.535677 0.292593 0.011979 0.053704
0 0.575000 0.317130 0.027083 0.143519
0 0.297917 0.316667 0.023958 0.103704
0 0.648698 0.310185 0.019271 0.111111
0 0.096875 0.354167 0.060417 0.241667
0 0.068229 0.368056 0.047917 0.206481
0 0.363021 0.312963 0.020833 0.105556
0 0.348698 0.317130 0.023438 0.110185
0 0.317708 0.331019 0.022917 0.121296
0 0.022396 0.304167 0.017708 0.093519
0 0.382813 0.295833 0.011458 0.065741
