0 0.635156 0.360648 0.030729 0.134259
0 0.464062 0.351852 0.030208 0.144444
0 0.193750 0.439815 0.116667 0.472222
0 0.499740 0.356481 0.024479 0.133333
0 0.554427 0.327778 0.015104 0.059259
0 0.603125 0.358796 0.030208 0.171296
0 0.326302 0.337500 0.021354 0.100926
0 0.724740 0.351852 0.018229 0.112963
0 0.511719 0.327315 0.014063 0.056481
0 0.307292 0.357870 0.021875 0.136111
0 0.526563 0.324537 0.009375 0.037963
0 0.487500 0.350926 0.018750 0.057407
0 0.395052 0.328704 0.015104 0.066667
0 0.373177 0.327315 0.015104 0.075000
0 0.359896 0.325463 0.012500 0.060185
