0 0.617708 0.364815 0.033333 0.148148
0 0.456771 0.344444 0.029167 0.140741
0 0.380208 0.389815 0.058333 0.266667
0 0.966667 0.608796 0.121875 0.747222
0 0.209375 0.375926 0.068750 0.259259
0 0.493750 0.358333 0.030208 0.125926
0 0.528646 0.323611 0.012500 0.054630
0 0.570313 0.347685 0.025000 0.150926
0 0.298698 0.331944 0.021354 0.100926
0 0.651042 0.340741 0.020833 0.116667
0 0.023958 0.388426 0.061458 0.273148
0 0.324740 0.342593 0.020313 0.109259
0 0.309375 0.349537 0.022917 0.123148
0 0.468229 0.339815 0.018750 0.057407
0 0.345052 0.326852 0.010937 0.061111
