0 0.615104 0.325926 0.034375 0.151852
0 0.463542 0.312037 0.029167 0.140741
0 0.424219 0.340741 0.040104 0.211111
0 0.899479 0.556944 0.127083 0.741667
0 0.227083 0.337963 0.058333 0.224074
0 0.496094 0.316667 0.026562 0.124074
0 0.531771 0.285648 0.011458 0.052778
0 0.568490 0.308796 0.029687 0.137963
0 0.293750 0.314815 0.025000 0.105556
0 0.642708 0.300463 0.019792 0.110185
0 0.112240 0.347685 0.052604 0.228704
0 0.090365 0.361574 0.042188 0.197222
0 0.358854 0.313426 0.022917 0.110185
0 0.320833 0.322685 0.022917 0.121296
0 0.029167 0.307870 0.017708 0.093519
0 0.061458 0.330093 0.028125 0.134259
0 0.400781 0.291667 0.010937 0.059259
0 0.384375 0.292593 0.010417 0.064815
