0 0.633594 0.359259 0.030729 0.137037
0 0.464062 0.351852 0.030208 0.144444
0 0.184375 0.440741 0.118750 0.479630
0 0.500781 0.354167 0.026562 0.134259
0 0.553906 0.326852 0.015104 0.059259
0 0.603125 0.358333 0.030208 0.170370
0 0.326302 0.337500 0.021354 0.100926
0 0.726823 0.353704 0.018229 0.112963
0 0.511719 0.327778 0.014063 0.057407
0 0.306771 0.356944 0.021875 0.136111
0 0.526563 0.324074 0.009375 0.038889
0 0.487760 0.350463 0.019271 0.056481
0 0.394531 0.328704 0.015104 0.066667
0 0.373177 0.326389 0.015104 0.075000
0 0.359375 0.324537 0.012500 0.060185
