0 0.632813 0.357407 0.031250 0.138889
0 0.463542 0.350000 0.030208 0.144444
0 0.165885 0.443519 0.123437 0.494444
0 0.220573 0.388426 0.073438 0.315741
0 0.502083 0.352778 0.029167 0.135185
0 0.553906 0.326852 0.015104 0.059259
0 0.604167 0.357870 0.030208 0.169444
0 0.327344 0.337500 0.021354 0.100926
0 0.730990 0.357407 0.018229 0.112963
0 0.305729 0.356019 0.021875 0.136111
0 0.526563 0.323148 0.009375 0.038889
0 0.487760 0.349537 0.019271 0.056481
0 0.393490 0.327778 0.015104 0.066667
0 0.373177 0.325463 0.015104 0.075000
0 0.359375 0.323611 0.012500 0.060185
