0 0.620052 0.346759 0.032813 0.139815
0 0.459896 0.330556 0.028125 0.140741
0 0.398958 0.366667 0.052083 0.233333
0 0.950521 0.587963 0.123958 0.746296
0 0.205990 0.359722 0.057812 0.247222
0 0.497656 0.337500 0.026562 0.126852
0 0.528125 0.311574 0.012500 0.054630
0 0.567448 0.335185 0.023438 0.150000
0 0.295052 0.321759 0.021354 0.100926
0 0.576042 0.339815 0.020833 0.137037
0 0.648698 0.325000 0.018229 0.111111
0 0.047656 0.371296 0.061979 0.259259
0 0.341406 0.330093 0.020313 0.104630
0 0.313542 0.342130 0.022917 0.121296
0 0.358594 0.316204 0.013021 0.056481
