0 0.609375 0.381481 0.032292 0.148148
0 0.447396 0.365278 0.029167 0.141667
0 0.314844 0.419444 0.068229 0.327778
0 0.998437 0.629630 0.161458 0.735185
0 0.206510 0.395833 0.076563 0.289815
0 0.481510 0.367130 0.029687 0.128704
0 0.518750 0.343056 0.013542 0.056481
0 0.561979 0.374074 0.026042 0.157407
0 0.657552 0.364815 0.022396 0.116667
0 0.275521 0.364815 0.019792 0.120370
0 0.257813 0.362963 0.022917 0.120370
0 0.503646 0.337963 0.009375 0.035185
0 0.375260 0.344444 0.010937 0.059259
0 0.355990 0.339815 0.013021 0.070370
