0 0.621094 0.377778 0.031771 0.138889
0 0.448958 0.362037 0.029167 0.142593
0 0.303385 0.425000 0.077604 0.361111
0 1.019010 0.649537 0.167187 0.754630
0 0.210156 0.393981 0.079687 0.282407
0 0.489583 0.359259 0.029167 0.129630
0 0.534115 0.340741 0.014063 0.057407
0 0.578646 0.366667 0.027083 0.157407
0 0.677604 0.361574 0.018750 0.113889
0 -0.003906 0.368519 0.026562 0.155556
0 0.510156 0.333796 0.009896 0.036111
0 0.469792 0.352778 0.018750 0.057407
0 0.383333 0.337963 0.013542 0.061111
0 0.358854 0.334722 0.013542 0.073148
0 0.351042 0.338426 0.012500 0.058333
