0 0.630729 0.363426 0.031250 0.145370
0 0.457813 0.349074 0.029167 0.142593
0 0.282813 0.423148 0.083333 0.377778
0 1.028906 0.669907 0.160938 0.749074
0 0.223958 0.387037 0.070833 0.296296
0 0.498958 0.350926 0.029167 0.129630
0 0.544792 0.322222 0.013542 0.055556
0 0.590625 0.356019 0.032292 0.162037
0 0.695573 0.349537 0.021354 0.113889
0 -0.000781 0.357407 0.026562 0.159259
0 0.515104 0.331481 0.009375 0.037037
0 0.481250 0.343519 0.018750 0.057407
0 0.393750 0.322685 0.015625 0.062037
0 0.368490 0.323611 0.015104 0.073148
0 0.353125 0.325463 0.012500 0.060185
