0 0.622396 0.338426 0.033333 0.143519
0 0.463542 0.325926 0.028125 0.140741
0 0.404427 0.352778 0.050521 0.227778
0 0.946875 0.566204 0.127083 0.726852
0 0.209635 0.354167 0.056771 0.241667
0 0.499479 0.328241 0.027083 0.125000
0 0.530729 0.299537 0.012500 0.054630
0 0.572917 0.329630 0.033333 0.148148
0 0.295312 0.319444 0.021875 0.101852
0 0.648177 0.317593 0.018229 0.111111
0 0.068490 0.356019 0.061979 0.250926
0 0.039583 0.372685 0.053125 0.215741
0 0.350260 0.322685 0.020313 0.104630
0 0.335677 0.321759 0.023438 0.110185
0 0.315104 0.337500 0.022917 0.121296
0 0.008333 0.306019 0.017708 0.093519
0 0.378125 0.300463 0.012500 0.065741
