0 0.590625 0.316667 0.034375 0.151852
0 0.457813 0.310185 0.030208 0.140741
0 0.440365 0.321296 0.038021 0.185185
0 0.829948 0.533796 0.121354 0.673148
0 0.976823 0.540278 0.133854 0.737963
0 0.253125 0.325000 0.056250 0.214815
0 0.488802 0.308333 0.022396 0.124074
0 0.515104 0.275926 0.012500 0.046296
0 0.550521 0.308333 0.030208 0.131481
0 0.614323 0.298611 0.017188 0.110185
0 0.166667 0.324537 0.038542 0.191667
0 0.141406 0.330093 0.027604 0.171296
0 0.397656 0.304167 0.021354 0.106481
0 0.384375 0.305556 0.020833 0.109259
0 0.321354 0.311574 0.022917 0.121296
0 0.039583 0.280093 0.017708 0.086111
0 0.065104 0.306019 0.026042 0.123148
0 0.372396 0.282407 0.010417 0.064815
0 0.342708 0.285185 0.011458 0.053704
0 0.349219 0.287037 0.013021 0.053704
