0 0.594271 0.329630 0.034375 0.151852
0 0.452083 0.318519 0.029167 0.140741
0 0.425000 0.337500 0.037500 0.197222
0 0.853385 0.566667 0.118229 0.711111
0 1.004167 0.557407 0.150000 0.753704
0 0.233073 0.332870 0.040104 0.217593
0 0.490104 0.312037 0.023958 0.124074
0 0.514583 0.292130 0.012500 0.049074
0 0.547656 0.311111 0.030729 0.133333
0 0.273438 0.309259 0.025000 0.105556
0 0.616927 0.308333 0.017188 0.109259
0 0.133594 0.346296 0.041146 0.207407
0 0.112240 0.347685 0.031771 0.182407
0 0.373958 0.314815 0.025000 0.105556
0 0.309375 0.325463 0.022917 0.121296
0 0.021875 0.303241 0.017708 0.087963
0 0.057031 0.323611 0.027604 0.132407
0 0.335938 0.297222 0.011458 0.053704
0 0.352344 0.287963 0.013021 0.055556
