0 0.634635 0.358796 0.030729 0.137963
0 0.464062 0.351852 0.030208 0.144444
0 0.203385 0.439815 0.110937 0.464815
0 0.500781 0.353704 0.026562 0.133333
0 0.554688 0.328704 0.014583 0.059259
0 0.602865 0.359722 0.029687 0.169444
0 0.325781 0.337500 0.021354 0.100926
0 0.724479 0.353704 0.018750 0.112963
0 0.512240 0.327315 0.014063 0.056481
0 0.307812 0.357870 0.021875 0.136111
0 0.526563 0.325463 0.009375 0.037963
0 0.487500 0.351389 0.018750 0.056481
0 0.395573 0.329630 0.015104 0.066667
0 0.373177 0.328241 0.015104 0.075000
0 0.359896 0.325463 0.012500 0.060185
