0 0.608594 0.325926 0.033854 0.146296
0 0.459115 0.310648 0.028646 0.139815
0 0.422656 0.331019 0.043229 0.206481
0 0.882813 0.556481 0.113542 0.727778
0 0.230729 0.334259 0.057292 0.224074
0 0.493229 0.316667 0.026042 0.124074
0 0.526042 0.281944 0.011458 0.052778
0 0.563021 0.306019 0.023958 0.136111
0 0.285938 0.312963 0.025000 0.105556
0 0.634635 0.296296 0.019271 0.109259
0 0.122135 0.340741 0.046354 0.218519
0 0.100781 0.356944 0.038021 0.191667
0 0.373958 0.308333 0.025000 0.105556
0 0.361458 0.312963 0.021875 0.111111
0 0.319271 0.320833 0.022917 0.121296
0 0.026562 0.306481 0.017708 0.090741
0 0.059375 0.330093 0.028125 0.134259
0 0.395052 0.292593 0.010937 0.059259
0 0.348958 0.288889 0.011458 0.053704
