0 0.589063 0.329630 0.034375 0.151852
0 0.452083 0.314815 0.029167 0.140741
0 0.427865 0.331481 0.039063 0.190741
0 0.838802 0.548148 0.106771 0.703704
0 0.978906 0.565278 0.156771 0.760185
0 0.238281 0.326852 0.039063 0.216667
0 0.488021 0.310185 0.023958 0.124074
0 0.508073 0.285648 0.013021 0.047222
0 0.541667 0.313426 0.022917 0.132407
0 0.266667 0.305556 0.025000 0.105556
0 0.610677 0.306019 0.017188 0.110185
0 0.136979 0.332407 0.038542 0.201852
0 0.116927 0.342593 0.028646 0.177778
0 0.379167 0.311111 0.025000 0.105556
0 0.312500 0.320833 0.022917 0.121296
0 0.019531 0.296296 0.018229 0.087037
0 0.058073 0.313889 0.026562 0.127778
0 0.332292 0.292130 0.011458 0.054630
0 0.346094 0.287963 0.013021 0.055556
