0 0.623177 0.336111 0.033854 0.146296
0 0.464844 0.325000 0.028646 0.140741
0 0.406510 0.348611 0.049479 0.226852
0 0.945573 0.560185 0.127604 0.716667
0 0.213021 0.353241 0.058333 0.239815
0 0.499740 0.325463 0.027604 0.125000
0 0.531510 0.295370 0.011979 0.053704
0 0.573177 0.326389 0.032813 0.147222
0 0.295573 0.318981 0.022396 0.102778
0 0.648177 0.316204 0.018229 0.110185
0 0.075000 0.355093 0.061458 0.249074
0 0.045312 0.371759 0.052083 0.213889
0 0.352865 0.320833 0.020313 0.104630
0 0.338281 0.320833 0.023438 0.110185
0 0.315625 0.336574 0.022917 0.121296
0 0.010937 0.305093 0.017708 0.093519
0 0.379167 0.299537 0.012500 0.065741
