0 0.596875 0.327778 0.034375 0.148148
0 0.457552 0.323148 0.028646 0.140741
0 0.425521 0.339815 0.036458 0.200000
0 0.857812 0.562500 0.116667 0.712037
0 1.010677 0.555556 0.148438 0.751852
0 0.232813 0.334722 0.038542 0.219444
0 0.487240 0.323148 0.024479 0.124074
0 0.516146 0.290278 0.012500 0.049074
0 0.549740 0.310185 0.030729 0.133333
0 0.275521 0.310185 0.025000 0.105556
0 0.619531 0.306481 0.017188 0.109259
0 0.131771 0.344907 0.041667 0.208333
0 0.110937 0.349074 0.033333 0.183333
0 0.373958 0.313889 0.025000 0.105556
0 0.310937 0.324537 0.022917 0.121296
0 0.023177 0.305556 0.018229 0.087037
0 0.056771 0.325926 0.028125 0.133333
0 0.387240 0.295370 0.010937 0.059259
0 0.337500 0.296296 0.011458 0.053704
0 0.353906 0.287963 0.013021 0.055556
