0 0.622656 0.374537 0.031771 0.141667
0 0.450521 0.359259 0.029167 0.142593
0 0.300781 0.425463 0.078646 0.365741
0 1.020313 0.653704 0.165625 0.753704
0 0.213542 0.391667 0.079167 0.288889
0 0.491667 0.357407 0.029167 0.129630
0 0.536198 0.336574 0.014063 0.056481
0 0.582812 0.364815 0.028125 0.157407
0 0.681510 0.358796 0.019271 0.113889
0 -0.003385 0.365278 0.026562 0.156481
0 0.511198 0.333796 0.009896 0.036111
0 0.471875 0.350926 0.018750 0.057407
0 0.385417 0.335185 0.013542 0.061111
0 0.360938 0.332870 0.013542 0.073148
0 0.346354 0.335185 0.012500 0.059259
