0 0.618229 0.361574 0.033333 0.149074
0 0.457813 0.340741 0.029167 0.140741
0 0.386979 0.381944 0.056250 0.254630
0 0.959115 0.614815 0.119271 0.750000
0 0.210938 0.372222 0.067708 0.255556
0 0.495052 0.352778 0.029687 0.125926
0 0.528125 0.322685 0.012500 0.054630
0 0.570052 0.345833 0.025521 0.150926
0 0.297656 0.329167 0.021354 0.100926
0 0.650781 0.338889 0.020313 0.114815
0 0.030469 0.384259 0.061979 0.268519
0 0.329948 0.339352 0.020313 0.106481
0 0.311458 0.347685 0.022917 0.121296
0 0.346094 0.325000 0.010937 0.061111
0 0.355990 0.319907 0.013021 0.056481
