0 0.599740 0.326852 0.033854 0.144444
0 0.456771 0.320370 0.028125 0.140741
0 0.425260 0.337500 0.038021 0.200926
0 0.862500 0.559259 0.114583 0.712963
0 1.016927 0.553241 0.147396 0.750926
0 0.232552 0.336111 0.036979 0.220370
0 0.488281 0.321296 0.024479 0.124074
0 0.517969 0.288889 0.011979 0.050000
0 0.552083 0.309259 0.031250 0.133333
0 0.277083 0.311111 0.025000 0.105556
0 0.622135 0.304630 0.017188 0.109259
0 0.130469 0.343981 0.042188 0.210185
0 0.109635 0.350000 0.033854 0.185185
0 0.373958 0.312963 0.025000 0.105556
0 0.364323 0.311111 0.020313 0.111111
0 0.312500 0.323611 0.022917 0.121296
0 0.023698 0.305093 0.018229 0.087963
0 0.056771 0.329167 0.028125 0.134259
0 0.388281 0.294444 0.010937 0.059259
0 0.339583 0.294444 0.011458 0.053704
0 0.354948 0.287963 0.013021 0.055556
