0 0.639062 0.355556 0.031250 0.135185
0 0.463542 0.344444 0.030208 0.146296
0 0.128646 0.450926 0.103125 0.531481
0 0.214583 0.390278 0.068750 0.317593
0 0.504167 0.352778 0.029167 0.137037
0 0.559635 0.321759 0.015104 0.060185
0 0.613021 0.359259 0.040625 0.174074
0 0.329948 0.337500 0.021354 0.100926
0 0.305208 0.349537 0.021875 0.136111
0 0.530729 0.320370 0.009375 0.038889
0 0.488802 0.345833 0.020313 0.056481
0 0.391927 0.323148 0.015104 0.066667
0 0.373177 0.322685 0.015104 0.075000
0 0.363021 0.316204 0.012500 0.060185
