0 0.464062 0.362963 0.030208 0.150000
0 0.204687 0.418519 0.101042 0.377778
0 0.510938 0.363889 0.029167 0.137037
0 0.579167 0.335185 0.015625 0.062963
0 0.644010 0.373148 0.030729 0.198148
0 0.344792 0.346296 0.020833 0.094444
0 0.152344 0.370833 0.031771 0.134259
0 0.111979 0.374074 0.044792 0.148148
0 0.526302 0.331944 0.014063 0.058333
0 0.287760 0.369444 0.026562 0.153704
0 0.544792 0.330556 0.009375 0.038889
0 0.534896 0.329167 0.009375 0.041667
0 0.486458 0.355093 0.023958 0.063889
0 0.385156 0.340741 0.015104 0.066667
0 0.367708 0.331019 0.014583 0.076852
-1 0.761458 0.320833 0.023958 0.115741
-1 0.776042 0.321759 0.022917 0.110185
