0 0.640885 0.355556 0.030729 0.133333
0 0.464062 0.343519 0.030208 0.146296
0 0.114323 0.452778 0.115104 0.538889
0 0.214062 0.390741 0.065625 0.316667
0 0.505208 0.351852 0.029167 0.137037
0 0.560937 0.319907 0.015625 0.060185
0 0.614062 0.358333 0.033333 0.174074
0 0.330469 0.337500 0.021354 0.100926
0 0.305208 0.347685 0.021875 0.136111
0 0.532292 0.320370 0.009375 0.038889
0 0.489844 0.343981 0.020313 0.056481
0 0.391927 0.321296 0.015104 0.066667
0 0.373177 0.322685 0.015104 0.075000
0 0.364063 0.315278 0.012500 0.060185
