0 0.608854 0.369444 0.030208 0.129630
0 0.435937 0.370370 0.030208 0.148148
0 0.225781 0.443056 0.113021 0.426852
0 0.491406 0.374537 0.028646 0.139815
0 0.570833 0.346296 0.016667 0.072222
0 0.644010 0.389352 0.042188 0.232407
0 0.327604 0.357407 0.020833 0.094444
0 0.040885 0.385185 0.038021 0.142593
0 0.512240 0.345370 0.014063 0.059259
0 0.533594 0.340278 0.010937 0.037963
0 0.519792 0.337500 0.010417 0.043519
0 0.467969 0.369444 0.023438 0.068519
0 0.349219 0.352778 0.015104 0.066667
0 0.359635 0.349074 0.011979 0.057407
-1 0.756771 0.323611 0.023958 0.115741
-1 0.780729 0.328704 0.022917 0.114815
0 0.370833 0.351389 0.011458 0.058333
