0 0.643750 0.350000 0.029167 0.131481
0 0.466667 0.340741 0.030208 0.146296
0 0.201563 0.385185 0.083333 0.337037
0 0.506510 0.340741 0.026562 0.133333
0 0.571354 0.318056 0.014583 0.065741
0 0.628125 0.353241 0.025000 0.180556
0 0.338542 0.324074 0.020833 0.094444
0 0.524219 0.318981 0.014063 0.058333
0 0.300781 0.342593 0.027604 0.138889
0 0.539583 0.310185 0.009375 0.038889
0 0.530469 0.313426 0.007813 0.043519
0 0.391406 0.311111 0.015104 0.066667
0 0.372135 0.310648 0.015104 0.075000
0 0.383854 0.317130 0.011458 0.058333
