0 0.609635 0.367593 0.031771 0.137037
0 0.438542 0.372222 0.031250 0.151852
0 0.217188 0.450926 0.113542 0.446296
0 0.492708 0.375926 0.029167 0.140741
0 0.578125 0.343056 0.015625 0.073148
0 0.653125 0.382870 0.036458 0.243519
0 0.330208 0.361574 0.020833 0.095370
0 0.639062 0.386574 0.034375 0.213889
0 0.016667 0.381944 0.039583 0.145370
0 0.515625 0.342593 0.013542 0.061111
0 0.539323 0.340278 0.010937 0.037963
0 0.524740 0.334722 0.010937 0.043519
0 0.471094 0.363889 0.023438 0.070370
0 0.346615 0.344444 0.015104 0.066667
0 0.319271 0.348611 0.018750 0.076852
0 0.362500 0.346759 0.012500 0.060185
-1 0.767708 0.325463 0.023958 0.115741
-1 0.790885 0.333333 0.022396 0.116667
0 0.368229 0.350463 0.011458 0.058333
