0 0.457813 0.357407 0.030208 0.150000
0 0.215625 0.424074 0.106250 0.392593
0 0.506771 0.363889 0.029167 0.140741
0 0.578646 0.327778 0.016667 0.066667
0 0.647396 0.365278 0.029167 0.208333
0 0.341146 0.350000 0.020833 0.094444
0 0.636198 0.367593 0.026562 0.190741
0 0.126042 0.366667 0.037500 0.137037
0 0.076042 0.377315 0.050000 0.152778
0 0.526302 0.326389 0.014063 0.058333
0 0.278385 0.375000 0.023438 0.161111
0 0.544792 0.323148 0.009375 0.038889
0 0.533073 0.318056 0.008854 0.041667
0 0.482812 0.350926 0.023958 0.064815
0 0.378385 0.333333 0.015104 0.066667
0 0.357031 0.337037 0.017188 0.077778
-1 0.759375 0.318981 0.023958 0.115741
-1 0.777083 0.324074 0.022917 0.111111
0 0.384375 0.336574 0.011458 0.058333
