0 0.608333 0.370833 0.031250 0.134259
0 0.433333 0.371296 0.030208 0.150000
0 0.221354 0.438889 0.111458 0.418519
0 0.489583 0.375926 0.029167 0.140741
0 0.566406 0.348611 0.017188 0.065741
0 0.639062 0.389352 0.031250 0.223148
0 0.323437 0.357407 0.020833 0.094444
0 0.627865 0.389815 0.030729 0.198148
0 0.051823 0.387037 0.036979 0.140741
0 0.510417 0.345833 0.014583 0.058333
0 0.529427 0.341204 0.010937 0.037963
0 0.464583 0.365278 0.023958 0.065741
0 0.349740 0.350000 0.015104 0.066667
-1 0.752083 0.322685 0.023958 0.115741
-1 0.776042 0.326852 0.022917 0.114815
0 0.363542 0.349537 0.011458 0.058333
