0 0.620313 0.366667 0.032292 0.144444
0 0.443229 0.364815 0.030208 0.150000
0 0.220052 0.432407 0.109896 0.409259
0 0.491667 0.373148 0.029167 0.140741
0 0.567708 0.343981 0.016667 0.063889
0 0.639583 0.381019 0.026042 0.219444
0 0.327604 0.353704 0.020833 0.094444
0 0.630208 0.380556 0.031250 0.194444
0 0.079427 0.379630 0.036979 0.140741
0 0.007552 0.386111 0.046354 0.159259
0 0.513542 0.341204 0.014583 0.058333
0 0.532292 0.332870 0.010417 0.037963
0 0.520052 0.335185 0.008854 0.044444
0 0.470312 0.359259 0.023958 0.064815
0 0.355469 0.343056 0.015104 0.067593
-1 0.751042 0.319907 0.023958 0.115741
-1 0.773958 0.325000 0.022917 0.112963
0 0.368229 0.343981 0.011458 0.058333
