0 0.607812 0.374074 0.030208 0.135185
0 0.435417 0.373148 0.031250 0.151852
0 0.208594 0.459259 0.094271 0.453704
0 0.492188 0.375926 0.026042 0.140741
0 0.576562 0.346296 0.017708 0.074074
0 0.654948 0.392593 0.036979 0.248148
0 0.329948 0.365741 0.020313 0.096296
0 0.639062 0.393056 0.034375 0.217593
0 0.004167 0.382870 0.039583 0.145370
0 0.513802 0.344907 0.014063 0.060185
0 0.538802 0.342130 0.010937 0.037963
0 0.522656 0.342593 0.008854 0.044444
0 0.470052 0.367593 0.023438 0.070370
0 0.339844 0.347222 0.015104 0.066667
0 0.315104 0.348611 0.018750 0.076852
0 0.358854 0.348611 0.012500 0.060185
-1 0.773958 0.327778 0.023958 0.116667
-1 0.797917 0.334259 0.022917 0.118519
0 0.367188 0.350463 0.011458 0.058333
