0 0.614062 0.376389 0.031250 0.134259
0 0.442708 0.373148 0.030208 0.161111
0 0.148958 0.503241 0.150000 0.519444
0 0.495052 0.377778 0.026562 0.142593
0 0.695573 0.404167 0.052604 0.289815
0 0.354167 0.363889 0.019792 0.100000
0 0.677344 0.400463 0.042188 0.249074
0 0.531771 0.349537 0.014583 0.060185
0 0.555729 0.345833 0.010417 0.041667
0 0.542969 0.340741 0.010937 0.048148
0 0.333594 0.356481 0.015104 0.066667
0 0.377604 0.351389 0.012500 0.060185
-1 0.807552 0.335648 0.023438 0.121296
-1 0.833854 0.335648 0.026042 0.128704
-1 0.857552 0.337500 0.026562 0.121296
0 0.388021 0.348611 0.011458 0.058333
