0 0.609896 0.363426 0.031250 0.137963
0 0.437760 0.371296 0.030729 0.150000
0 0.217708 0.448148 0.112500 0.440741
0 0.492969 0.374537 0.028646 0.139815
0 0.576302 0.343519 0.017188 0.074074
0 0.650521 0.384259 0.035417 0.233333
0 0.330208 0.359259 0.020833 0.094444
0 0.639062 0.383333 0.034375 0.211111
0 0.025781 0.380556 0.039063 0.144444
0 0.515625 0.341667 0.013542 0.061111
0 0.537760 0.340278 0.010937 0.037963
0 0.524479 0.334259 0.009375 0.044444
0 0.471094 0.363889 0.023438 0.070370
0 0.347656 0.347222 0.015104 0.066667
0 0.321354 0.349537 0.018750 0.076852
0 0.363021 0.346759 0.012500 0.060185
-1 0.764062 0.324537 0.023958 0.115741
-1 0.787760 0.331944 0.022396 0.115741
0 0.369271 0.350463 0.011458 0.058333
