0 0.644271 0.352315 0.032292 0.145370
0 0.462500 0.345370 0.030208 0.146296
0 0.197396 0.399074 0.090625 0.353704
0 0.509375 0.352778 0.029167 0.137037
0 0.573438 0.331481 0.014583 0.066667
0 0.632552 0.363426 0.026562 0.186111
0 0.338542 0.329630 0.020833 0.094444
0 0.525781 0.324537 0.014063 0.058333
0 0.302865 0.354167 0.021354 0.145370
0 0.542188 0.319444 0.009375 0.038889
0 0.531250 0.316667 0.008333 0.044444
0 0.481510 0.337037 0.024479 0.062963
0 0.390365 0.319444 0.015104 0.066667
0 0.370052 0.315278 0.015104 0.075000
