0 0.644271 0.350926 0.032292 0.146296
0 0.461979 0.343519 0.030208 0.146296
0 0.198698 0.393519 0.089063 0.350000
0 0.509375 0.351852 0.029167 0.137037
0 0.572396 0.323148 0.015625 0.066667
0 0.629948 0.359259 0.026562 0.183333
0 0.338542 0.326852 0.020833 0.094444
0 0.524740 0.321759 0.014063 0.058333
0 0.300260 0.347222 0.026562 0.144444
0 0.540625 0.314815 0.009375 0.038889
0 0.531510 0.314815 0.007813 0.044444
0 0.480990 0.333333 0.024479 0.061111
0 0.390885 0.315741 0.015104 0.066667
0 0.371094 0.312500 0.015104 0.075000
0 0.384375 0.318056 0.011458 0.058333
