0 0.613542 0.373148 0.031250 0.135185
0 0.442188 0.374074 0.030208 0.162963
0 0.150000 0.499074 0.148958 0.522222
0 0.493229 0.377778 0.029167 0.142593
0 0.689323 0.403704 0.043229 0.281481
0 0.353125 0.364352 0.019792 0.099074
0 0.675781 0.400463 0.042188 0.247222
0 0.531250 0.350463 0.014583 0.060185
0 0.555208 0.346759 0.010417 0.041667
0 0.542188 0.341204 0.010417 0.047222
0 0.334115 0.358333 0.015104 0.066667
0 0.377083 0.352315 0.012500 0.060185
-1 0.805990 0.337500 0.023438 0.121296
-1 0.832292 0.336574 0.026042 0.128704
-1 0.855990 0.338426 0.026562 0.121296
0 0.387500 0.349537 0.011458 0.058333
