0 0.608333 0.370370 0.031250 0.129630
0 0.434896 0.371296 0.030208 0.150000
0 0.221875 0.441667 0.112500 0.425926
0 0.490625 0.375926 0.029167 0.140741
0 0.572135 0.351852 0.014063 0.074074
0 0.645312 0.389352 0.033333 0.225000
0 0.326562 0.357407 0.020833 0.094444
0 0.630990 0.387500 0.031771 0.202778
0 0.043229 0.385648 0.037500 0.141667
0 0.511719 0.346296 0.014063 0.059259
0 0.532552 0.340278 0.010937 0.037963
0 0.518229 0.339352 0.010417 0.043519
0 0.466927 0.368056 0.023438 0.067593
0 0.349219 0.351852 0.015104 0.066667
0 0.357552 0.348611 0.011979 0.058333
-1 0.755729 0.322685 0.023958 0.115741
-1 0.779687 0.328704 0.022917 0.114815
0 0.368750 0.350463 0.011458 0.058333
