0 0.609375 0.368519 0.029167 0.129630
0 0.437240 0.369907 0.029687 0.147222
0 0.229948 0.443981 0.114063 0.426852
0 0.492448 0.373148 0.027604 0.138889
0 0.569792 0.340741 0.018750 0.070370
0 0.643229 0.389815 0.051042 0.238889
0 0.328646 0.357407 0.020833 0.094444
0 0.038281 0.384259 0.038021 0.142593
0 0.512760 0.344907 0.014063 0.060185
0 0.534115 0.340278 0.010937 0.037963
0 0.521615 0.336574 0.009896 0.043519
0 0.469010 0.367130 0.023438 0.069444
0 0.348698 0.351852 0.015104 0.066667
0 0.360156 0.348148 0.011979 0.057407
-1 0.758333 0.323611 0.023958 0.115741
-1 0.782031 0.329630 0.022396 0.114815
0 0.370312 0.350463 0.011458 0.058333
