0 0.604688 0.377778 0.032292 0.138889
0 0.432812 0.380093 0.031250 0.154630
0 0.176302 0.479630 0.133854 0.496296
0 0.490104 0.379630 0.029167 0.142593
0 0.585156 0.352315 0.018229 0.078704
0 0.669531 0.399537 0.039063 0.263889
0 0.338281 0.368981 0.020313 0.097222
0 0.656771 0.400463 0.038542 0.230556
0 0.521875 0.352315 0.014583 0.060185
0 0.546094 0.346759 0.010937 0.037963
0 0.529948 0.342593 0.010937 0.042593
0 0.473698 0.375926 0.023438 0.070370
0 0.365104 0.354167 0.012500 0.060185
-1 0.791667 0.334259 0.023958 0.118519
-1 0.816927 0.336574 0.024479 0.125000
-1 0.836458 0.339352 0.027083 0.115741
0 0.375000 0.355093 0.011458 0.058333
