0 0.459896 0.356481 0.030208 0.150000
0 0.218490 0.423148 0.100521 0.383333
0 0.509896 0.362500 0.029167 0.139815
0 0.580469 0.327778 0.016146 0.068519
0 0.648958 0.366667 0.029167 0.205556
0 0.343750 0.350000 0.020833 0.094444
0 0.637760 0.365278 0.025521 0.189815
0 0.134375 0.367130 0.037500 0.136111
0 0.088542 0.376852 0.050000 0.151852
0 0.527344 0.326389 0.014063 0.058333
0 0.281771 0.372685 0.023958 0.160185
0 0.546875 0.324074 0.009375 0.038889
0 0.535156 0.318981 0.008854 0.041667
0 0.484896 0.351852 0.023958 0.064815
0 0.380990 0.336111 0.015104 0.066667
0 0.360417 0.336111 0.016667 0.077778
0 0.375000 0.330093 0.012500 0.060185
-1 0.760938 0.319907 0.023958 0.115741
-1 0.777083 0.323148 0.022917 0.111111
0 0.387500 0.334722 0.011458 0.058333
