0 0.465625 0.350926 0.030208 0.148148
0 0.202344 0.409722 0.094271 0.354630
0 0.508333 0.354167 0.027083 0.136111
0 0.574479 0.331944 0.014583 0.065741
0 0.636458 0.362963 0.034375 0.190741
0 0.338542 0.337037 0.020833 0.094444
0 0.142969 0.355093 0.032813 0.143519
0 0.525781 0.330093 0.014063 0.058333
0 0.295052 0.362500 0.024479 0.147222
0 0.543229 0.321296 0.009375 0.038889
0 0.531510 0.322222 0.008854 0.042593
0 0.483073 0.345370 0.024479 0.061111
0 0.388281 0.328704 0.015104 0.066667
0 0.367969 0.320833 0.015104 0.075000
0 0.371875 0.331019 0.012500 0.060185
-1 0.754167 0.318981 0.023958 0.115741
