0 0.447396 0.362963 0.030208 0.150000
0 0.220312 0.430556 0.109375 0.405556
0 0.494531 0.368519 0.027604 0.138889
0 0.570313 0.343056 0.015625 0.062037
0 0.643750 0.380093 0.026042 0.217593
0 0.330208 0.351852 0.020833 0.094444
0 0.631250 0.379167 0.031250 0.193519
0 0.088281 0.375926 0.036979 0.140741
0 0.025260 0.383796 0.049479 0.160185
0 0.516406 0.340278 0.014063 0.058333
0 0.534635 0.331481 0.009896 0.038889
0 0.522135 0.332407 0.008854 0.044444
0 0.473438 0.358333 0.023958 0.064815
0 0.360417 0.340741 0.014583 0.068519
0 0.336979 0.341204 0.018750 0.076852
-1 0.753125 0.318981 0.023958 0.115741
-1 0.775521 0.325000 0.022917 0.112963
0 0.372396 0.343056 0.011458 0.058333
