0 0.608333 0.371296 0.031250 0.135185
0 0.432812 0.371296 0.030208 0.150000
0 0.223177 0.437963 0.110937 0.414815
0 0.489583 0.375926 0.029167 0.140741
0 0.565885 0.348611 0.015104 0.065741
0 0.638281 0.386574 0.030729 0.223148
0 0.322396 0.357407 0.020833 0.094444
0 0.627865 0.388426 0.030729 0.197222
0 0.055469 0.386111 0.036979 0.140741
0 0.510417 0.344907 0.014583 0.058333
0 0.527865 0.342130 0.010937 0.037963
0 0.463802 0.364352 0.023438 0.065741
0 0.349740 0.349074 0.015104 0.066667
-1 0.751042 0.321759 0.023958 0.115741
-1 0.775000 0.326389 0.022917 0.113889
0 0.361979 0.349537 0.011458 0.058333
