0 0.455729 0.358333 0.030208 0.150000
0 0.216927 0.426852 0.106771 0.392593
0 0.503906 0.362963 0.027604 0.138889
0 0.576042 0.328241 0.016667 0.065741
0 0.644010 0.371296 0.038021 0.211111
0 0.338021 0.350000 0.020833 0.094444
0 0.117708 0.368056 0.037500 0.137963
0 0.063281 0.377315 0.049479 0.154630
0 0.523698 0.330093 0.014063 0.058333
0 0.273698 0.377315 0.023438 0.162037
0 0.542188 0.325926 0.009375 0.038889
0 0.529948 0.321296 0.008854 0.042593
0 0.480729 0.350000 0.023958 0.064815
0 0.375781 0.330556 0.015104 0.066667
0 0.353385 0.337963 0.018229 0.077778
-1 0.758333 0.318056 0.023958 0.115741
-1 0.777604 0.324537 0.022917 0.112037
0 0.381250 0.338426 0.011458 0.058333
