0 0.602344 0.379630 0.031771 0.137037
0 0.431250 0.381019 0.031250 0.152778
0 0.181250 0.476852 0.131250 0.490741
0 0.489583 0.380093 0.028125 0.141667
0 0.582552 0.354630 0.017188 0.077778
0 0.667708 0.401389 0.038542 0.260185
0 0.334635 0.370833 0.020313 0.097222
0 0.653125 0.400000 0.037500 0.227778
0 0.518229 0.350926 0.014583 0.059259
0 0.543490 0.348611 0.010937 0.037963
0 0.526823 0.346296 0.010937 0.042593
0 0.471094 0.376852 0.023438 0.070370
0 0.363021 0.354167 0.012500 0.060185
-1 0.789063 0.333333 0.023958 0.118519
-1 0.814323 0.336111 0.024479 0.124074
-1 0.832552 0.338889 0.027604 0.114815
0 0.371875 0.356019 0.011458 0.058333
