0 0.463021 0.352778 0.030208 0.150000
0 0.203385 0.417593 0.096354 0.366667
0 0.510417 0.357407 0.029167 0.137037
0 0.576823 0.336111 0.016146 0.062963
0 0.640104 0.368519 0.026042 0.194444
0 0.342187 0.342593 0.020833 0.094444
0 0.158854 0.371296 0.027083 0.133333
0 0.121094 0.368056 0.040104 0.145370
0 0.525781 0.335648 0.014063 0.058333
0 0.290885 0.368056 0.027604 0.150926
0 0.543750 0.327778 0.009375 0.038889
0 0.484896 0.351389 0.023958 0.062037
0 0.386198 0.336111 0.015104 0.066667
0 0.367708 0.327315 0.014583 0.076852
0 0.370833 0.340278 0.012500 0.060185
-1 0.758854 0.319907 0.023958 0.115741
