0 0.609896 0.367593 0.028125 0.129630
0 0.438281 0.369444 0.029687 0.146296
0 0.233854 0.445370 0.114583 0.427778
0 0.493490 0.371759 0.026562 0.137963
0 0.571354 0.340741 0.017708 0.070370
0 0.643490 0.387037 0.048438 0.233333
0 0.329688 0.357407 0.020833 0.094444
0 0.035937 0.383796 0.038542 0.143519
0 0.513542 0.344444 0.013542 0.059259
0 0.535156 0.340278 0.010937 0.037963
0 0.522135 0.335648 0.009896 0.043519
0 0.470052 0.365278 0.023438 0.069444
0 0.348698 0.350926 0.015104 0.066667
0 0.360677 0.347685 0.011979 0.058333
-1 0.759375 0.323611 0.023958 0.115741
-1 0.783073 0.330093 0.022396 0.115741
0 0.370312 0.350463 0.011458 0.058333
