0 0.643229 0.353704 0.031250 0.135185
0 0.463542 0.341667 0.030208 0.146296
0 0.085938 0.456481 0.138542 0.553704
0 0.211719 0.388426 0.069271 0.321296
0 0.506771 0.350926 0.029167 0.137037
0 0.563542 0.317130 0.015625 0.060185
0 0.616146 0.354167 0.026042 0.175000
0 0.332552 0.331944 0.021354 0.100926
0 0.519010 0.315278 0.014063 0.058333
0 0.305208 0.343981 0.021875 0.136111
0 0.535417 0.314815 0.009375 0.038889
0 0.491927 0.340278 0.020313 0.056481
0 0.391927 0.317593 0.015104 0.066667
0 0.372656 0.319907 0.015104 0.075000
0 0.365625 0.311574 0.012500 0.060185
0 0.380729 0.312500 0.011458 0.058333
