0 0.615104 0.380556 0.031250 0.133333
0 0.443750 0.372222 0.030208 0.159259
0 0.148177 0.506944 0.151562 0.517593
0 0.494792 0.376852 0.023958 0.142593
0 0.604167 0.353704 0.023958 0.085185
0 0.702083 0.404630 0.062500 0.298148
0 0.355208 0.363889 0.019792 0.100000
0 0.678906 0.400463 0.042188 0.250926
0 0.532292 0.348611 0.014583 0.060185
0 0.556510 0.344444 0.009896 0.042593
0 0.543750 0.340278 0.010417 0.049074
0 0.504167 0.379630 0.022917 0.070370
0 0.333333 0.354630 0.015625 0.066667
0 0.378125 0.350463 0.012500 0.060185
-1 0.809115 0.334259 0.023438 0.122222
-1 0.835156 0.334722 0.026562 0.128704
-1 0.859115 0.336111 0.026562 0.122222
0 0.388542 0.347685 0.011458 0.058333
