0 0.611979 0.375926 0.032292 0.140741
0 0.439062 0.375926 0.030208 0.159259
0 0.167969 0.498611 0.136979 0.491667
0 0.489583 0.374074 0.029167 0.144444
0 0.596354 0.350463 0.015625 0.082407
0 0.684375 0.400463 0.043750 0.275000
0 0.348698 0.364815 0.020313 0.098148
0 0.669531 0.401852 0.042188 0.240741
0 0.528646 0.352315 0.014583 0.060185
0 0.551562 0.344907 0.010417 0.039815
0 0.539323 0.343056 0.010937 0.043519
0 0.333594 0.353704 0.015104 0.066667
0 0.376563 0.352315 0.012500 0.060185
-1 0.800260 0.337500 0.023438 0.121296
-1 0.826562 0.337037 0.025000 0.127778
-1 0.849219 0.339352 0.026562 0.119444
0 0.385937 0.353241 0.011458 0.058333
