0 0.611198 0.373611 0.028646 0.130556
0 0.441406 0.375463 0.030729 0.158333
0 0.179688 0.500926 0.130208 0.470370
0 0.493229 0.376852 0.026042 0.137037
0 0.590104 0.352778 0.021875 0.083333
0 0.679167 0.396759 0.043750 0.271296
0 0.346615 0.365278 0.020313 0.097222
0 0.526563 0.352315 0.014583 0.060185
0 0.549219 0.340741 0.010937 0.038889
0 0.535677 0.339352 0.010937 0.043519
0 0.479427 0.373148 0.023438 0.070370
0 0.333594 0.350926 0.015104 0.066667
0 0.369271 0.351389 0.012500 0.060185
-1 0.797917 0.336574 0.023958 0.119444
-1 0.823958 0.337037 0.025000 0.127778
-1 0.845573 0.339815 0.026562 0.118519
0 0.382813 0.353241 0.011458 0.058333
