0 0.458854 0.357407 0.030208 0.150000
0 0.216927 0.423611 0.103646 0.387963
0 0.508333 0.363426 0.029167 0.139815
0 0.580208 0.329167 0.016667 0.067593
0 0.647917 0.365741 0.029167 0.207407
0 0.342187 0.350000 0.020833 0.094444
0 0.636979 0.366204 0.026042 0.189815
0 0.130729 0.366667 0.037500 0.137037
0 0.082292 0.377315 0.050000 0.152778
0 0.527865 0.325463 0.014063 0.058333
0 0.280990 0.374074 0.023438 0.161111
0 0.546354 0.322222 0.009375 0.038889
0 0.534115 0.318056 0.008854 0.041667
0 0.483854 0.350926 0.023958 0.064815
0 0.379427 0.334259 0.015104 0.066667
0 0.358854 0.336574 0.016667 0.076852
-1 0.760417 0.318981 0.023958 0.115741
-1 0.777083 0.323611 0.022917 0.112037
0 0.385937 0.335648 0.011458 0.058333
