0 0.644271 0.346759 0.032292 0.145370
0 0.460938 0.337963 0.030208 0.146296
0 0.041667 0.465278 0.167708 0.604630
0 0.203646 0.380093 0.084375 0.339815
0 0.509375 0.349074 0.029167 0.137037
0 0.569792 0.308796 0.012500 0.062037
0 0.622917 0.345833 0.028125 0.178704
0 0.337240 0.322222 0.021354 0.098148
0 0.522656 0.313426 0.014063 0.058333
0 0.304688 0.337963 0.022917 0.137037
0 0.537500 0.308333 0.009375 0.038889
0 0.528906 0.311574 0.007813 0.041667
0 0.480729 0.327778 0.021875 0.059259
0 0.496615 0.331019 0.020313 0.056481
0 0.392448 0.307407 0.015104 0.066667
0 0.372656 0.313426 0.015104 0.075000
0 0.382813 0.313426 0.011458 0.058333
