0 0.608333 0.370833 0.031250 0.132407
0 0.433854 0.371296 0.030208 0.150000
0 0.219792 0.439815 0.111458 0.422222
0 0.490104 0.375926 0.029167 0.140741
0 0.567187 0.349074 0.018750 0.066667
0 0.640885 0.388889 0.031771 0.224074
0 0.324479 0.357407 0.020833 0.094444
0 0.628646 0.388889 0.031250 0.200000
0 0.048698 0.387963 0.036979 0.140741
0 0.510677 0.347685 0.014063 0.058333
0 0.531510 0.340278 0.010937 0.037963
0 0.465365 0.366204 0.023438 0.067593
0 0.349219 0.350000 0.015104 0.066667
-1 0.753125 0.322685 0.023958 0.115741
-1 0.777344 0.327778 0.022396 0.114815
0 0.365104 0.349537 0.011458 0.058333
