0 0.602083 0.378704 0.031250 0.135185
0 0.429688 0.378704 0.031250 0.151852
0 0.196354 0.467130 0.123958 0.462037
0 0.490365 0.378241 0.027604 0.139815
0 0.575781 0.354167 0.018229 0.076852
0 0.657292 0.396296 0.046875 0.255556
0 0.329948 0.370833 0.020313 0.097222
0 0.514583 0.347685 0.014583 0.060185
0 0.538281 0.345833 0.010937 0.037963
0 0.468490 0.375000 0.023438 0.070370
0 0.305990 0.348148 0.018229 0.075926
0 0.356771 0.352315 0.012500 0.060185
-1 0.781510 0.330556 0.023438 0.118519
-1 0.805990 0.334722 0.023438 0.121296
-1 0.821615 0.337963 0.027604 0.111111
0 0.366667 0.354167 0.011458 0.058333
