0 0.455208 0.359259 0.030208 0.150000
0 0.217708 0.427778 0.106250 0.392593
0 0.502865 0.362037 0.026562 0.137037
0 0.575260 0.330556 0.016146 0.064815
0 0.641146 0.378704 0.046875 0.212963
0 0.336979 0.350000 0.020833 0.094444
0 0.113281 0.368056 0.036979 0.137963
0 0.057031 0.376852 0.049479 0.155556
0 0.522656 0.331944 0.014063 0.058333
0 0.271615 0.378241 0.023438 0.162037
0 0.540625 0.326852 0.009375 0.038889
0 0.528906 0.323148 0.008854 0.042593
0 0.479687 0.351852 0.023958 0.064815
0 0.372917 0.332870 0.014583 0.069444
0 0.351563 0.338426 0.018750 0.076852
-1 0.757813 0.317130 0.023958 0.115741
-1 0.777604 0.324537 0.022917 0.112037
0 0.380208 0.339352 0.011458 0.058333
