0 0.644271 0.351389 0.032292 0.145370
0 0.461979 0.344444 0.030208 0.146296
0 0.198177 0.396296 0.090104 0.351852
0 0.509375 0.351852 0.029167 0.137037
0 0.572656 0.326852 0.015104 0.066667
0 0.631250 0.362500 0.027083 0.184259
0 0.338542 0.327778 0.020833 0.094444
0 0.525260 0.322685 0.014063 0.058333
0 0.301563 0.350463 0.023958 0.145370
0 0.541146 0.316667 0.009375 0.038889
0 0.531250 0.315741 0.008333 0.044444
0 0.481250 0.335648 0.023958 0.062037
0 0.390365 0.317593 0.015104 0.066667
0 0.370573 0.313426 0.015104 0.075000
