0 0.609375 0.371296 0.030208 0.133333
0 0.433854 0.370370 0.030208 0.150000
0 0.224740 0.437037 0.110937 0.411111
0 0.489063 0.374074 0.028125 0.140741
0 0.564323 0.345370 0.016146 0.066667
0 0.637500 0.384259 0.030208 0.224074
0 0.321354 0.357407 0.020833 0.094444
0 0.628385 0.387500 0.030729 0.197222
0 0.058594 0.385185 0.036979 0.140741
0 0.510417 0.343981 0.014583 0.058333
0 0.527865 0.340278 0.010937 0.037963
0 0.463021 0.363426 0.023958 0.065741
0 0.349740 0.348148 0.015104 0.066667
-1 0.749479 0.321759 0.023958 0.115741
-1 0.773958 0.325926 0.022917 0.114815
0 0.361979 0.348611 0.011458 0.058333
