0 0.644271 0.348148 0.032292 0.144444
0 0.460938 0.339815 0.030208 0.146296
0 0.016927 0.471759 0.169271 0.597222
0 0.202865 0.379630 0.081771 0.333333
0 0.509375 0.350000 0.029167 0.137037
0 0.570313 0.313426 0.013542 0.063889
0 0.625260 0.349074 0.026562 0.179630
0 0.337760 0.323148 0.021354 0.096296
0 0.523177 0.316204 0.014063 0.058333
0 0.302865 0.340278 0.025521 0.137963
0 0.538542 0.308333 0.009375 0.038889
0 0.529687 0.312037 0.008333 0.042593
0 0.481771 0.327778 0.021875 0.059259
0 0.497656 0.330556 0.020313 0.057407
0 0.392448 0.307407 0.015104 0.066667
0 0.372656 0.310648 0.015104 0.075000
0 0.383333 0.315278 0.011458 0.058333
