0 0.607812 0.376852 0.032292 0.138889
0 0.435417 0.378704 0.031250 0.157407
0 0.173958 0.488426 0.134375 0.491667
0 0.489583 0.376852 0.029167 0.142593
0 0.588281 0.351852 0.020313 0.081481
0 0.675000 0.398148 0.041667 0.268519
0 0.342969 0.366204 0.020313 0.097222
0 0.525000 0.352315 0.014583 0.060185
0 0.547656 0.341204 0.010937 0.037963
0 0.533594 0.337963 0.010937 0.042593
0 0.476823 0.374074 0.023438 0.070370
0 0.333594 0.349074 0.015104 0.066667
0 0.367708 0.352315 0.012500 0.060185
-1 0.795573 0.335648 0.023438 0.119444
-1 0.821094 0.336574 0.024479 0.126852
-1 0.841667 0.339352 0.027083 0.117593
0 0.379688 0.354167 0.011458 0.058333
