0 0.606250 0.375000 0.031250 0.135185
0 0.434375 0.374074 0.031250 0.151852
0 0.206771 0.460185 0.101042 0.457407
0 0.491667 0.376852 0.029167 0.142593
0 0.577604 0.348611 0.015625 0.075000
0 0.654167 0.393981 0.037500 0.249074
0 0.329948 0.366667 0.020313 0.096296
0 0.639062 0.394444 0.034375 0.218519
0 -0.003125 0.381944 0.039583 0.145370
0 0.513542 0.345370 0.014583 0.061111
0 0.537760 0.343056 0.010937 0.037963
0 0.522135 0.344444 0.008854 0.044444
0 0.470052 0.369444 0.023438 0.070370
0 0.338281 0.348148 0.015104 0.066667
0 0.313542 0.348611 0.018750 0.076852
0 0.357812 0.348611 0.012500 0.060185
-1 0.775260 0.328241 0.023438 0.117593
-1 0.798958 0.334259 0.022917 0.118519
0 0.367188 0.350463 0.011458 0.058333
