0 0.609896 0.372685 0.030208 0.134259
0 0.438021 0.372222 0.031250 0.151852
0 0.212500 0.456481 0.095833 0.450000
0 0.492708 0.375463 0.026042 0.139815
0 0.576042 0.343519 0.018750 0.074074
0 0.654948 0.388889 0.035937 0.246296
0 0.330208 0.364352 0.020833 0.095370
0 0.639062 0.390278 0.034375 0.215741
0 0.007813 0.383796 0.039583 0.145370
0 0.514844 0.343981 0.014063 0.060185
0 0.540365 0.342130 0.010937 0.037963
0 0.524219 0.339815 0.008854 0.044444
0 0.470573 0.365741 0.023438 0.070370
0 0.342969 0.345370 0.015104 0.066667
0 0.317708 0.348611 0.018750 0.076852
0 0.360417 0.347685 0.012500 0.060185
-1 0.771354 0.326852 0.023958 0.116667
-1 0.795052 0.333796 0.022396 0.117593
0 0.367708 0.350463 0.011458 0.058333
