0 0.643750 0.348148 0.032292 0.142593
0 0.461458 0.337963 0.030208 0.146296
0 0.066406 0.462963 0.155729 0.572222
0 0.208854 0.382407 0.082292 0.335185
0 0.508333 0.349074 0.029167 0.137037
0 0.566146 0.313889 0.014583 0.061111
0 0.618490 0.348148 0.025521 0.175926
0 0.336719 0.321759 0.021354 0.100926
0 0.521094 0.311574 0.014063 0.058333
0 0.305208 0.340278 0.021875 0.136111
0 0.536979 0.310185 0.009375 0.038889
0 0.527604 0.309722 0.008333 0.039815
0 0.493490 0.336574 0.020313 0.056481
0 0.392448 0.312963 0.015104 0.066667
0 0.372656 0.317130 0.015104 0.075000
0 0.367708 0.307870 0.012500 0.060185
0 0.382292 0.311574 0.011458 0.058333
