0 0.603125 0.377778 0.031250 0.137037
0 0.430208 0.377778 0.031250 0.151852
0 0.198958 0.464352 0.122917 0.465741
0 0.491667 0.377778 0.029167 0.140741
0 0.575781 0.353241 0.016146 0.076852
0 0.654167 0.395370 0.037500 0.253704
0 0.329948 0.369907 0.020313 0.097222
0 0.514062 0.347222 0.014583 0.059259
0 0.537760 0.344907 0.010937 0.037963
0 0.520312 0.343981 0.011458 0.047222
0 0.469010 0.374074 0.023438 0.070370
0 0.308594 0.348148 0.018229 0.075926
0 0.356771 0.351389 0.012500 0.060185
-1 0.780208 0.330093 0.023958 0.117593
-1 0.804427 0.335185 0.023438 0.120370
-1 0.819531 0.337963 0.027604 0.111111
0 0.366667 0.353241 0.011458 0.058333
