0 0.614062 0.366667 0.032292 0.144444
0 0.436979 0.367593 0.030208 0.150000
0 0.221875 0.435185 0.110417 0.411111
0 0.488542 0.375926 0.029167 0.140741
0 0.564844 0.342130 0.017188 0.065741
0 0.637500 0.381481 0.028125 0.222222
0 0.323437 0.355556 0.020833 0.094444
0 0.629427 0.384259 0.030729 0.196296
0 0.069010 0.382407 0.036979 0.140741
0 0.510417 0.340278 0.014583 0.058333
0 0.528906 0.335648 0.010937 0.037963
0 0.465625 0.361111 0.023958 0.064815
0 0.350260 0.346296 0.015104 0.066667
-1 0.747917 0.320833 0.023958 0.115741
-1 0.772396 0.325000 0.022917 0.112963
0 0.361979 0.345833 0.011458 0.058333
