0 0.453646 0.360185 0.030208 0.150000
0 0.219531 0.431481 0.106771 0.392593
0 0.501042 0.360185 0.023958 0.133333
0 0.573438 0.335185 0.015625 0.062963
0 0.646354 0.371296 0.026042 0.214815
0 0.334375 0.350000 0.020833 0.094444
0 0.633073 0.374537 0.029687 0.191667
0 0.104948 0.369444 0.036979 0.138889
0 0.044531 0.377315 0.049479 0.156481
0 0.520052 0.334722 0.014063 0.058333
0 0.538021 0.328704 0.009375 0.038889
0 0.526302 0.327315 0.008854 0.043519
0 0.478125 0.356481 0.023958 0.064815
0 0.367708 0.336574 0.014583 0.071296
0 0.346354 0.339352 0.018750 0.076852
-1 0.756250 0.317130 0.023958 0.115741
-1 0.777083 0.325000 0.022917 0.112963
0 0.377083 0.340278 0.011458 0.058333
