0 0.618229 0.366667 0.032292 0.144444
0 0.441146 0.365741 0.030208 0.150000
0 0.219792 0.433333 0.110417 0.411111
0 0.490625 0.374074 0.029167 0.140741
0 0.566667 0.342593 0.016667 0.064815
0 0.638021 0.381944 0.026042 0.219444
0 0.326042 0.353704 0.020833 0.094444
0 0.629948 0.381944 0.030729 0.195370
0 0.075781 0.380556 0.036979 0.140741
0 0.511979 0.340278 0.014583 0.058333
0 0.531250 0.333796 0.010417 0.037963
0 0.468750 0.360185 0.023958 0.064815
0 0.352865 0.344444 0.015104 0.066667
-1 0.750000 0.319907 0.023958 0.115741
-1 0.773438 0.325000 0.022917 0.112963
0 0.365104 0.343981 0.011458 0.058333
