0 0.445313 0.363889 0.030208 0.150000
0 0.220052 0.431481 0.109896 0.407407
0 0.492708 0.372222 0.029167 0.140741
0 0.569010 0.346296 0.016146 0.062963
0 0.641667 0.380556 0.026042 0.218519
0 0.328646 0.352778 0.020833 0.094444
0 0.630729 0.379630 0.031250 0.194444
0 0.083073 0.378704 0.036979 0.140741
0 0.019531 0.385185 0.046354 0.159259
0 0.515365 0.342130 0.014063 0.058333
0 0.533594 0.332407 0.009896 0.038889
0 0.521094 0.333333 0.008854 0.044444
0 0.471875 0.358333 0.023958 0.064815
0 0.357812 0.341667 0.014583 0.068519
-1 0.752083 0.318981 0.023958 0.115741
-1 0.775000 0.325000 0.022917 0.112963
0 0.371354 0.343981 0.011458 0.058333
