0 0.610677 0.371759 0.029687 0.130556
0 0.440104 0.375463 0.030208 0.158333
0 0.173698 0.499537 0.133854 0.480556
0 0.491406 0.375000 0.027604 0.140741
0 0.593229 0.351389 0.018750 0.082407
0 0.681771 0.398611 0.043750 0.273148
0 0.347656 0.364815 0.020313 0.098148
0 0.667708 0.401852 0.041667 0.238889
0 0.527604 0.352315 0.014583 0.060185
0 0.550260 0.342593 0.010937 0.038889
0 0.537240 0.341204 0.010937 0.043519
0 0.480469 0.373148 0.023438 0.070370
0 0.333594 0.351852 0.015104 0.066667
0 0.372917 0.351389 0.012500 0.060185
-1 0.799219 0.337037 0.023438 0.120370
-1 0.825260 0.337037 0.025521 0.127778
-1 0.847396 0.339352 0.027083 0.119444
0 0.384375 0.353241 0.011458 0.058333
