0 0.612240 0.368981 0.030729 0.137963
0 0.435937 0.368519 0.030208 0.150000
0 0.224219 0.436111 0.110937 0.409259
0 0.488542 0.374074 0.028125 0.140741
0 0.563802 0.342130 0.017188 0.065741
0 0.637240 0.381481 0.028646 0.224074
0 0.321875 0.356481 0.020833 0.094444
0 0.628906 0.385185 0.030729 0.196296
0 0.065885 0.383333 0.036979 0.140741
0 0.510417 0.341204 0.014583 0.058333
0 0.527865 0.336574 0.010937 0.037963
0 0.464062 0.362037 0.023958 0.064815
0 0.350260 0.347222 0.015104 0.066667
-1 0.747396 0.321759 0.023958 0.115741
-1 0.771875 0.325463 0.022917 0.113889
0 0.361979 0.346759 0.011458 0.058333
