0 0.464583 0.352315 0.030208 0.149074
0 0.199479 0.412963 0.096875 0.366667
0 0.509115 0.356019 0.027604 0.136111
0 0.574740 0.335648 0.016146 0.065741
0 0.638021 0.365741 0.025000 0.192593
0 0.340625 0.340741 0.020833 0.094444
0 0.127344 0.364815 0.036979 0.144444
0 0.525781 0.332870 0.014063 0.058333
0 0.290625 0.368056 0.026042 0.149074
0 0.543229 0.326852 0.009375 0.038889
0 0.531771 0.325463 0.009375 0.041667
0 0.484115 0.349074 0.024479 0.061111
0 0.387240 0.333333 0.015104 0.066667
0 0.367708 0.324074 0.014583 0.075926
0 0.371354 0.336574 0.012500 0.060185
-1 0.757292 0.319907 0.023958 0.115741
