0 0.463542 0.358333 0.030208 0.150000
0 0.221615 0.423148 0.094271 0.374074
0 0.513021 0.360648 0.027083 0.137963
0 0.580469 0.328704 0.016146 0.068519
0 0.647917 0.370370 0.029167 0.203704
0 0.346354 0.350000 0.020833 0.094444
0 0.636719 0.365741 0.025521 0.187037
0 0.141927 0.369444 0.036979 0.135185
0 0.101042 0.377315 0.050000 0.150926
0 0.526823 0.328241 0.014063 0.058333
0 0.283594 0.371759 0.024479 0.158333
0 0.547917 0.327778 0.009375 0.038889
0 0.536458 0.321759 0.009375 0.041667
0 0.486979 0.352778 0.023958 0.064815
0 0.383594 0.338889 0.015104 0.066667
0 0.364063 0.335185 0.015625 0.077778
0 0.373958 0.331944 0.012500 0.060185
-1 0.761979 0.320833 0.023958 0.115741
-1 0.776563 0.323148 0.022917 0.111111
