0 0.644271 0.345833 0.032292 0.145370
0 0.460938 0.337037 0.030208 0.146296
0 0.051042 0.466204 0.164583 0.593519
0 0.205469 0.381019 0.083854 0.337963
0 0.509375 0.348148 0.029167 0.137037
0 0.568490 0.310185 0.013021 0.061111
0 0.621354 0.346296 0.027083 0.177778
0 0.336979 0.321759 0.020833 0.099074
0 0.522135 0.311574 0.014063 0.058333
0 0.305729 0.337500 0.021875 0.136111
0 0.536979 0.308333 0.009375 0.038889
0 0.528646 0.310648 0.008333 0.041667
0 0.479687 0.329630 0.022917 0.059259
0 0.495573 0.332870 0.020313 0.056481
0 0.392448 0.309259 0.015104 0.066667
0 0.372656 0.314352 0.015104 0.075000
0 0.382292 0.312500 0.011458 0.058333
