0 0.609635 0.364815 0.031771 0.138889
0 0.438021 0.372222 0.031250 0.151852
0 0.217448 0.450000 0.113021 0.444444
0 0.492708 0.375926 0.029167 0.140741
0 0.576823 0.343519 0.017188 0.074074
0 0.652083 0.382870 0.036458 0.239815
0 0.330208 0.361111 0.020833 0.094444
0 0.639062 0.385185 0.034375 0.212963
0 0.019792 0.381019 0.039583 0.145370
0 0.516146 0.341667 0.013542 0.061111
0 0.538802 0.340278 0.010937 0.037963
0 0.524479 0.334259 0.010417 0.044444
0 0.471094 0.363889 0.023438 0.070370
0 0.347135 0.345370 0.015104 0.066667
0 0.320313 0.349537 0.018750 0.076852
0 0.363021 0.346759 0.012500 0.060185
-1 0.766667 0.325463 0.023958 0.115741
-1 0.789844 0.332870 0.022396 0.115741
0 0.368750 0.350463 0.011458 0.058333
