0 0.609375 0.375000 0.030208 0.135185
0 0.438281 0.376852 0.030729 0.157407
0 0.176563 0.494444 0.132292 0.481481
0 0.491406 0.376389 0.027604 0.139815
0 0.589063 0.352315 0.020833 0.082407
0 0.677083 0.397222 0.042708 0.270370
0 0.344531 0.365278 0.020313 0.097222
0 0.526042 0.352315 0.014583 0.060185
0 0.548177 0.339352 0.010937 0.037963
0 0.534115 0.337500 0.010937 0.043519
0 0.477865 0.373148 0.023438 0.070370
0 0.333594 0.350000 0.015104 0.066667
0 0.368229 0.351389 0.012500 0.060185
-1 0.796615 0.336111 0.023438 0.120370
-1 0.822396 0.336574 0.025000 0.126852
-1 0.843750 0.339352 0.027083 0.117593
0 0.381250 0.354167 0.011458 0.058333
