0 0.611198 0.345833 0.029687 0.132407
0 0.432292 0.342593 0.031250 0.161111
0 -0.012760 0.592130 0.194271 0.700926
0 0.470312 0.350463 0.026042 0.143519
0 0.734375 0.392130 0.050000 0.343519
0 0.370833 0.333796 0.020833 0.099074
0 0.714583 0.389815 0.047917 0.298148
0 0.538021 0.322685 0.014583 0.062037
0 0.151042 0.403704 0.058333 0.268519
0 0.563281 0.313889 0.010937 0.046296
0 0.548958 0.315278 0.011458 0.056481
0 0.487760 0.341667 0.023438 0.072222
0 0.507552 0.350000 0.023438 0.075926
0 0.382292 0.321759 0.012500 0.060185
-1 0.843229 0.308333 0.027083 0.137037
-1 0.872135 0.310185 0.031771 0.137037
-1 0.896875 0.309722 0.027083 0.132407
0 0.395313 0.326389 0.011458 0.058333
