0 0.603125 0.357407 0.031250 0.133333
0 0.400521 0.357407 0.032292 0.162963
0 0.446615 0.368056 0.029687 0.149074
0 0.670833 0.356481 0.037500 0.142593
0 0.924740 0.493519 0.099479 0.662963
0 0.866406 0.467130 0.091146 0.536111
0 0.545052 0.333796 0.016146 0.063889
0 0.029687 0.340278 0.019792 0.100926
0 0.054427 0.339352 0.021354 0.102778
0 0.578646 0.337500 0.012500 0.052778
0 0.564063 0.337037 0.012500 0.057407
0 0.488802 0.368056 0.029687 0.097222
0 0.510677 0.372685 0.026562 0.089815
0 0.320573 0.325926 0.013021 0.051852
0 0.331250 0.327315 0.011458 0.045370
0 0.338021 0.322685 0.011458 0.043519
0 0.347656 0.319907 0.011979 0.045370
0 0.379948 0.337500 0.015104 0.056481
0 0.356771 0.323611 0.010417 0.037963
0 0.365625 0.323148 0.011458 0.038889
