0 0.597917 0.327315 0.029167 0.126852
0 0.413021 0.328241 0.032292 0.160185
0 0.452344 0.331944 0.023438 0.145370
0 0.618750 0.309259 0.031250 0.107407
0 0.763542 0.381944 0.060417 0.406481
0 0.369792 0.318519 0.020833 0.103704
0 0.734896 0.376389 0.051042 0.345370
0 0.527865 0.302315 0.016146 0.063889
0 0.072135 0.407407 0.054688 0.320370
0 0.114323 0.312963 0.017188 0.077778
0 0.557031 0.301852 0.011979 0.053704
0 0.545052 0.299074 0.010937 0.051852
0 0.478646 0.335648 0.025000 0.080556
0 0.495833 0.334722 0.025000 0.082407
-1 0.852083 0.281944 0.029167 0.150926
-1 0.882292 0.285185 0.034375 0.151852
-1 0.913542 0.284722 0.029167 0.143519
0 0.316406 0.299537 0.011979 0.045370
0 0.323698 0.300926 0.010937 0.046296
0 0.335938 0.295833 0.010417 0.039815
0 0.341406 0.295370 0.010937 0.042593
0 0.386719 0.310185 0.010937 0.057407
0 0.351042 0.296296 0.010417 0.035185
