0 0.600260 0.337500 0.029687 0.132407
0 0.418750 0.334259 0.032292 0.161111
0 0.459896 0.342130 0.029167 0.145370
0 0.614583 0.319444 0.029167 0.101852
0 0.745313 0.387963 0.062500 0.372222
0 0.365885 0.327778 0.021354 0.103704
0 0.717448 0.380093 0.049479 0.315741
0 0.528385 0.312037 0.014063 0.064815
0 0.111458 0.398148 0.055208 0.283333
0 0.556250 0.310185 0.012500 0.051852
0 0.542448 0.306481 0.010937 0.051852
0 0.478385 0.339815 0.023438 0.081481
0 0.495573 0.344444 0.025521 0.077778
-1 0.839062 0.294444 0.028125 0.142593
-1 0.865885 0.299537 0.032813 0.143519
-1 0.895312 0.299537 0.028125 0.136111
0 0.338021 0.297685 0.010417 0.037963
0 0.344531 0.299537 0.010937 0.041667
0 0.385937 0.322222 0.011458 0.057407
0 0.352604 0.302315 0.009375 0.034259
