0 0.595052 0.333333 0.029687 0.133333
0 0.402083 0.337500 0.032292 0.160185
0 0.451042 0.335185 0.028125 0.146296
0 0.630990 0.320833 0.031771 0.112037
0 0.795573 0.405556 0.066146 0.461111
0 0.373958 0.322222 0.021875 0.103704
0 0.761458 0.395370 0.065625 0.388889
0 0.530469 0.312037 0.015104 0.062963
0 0.028125 0.428241 0.055208 0.349074
0 0.059896 0.326852 0.035417 0.124074
0 0.093750 0.324537 0.020833 0.087963
0 0.560937 0.307870 0.012500 0.052778
0 0.546875 0.303241 0.010417 0.052778
0 0.478906 0.336574 0.025521 0.089815
0 0.501563 0.347685 0.026042 0.086111
-1 0.870052 0.294444 0.030729 0.159259
-1 0.901823 0.292130 0.035937 0.162037
-1 0.933594 0.293056 0.029687 0.150926
0 0.313281 0.311574 0.013021 0.047222
0 0.321094 0.313889 0.010937 0.046296
0 0.334375 0.310648 0.011458 0.037963
0 0.340104 0.306019 0.011458 0.041667
0 0.351302 0.302778 0.010937 0.037037
0 0.358854 0.304167 0.010417 0.037963
