0 0.599219 0.330093 0.029687 0.132407
0 0.415625 0.330556 0.032292 0.161111
0 0.455208 0.337963 0.029167 0.146296
0 0.617448 0.310648 0.022396 0.104630
0 0.746875 0.378704 0.058333 0.385185
0 0.366146 0.319444 0.020833 0.103704
0 0.721615 0.374537 0.049479 0.325000
0 0.528385 0.303704 0.014063 0.064815
0 0.099479 0.396296 0.053125 0.294444
0 0.123437 0.304630 0.015625 0.079630
0 0.555729 0.296759 0.012500 0.052778
0 0.543750 0.295370 0.010417 0.051852
0 0.478646 0.333796 0.023958 0.082407
0 0.495312 0.335648 0.025000 0.080556
-1 0.842187 0.284722 0.028125 0.145370
-1 0.871354 0.289815 0.033333 0.146296
-1 0.901302 0.289815 0.028646 0.138889
0 0.336979 0.290278 0.010417 0.037963
0 0.341146 0.291667 0.010417 0.042593
0 0.385937 0.317130 0.011458 0.058333
0 0.350521 0.288889 0.009375 0.035185
