0 0.627604 0.343519 0.028125 0.125926
0 0.453125 0.350000 0.031250 0.162963
0 0.063802 0.533796 0.190104 0.667593
0 0.492188 0.349537 0.021875 0.143519
0 0.738021 0.387500 0.047917 0.328704
0 0.381771 0.337037 0.019792 0.100000
0 0.716146 0.392593 0.045833 0.285185
0 0.548958 0.325463 0.014583 0.060185
0 0.185417 0.406481 0.047917 0.261111
0 0.573438 0.322222 0.010417 0.046296
0 0.561458 0.319907 0.012500 0.050926
0 0.517708 0.352315 0.022917 0.073148
0 0.333594 0.329630 0.017188 0.066667
0 0.397396 0.321296 0.011458 0.057407
-1 0.844792 0.313426 0.026042 0.130556
-1 0.874219 0.314352 0.030729 0.132407
-1 0.899219 0.311574 0.026562 0.126852
0 0.407292 0.326389 0.011458 0.058333
