0 0.601563 0.336111 0.031250 0.135185
0 0.407812 0.339815 0.032292 0.161111
0 0.456250 0.337963 0.029167 0.148148
0 0.641667 0.321296 0.031250 0.114815
0 0.813802 0.408796 0.068229 0.475000
0 0.382031 0.323611 0.022396 0.102778
0 0.777083 0.397685 0.065625 0.402778
0 0.539063 0.312500 0.017708 0.065741
0 0.021875 0.432870 0.055208 0.350926
0 0.056771 0.334722 0.043750 0.126852
0 0.100000 0.325926 0.020833 0.090741
0 0.568229 0.306019 0.012500 0.052778
0 0.554167 0.302315 0.011458 0.054630
0 0.486198 0.342593 0.027604 0.092593
0 0.507031 0.349537 0.026562 0.089815
-1 0.879948 0.294907 0.030729 0.160185
-1 0.911719 0.292593 0.035937 0.162963
-1 0.943750 0.293519 0.030208 0.151852
0 0.321094 0.309259 0.013021 0.048148
0 0.329948 0.310648 0.010937 0.045370
0 0.341667 0.303704 0.011458 0.040741
0 0.346875 0.303241 0.011458 0.041667
0 0.357292 0.305556 0.010417 0.037037
0 0.366667 0.304167 0.010417 0.037963
