0 0.626042 0.349074 0.032292 0.135185
0 0.450521 0.354630 0.031250 0.162963
0 0.095833 0.527778 0.164583 0.644444
0 0.492188 0.356481 0.029167 0.144444
0 0.730469 0.387500 0.046354 0.321296
0 0.376563 0.345370 0.019792 0.100000
0 0.711979 0.388426 0.045833 0.280556
0 0.550000 0.325463 0.014583 0.060185
0 0.194010 0.404167 0.034896 0.256481
0 0.575260 0.322685 0.009896 0.047222
0 0.561458 0.316667 0.010417 0.051852
0 0.519271 0.356944 0.022917 0.073148
0 0.338021 0.329167 0.016667 0.065741
0 0.395833 0.325926 0.012500 0.059259
-1 0.841927 0.314815 0.025521 0.127778
-1 0.869792 0.316204 0.030208 0.128704
-1 0.897396 0.312037 0.026042 0.124074
0 0.402604 0.331019 0.011458 0.058333
