0 0.603125 0.336111 0.031250 0.135185
0 0.409896 0.339815 0.032292 0.161111
0 0.457292 0.338889 0.029167 0.148148
0 0.644792 0.320833 0.030208 0.115741
0 0.819010 0.408333 0.069271 0.479630
0 0.383854 0.323611 0.022917 0.102778
0 0.780990 0.398611 0.065104 0.406481
0 0.541406 0.312500 0.017188 0.065741
0 0.020833 0.433796 0.055208 0.350926
0 0.054688 0.333796 0.042708 0.126852
0 0.074479 0.328241 0.017708 0.087963
0 0.100000 0.325926 0.020833 0.090741
0 0.569792 0.305093 0.012500 0.052778
0 0.555729 0.302315 0.011458 0.054630
0 0.487760 0.341204 0.027604 0.093519
0 0.508073 0.349537 0.026562 0.089815
-1 0.883594 0.293981 0.030729 0.160185
-1 0.914844 0.291667 0.035937 0.162963
-1 0.946875 0.292593 0.030208 0.151852
0 0.322656 0.307407 0.013021 0.048148
0 0.332552 0.310648 0.010937 0.045370
0 0.343750 0.302315 0.011458 0.041667
0 0.348958 0.302315 0.011458 0.041667
0 0.358854 0.304630 0.010417 0.037037
0 0.368750 0.303241 0.010417 0.037963
