0 0.605729 0.345370 0.032292 0.138889
0 0.427083 0.339815 0.031250 0.161111
0 0.466667 0.348148 0.029167 0.144444
0 0.733333 0.390741 0.050000 0.351852
0 0.367448 0.334259 0.021354 0.100000
0 0.712500 0.387037 0.048958 0.303704
0 0.532031 0.320833 0.014063 0.063889
0 0.134635 0.401389 0.057812 0.271296
0 0.556771 0.315741 0.011458 0.048148
0 0.544010 0.315278 0.011979 0.050926
0 0.483854 0.340278 0.023958 0.073148
0 0.503125 0.349074 0.023958 0.075926
-1 0.839844 0.305556 0.027604 0.138889
-1 0.867188 0.308333 0.032292 0.138889
-1 0.894010 0.308333 0.027604 0.133333
0 0.390625 0.326389 0.011458 0.058333
