0 0.608854 0.333333 0.031250 0.135185
0 0.409375 0.341667 0.032292 0.162963
0 0.456250 0.345370 0.029167 0.148148
0 0.657813 0.327778 0.032292 0.124074
0 0.849219 0.422685 0.076563 0.526852
0 0.391146 0.330093 0.022917 0.102778
0 0.804948 0.407870 0.067187 0.434259
0 0.548698 0.314352 0.015104 0.063889
0 0.042448 0.330556 0.036979 0.125926
0 0.071354 0.325926 0.019792 0.092593
0 0.097396 0.325926 0.021875 0.094444
0 0.578125 0.311574 0.012500 0.052778
0 0.562500 0.305556 0.012500 0.057407
0 0.491406 0.347222 0.028646 0.094444
0 0.515365 0.356019 0.026562 0.089815
-1 0.902865 0.293056 0.030729 0.160185
-1 0.934635 0.292593 0.035937 0.162963
-1 0.966146 0.295370 0.030208 0.151852
0 0.327604 0.311111 0.012500 0.048148
0 0.337760 0.312500 0.011979 0.047222
0 0.349219 0.306019 0.010937 0.041667
0 0.354167 0.303704 0.011458 0.044444
0 0.365104 0.306944 0.010417 0.037963
0 0.373177 0.306019 0.010937 0.037963
