0 0.606771 0.364352 0.029167 0.128704
0 0.404687 0.367593 0.032292 0.162963
0 0.447396 0.375000 0.029167 0.148148
0 0.675521 0.361111 0.038542 0.144444
0 0.958333 0.512500 0.107292 0.706481
0 0.894531 0.485185 0.101563 0.568519
0 0.545833 0.339352 0.016667 0.067593
0 0.024219 0.350463 0.020313 0.100926
0 0.048438 0.348148 0.025000 0.103704
0 0.581771 0.342130 0.012500 0.052778
0 0.567187 0.347222 0.012500 0.057407
0 0.490625 0.373148 0.030208 0.100000
0 0.513542 0.379630 0.027083 0.090741
0 0.323177 0.334722 0.013021 0.052778
0 0.333333 0.336111 0.011458 0.046296
0 0.339062 0.326852 0.011458 0.042593
0 0.349740 0.326852 0.011979 0.046296
0 0.383073 0.346759 0.015104 0.054630
0 0.357292 0.330093 0.010417 0.037963
0 0.366667 0.329630 0.011458 0.038889
