0 0.606250 0.346296 0.031250 0.135185
0 0.401562 0.347685 0.032292 0.162037
0 0.447396 0.352778 0.029167 0.148148
0 0.662500 0.342130 0.030208 0.132407
0 0.880469 0.455556 0.082812 0.587037
0 0.829688 0.437963 0.077083 0.479630
0 0.541146 0.318981 0.015625 0.063889
0 0.004427 0.322685 0.029687 0.128704
0 0.042448 0.325463 0.020313 0.099074
0 0.067187 0.323611 0.021875 0.099074
0 0.572396 0.318056 0.012500 0.052778
0 0.560417 0.322222 0.012500 0.057407
0 0.487760 0.355556 0.028646 0.094444
0 0.509115 0.361574 0.026562 0.089815
-1 0.946615 0.310185 0.035937 0.162963
0 0.317969 0.312963 0.013021 0.050000
0 0.330208 0.316204 0.011458 0.045370
0 0.345052 0.308796 0.011979 0.045370
0 0.377865 0.320370 0.015104 0.057407
0 0.354687 0.308796 0.010417 0.037963
0 0.365625 0.311111 0.011458 0.038889
