0 0.603906 0.357407 0.030729 0.122222
0 0.403646 0.351852 0.032292 0.162963
0 0.448698 0.357870 0.028646 0.152778
0 0.666667 0.351852 0.037500 0.137037
0 0.905990 0.475926 0.095312 0.629630
0 0.848177 0.453241 0.084896 0.510185
0 0.542708 0.326852 0.015625 0.062963
0 0.035417 0.331019 0.019792 0.100926
0 0.059896 0.331481 0.019792 0.101852
0 0.575521 0.331944 0.012500 0.052778
0 0.561458 0.328704 0.012500 0.057407
0 0.487240 0.365741 0.028646 0.094444
0 0.508594 0.367130 0.026562 0.089815
-1 0.955469 0.313889 0.035937 0.162963
0 0.319010 0.319444 0.013021 0.051852
0 0.329948 0.322685 0.010937 0.045370
0 0.336979 0.318981 0.011458 0.043519
0 0.345573 0.314815 0.011979 0.044444
0 0.378906 0.329630 0.015104 0.057407
0 0.355729 0.317130 0.010417 0.037963
0 0.364583 0.316667 0.011458 0.038889
