0 0.598958 0.337037 0.031250 0.135185
0 0.404167 0.339815 0.032292 0.161111
0 0.454167 0.336574 0.029167 0.147222
0 0.636198 0.321296 0.031771 0.112963
0 0.804167 0.408333 0.066667 0.466667
0 0.378125 0.323148 0.021875 0.103704
0 0.769271 0.396296 0.065625 0.396296
0 0.534896 0.312963 0.018750 0.064815
0 0.023958 0.431019 0.055208 0.350926
0 0.058333 0.330556 0.039583 0.125926
0 0.097917 0.325463 0.020833 0.089815
0 0.564583 0.306944 0.012500 0.052778
0 0.550260 0.302778 0.010937 0.053704
0 0.482552 0.339352 0.026562 0.091667
0 0.504167 0.348611 0.026042 0.087963
-1 0.873177 0.296759 0.030729 0.160185
-1 0.904948 0.293519 0.035937 0.162963
-1 0.936979 0.294444 0.030208 0.151852
0 0.317969 0.312963 0.013021 0.046296
0 0.325260 0.312037 0.010937 0.046296
0 0.338021 0.306944 0.011458 0.039815
0 0.343229 0.304167 0.011458 0.041667
0 0.354427 0.305556 0.010937 0.037037
0 0.362500 0.306019 0.010417 0.037963
