0 0.600521 0.334722 0.028125 0.130556
0 0.417187 0.333333 0.032292 0.161111
0 0.458333 0.340741 0.029167 0.146296
0 0.615104 0.317130 0.027083 0.102778
0 0.744010 0.386111 0.058854 0.372222
0 0.365885 0.325000 0.021354 0.103704
0 0.718490 0.378241 0.049479 0.317593
0 0.528385 0.310185 0.014063 0.064815
0 0.108594 0.397685 0.054688 0.286111
0 0.556771 0.309722 0.012500 0.052778
0 0.542969 0.303704 0.010937 0.051852
0 0.478906 0.337963 0.023438 0.081481
0 0.495573 0.342130 0.025521 0.078704
-1 0.839844 0.292130 0.027604 0.143519
-1 0.867448 0.297222 0.032813 0.144444
-1 0.896875 0.297222 0.028125 0.137037
0 0.338542 0.297685 0.010417 0.037963
0 0.343490 0.297222 0.010937 0.042593
0 0.385937 0.320833 0.011458 0.058333
0 0.352083 0.299074 0.009375 0.035185
