0 0.625781 0.351389 0.031771 0.134259
0 0.450521 0.356019 0.031250 0.163889
0 0.097656 0.527315 0.167187 0.628704
0 0.491667 0.357407 0.029167 0.144444
0 0.729167 0.388889 0.046875 0.322222
0 0.375521 0.347222 0.019792 0.100000
0 0.710938 0.387500 0.045833 0.278704
0 0.550521 0.325463 0.014583 0.060185
0 0.195833 0.404167 0.032292 0.254630
0 0.575781 0.323611 0.009896 0.047222
0 0.560937 0.316667 0.010417 0.051852
0 0.518229 0.358796 0.022917 0.073148
0 0.338542 0.331019 0.016667 0.065741
0 0.395833 0.327315 0.012500 0.060185
-1 0.839583 0.315278 0.025000 0.126852
-1 0.867188 0.317130 0.030208 0.128704
-1 0.894271 0.312963 0.026042 0.124074
0 0.401562 0.331944 0.011458 0.058333
