0 0.600000 0.331019 0.028125 0.130556
0 0.415625 0.331481 0.032292 0.161111
0 0.456250 0.338889 0.029167 0.146296
0 0.616667 0.312500 0.023958 0.104630
0 0.744792 0.381019 0.057292 0.378704
0 0.366146 0.320370 0.020833 0.103704
0 0.720573 0.375926 0.049479 0.322222
0 0.528385 0.305556 0.014063 0.064815
0 0.102344 0.396759 0.053646 0.291667
0 0.555729 0.300463 0.012500 0.052778
0 0.543229 0.298148 0.010417 0.051852
0 0.478906 0.334722 0.023438 0.082407
0 0.495573 0.337963 0.025521 0.079630
-1 0.841667 0.287037 0.028125 0.144444
-1 0.869792 0.292130 0.033333 0.145370
-1 0.899740 0.292130 0.028646 0.137963
0 0.337500 0.293056 0.010417 0.037963
0 0.341927 0.293519 0.010937 0.042593
0 0.385937 0.318519 0.011458 0.057407
0 0.351042 0.291667 0.009375 0.035185
