0 0.609115 0.337963 0.029687 0.133333
0 0.409375 0.343056 0.032292 0.162037
0 0.455208 0.348148 0.028125 0.148148
0 0.659115 0.331481 0.032813 0.125926
0 0.863802 0.438889 0.094271 0.546296
0 0.392188 0.332870 0.022917 0.102778
0 0.809375 0.413889 0.068750 0.442593
0 0.548958 0.321296 0.017708 0.062963
0 0.039063 0.329630 0.035417 0.125926
0 0.068490 0.327778 0.020313 0.094444
0 0.091146 0.328241 0.021875 0.095370
0 0.578646 0.316204 0.012500 0.052778
0 0.562500 0.309259 0.012500 0.057407
0 0.491406 0.350000 0.028646 0.094444
0 0.517969 0.357870 0.026562 0.089815
-1 0.937240 0.296296 0.035937 0.162963
-1 0.968229 0.299074 0.030208 0.151852
0 0.328385 0.314815 0.013021 0.048148
0 0.337760 0.317130 0.011979 0.047222
0 0.351042 0.311574 0.011458 0.041667
0 0.354167 0.305556 0.011458 0.044444
0 0.365104 0.311574 0.010417 0.037963
0 0.373177 0.308796 0.010937 0.037963
