0 0.609115 0.341667 0.028646 0.131481
0 0.410417 0.343981 0.032292 0.162037
0 0.455208 0.350000 0.027083 0.148148
0 0.659375 0.330556 0.035417 0.127778
0 0.875000 0.450000 0.112500 0.562963
0 0.392708 0.333796 0.022917 0.102778
0 0.811458 0.416667 0.069792 0.446296
0 0.547135 0.320370 0.017188 0.062963
0 0.035937 0.329630 0.035417 0.125926
0 0.065885 0.329167 0.020313 0.095370
0 0.088281 0.329630 0.022396 0.096296
0 0.579167 0.318981 0.012500 0.052778
0 0.561979 0.310185 0.012500 0.057407
0 0.491406 0.351852 0.028646 0.094444
0 0.516406 0.357870 0.026562 0.089815
-1 0.938281 0.298148 0.035937 0.162963
-1 0.969271 0.300926 0.030208 0.151852
0 0.326823 0.313889 0.013021 0.048148
0 0.337760 0.319907 0.011979 0.047222
0 0.352083 0.314815 0.011458 0.042593
0 0.363542 0.310648 0.010417 0.037963
0 0.372917 0.309722 0.011458 0.037963
