0 0.607292 0.343519 0.031250 0.135185
0 0.402604 0.347222 0.032292 0.161111
0 0.447917 0.351852 0.029167 0.148148
0 0.662240 0.342593 0.029687 0.131481
0 0.877083 0.454167 0.082292 0.584259
0 0.825781 0.434722 0.075521 0.473148
0 0.541927 0.318056 0.016146 0.063889
0 0.009115 0.322685 0.030729 0.128704
0 0.045573 0.325926 0.020313 0.098148
0 0.069271 0.323148 0.021875 0.098148
0 0.572917 0.318056 0.012500 0.052778
0 0.559896 0.320370 0.012500 0.057407
0 0.488802 0.355556 0.028646 0.094444
0 0.510156 0.361574 0.026562 0.089815
-1 0.945052 0.308333 0.035937 0.162963
-1 0.976042 0.312037 0.030208 0.151852
0 0.319010 0.312500 0.013021 0.049074
0 0.330729 0.314352 0.011458 0.045370
0 0.345573 0.307870 0.011979 0.045370
0 0.377865 0.318519 0.015104 0.057407
0 0.354687 0.307870 0.010417 0.037963
0 0.367188 0.311111 0.011458 0.038889
