0 0.626042 0.344444 0.029167 0.129630
0 0.450521 0.349074 0.031250 0.162963
0 0.055208 0.540278 0.190625 0.671296
0 0.488802 0.350463 0.023438 0.143519
0 0.738542 0.390278 0.048958 0.330556
0 0.380990 0.338426 0.020313 0.100926
0 0.716927 0.393519 0.045312 0.287037
0 0.548438 0.325463 0.014583 0.060185
0 0.183594 0.406944 0.050521 0.262037
0 0.152604 0.322685 0.014583 0.075000
0 0.573177 0.322222 0.009896 0.046296
0 0.560937 0.321759 0.013542 0.050926
0 0.516667 0.351852 0.022917 0.074074
0 0.332552 0.330556 0.017188 0.066667
0 0.396354 0.322685 0.011458 0.058333
-1 0.845313 0.312963 0.026042 0.131481
-1 0.875260 0.313889 0.030729 0.133333
-1 0.899219 0.311574 0.026562 0.126852
0 0.405729 0.326389 0.011458 0.058333
