0 0.627083 0.344907 0.030208 0.130556
0 0.452083 0.351852 0.031250 0.162963
0 0.076302 0.531019 0.179688 0.658333
0 0.492448 0.352315 0.025521 0.143519
0 0.744271 0.401852 0.073958 0.337037
0 0.379688 0.339815 0.019792 0.100000
0 0.714583 0.390741 0.045833 0.283333
0 0.549479 0.325463 0.014583 0.060185
0 0.188542 0.405556 0.042708 0.259259
0 0.574219 0.322685 0.009896 0.047222
0 0.563021 0.316667 0.010417 0.051852
0 0.519792 0.352315 0.022917 0.073148
0 0.335417 0.326852 0.016667 0.066667
0 0.396615 0.322685 0.011979 0.058333
-1 0.843490 0.313889 0.025521 0.129630
-1 0.872396 0.314815 0.030208 0.131481
-1 0.898177 0.311574 0.026562 0.125000
0 0.405208 0.328241 0.011458 0.058333
