0 0.614062 0.375926 0.030208 0.131481
0 0.445573 0.371296 0.029687 0.155556
0 0.146615 0.515278 0.153646 0.512037
0 0.495052 0.375463 0.019271 0.143519
0 0.697396 0.403704 0.043750 0.285185
0 0.357812 0.363889 0.019792 0.100000
0 0.681771 0.399537 0.041667 0.254630
0 0.533333 0.346759 0.014583 0.060185
0 0.557813 0.343056 0.010417 0.043519
0 0.545312 0.339352 0.010417 0.050926
0 0.488802 0.375926 0.023438 0.070370
0 0.505729 0.377778 0.022917 0.070370
0 0.332813 0.350926 0.015625 0.066667
0 0.378646 0.347685 0.012500 0.060185
-1 0.812500 0.331019 0.023958 0.123148
-1 0.838281 0.332870 0.026562 0.128704
-1 0.862240 0.334259 0.026562 0.122222
0 0.389583 0.345833 0.011458 0.058333
