0 0.608333 0.332407 0.031250 0.135185
0 0.410938 0.340278 0.032292 0.162037
0 0.458333 0.343519 0.029167 0.148148
0 0.655990 0.323148 0.031771 0.122222
0 0.842969 0.413426 0.076563 0.523148
0 0.389583 0.327315 0.022917 0.102778
0 0.800781 0.402315 0.065104 0.425000
0 0.545833 0.308333 0.016667 0.062963
0 0.006250 0.431944 0.055208 0.350926
0 0.045833 0.331481 0.038542 0.125926
0 0.071354 0.323611 0.018750 0.091667
0 0.098437 0.325463 0.020833 0.093519
0 0.577604 0.306019 0.012500 0.052778
0 0.562500 0.302778 0.012500 0.057407
0 0.491406 0.343519 0.028646 0.094444
0 0.513281 0.354167 0.026562 0.089815
-1 0.901823 0.291204 0.030729 0.160185
-1 0.932552 0.289815 0.035937 0.162963
-1 0.964062 0.291667 0.030208 0.151852
0 0.327083 0.307407 0.012500 0.048148
0 0.338021 0.307870 0.011458 0.047222
0 0.347656 0.300463 0.010937 0.041667
0 0.354167 0.301852 0.011458 0.044444
0 0.364583 0.304167 0.010417 0.037963
0 0.372917 0.304167 0.010417 0.037963
