0 0.613542 0.373148 0.030208 0.131481
0 0.445833 0.369907 0.030208 0.158333
0 0.141146 0.513426 0.155208 0.523148
0 0.493490 0.372685 0.021354 0.143519
0 0.698958 0.402778 0.043750 0.288889
0 0.358854 0.362963 0.019792 0.100000
0 0.683333 0.398611 0.041667 0.256481
0 0.533854 0.345833 0.014583 0.060185
0 0.558594 0.341667 0.009896 0.044444
0 0.545833 0.338889 0.010417 0.051852
0 0.506250 0.377315 0.022917 0.071296
0 0.332552 0.349074 0.016146 0.066667
0 0.379167 0.346759 0.012500 0.060185
-1 0.814063 0.329167 0.023958 0.123148
-1 0.839583 0.331944 0.027083 0.128704
-1 0.863802 0.332407 0.026562 0.122222
0 0.390104 0.344907 0.011458 0.058333
