0 0.608073 0.346296 0.028646 0.131481
0 0.407292 0.346296 0.032292 0.161111
0 0.451562 0.352778 0.027083 0.148148
0 0.661458 0.343056 0.029167 0.130556
0 0.871615 0.450463 0.080729 0.573148
0 0.393750 0.336574 0.022917 0.102778
0 0.820052 0.428704 0.073438 0.462963
0 0.540885 0.318056 0.016146 0.063889
0 0.019271 0.325000 0.033333 0.127778
0 0.051823 0.326389 0.020313 0.097222
0 0.073438 0.321759 0.022917 0.097222
0 0.575000 0.319907 0.012500 0.052778
0 0.561979 0.316667 0.012500 0.057407
0 0.490365 0.355556 0.028646 0.094444
0 0.512240 0.360648 0.026562 0.089815
-1 0.907552 0.302315 0.030729 0.160185
-1 0.942969 0.304630 0.035937 0.162963
-1 0.973958 0.308333 0.030208 0.151852
0 0.321615 0.312500 0.013021 0.049074
0 0.332292 0.313889 0.011458 0.046296
0 0.341667 0.309722 0.011458 0.043519
0 0.348177 0.306944 0.011979 0.045370
0 0.357292 0.308796 0.010417 0.037963
0 0.369792 0.311574 0.011458 0.037963
