0 0.608854 0.333333 0.031250 0.135185
0 0.410417 0.341204 0.032292 0.162037
0 0.457292 0.344444 0.029167 0.148148
0 0.656771 0.323148 0.034375 0.124074
0 0.846094 0.418056 0.076563 0.525000
0 0.390104 0.329167 0.022917 0.102778
0 0.802865 0.404630 0.066146 0.429630
0 0.548698 0.311111 0.014063 0.064815
0 0.044010 0.330556 0.038021 0.125926
0 0.071094 0.324537 0.019271 0.091667
0 0.097656 0.325463 0.021354 0.093519
0 0.578125 0.308796 0.012500 0.052778
0 0.562500 0.304630 0.012500 0.057407
0 0.491406 0.345370 0.028646 0.094444
0 0.514323 0.355093 0.026562 0.089815
-1 0.902344 0.292130 0.030729 0.160185
-1 0.933594 0.290741 0.035937 0.162963
-1 0.965104 0.293519 0.030208 0.151852
0 0.327083 0.309259 0.012500 0.048148
0 0.337760 0.309722 0.011979 0.047222
0 0.348177 0.303241 0.010937 0.041667
0 0.354167 0.302778 0.011458 0.044444
0 0.365104 0.305093 0.010417 0.037963
0 0.373437 0.305093 0.010417 0.037963
