0 0.619010 0.366204 0.030729 0.132407
0 0.448437 0.362963 0.030208 0.159259
0 0.110156 0.522685 0.172396 0.563889
0 0.492708 0.362963 0.026042 0.144444
0 0.714323 0.397222 0.046354 0.301852
0 0.370312 0.355556 0.019792 0.100000
0 0.542708 0.334722 0.014583 0.060185
0 0.567708 0.338426 0.009375 0.047222
0 0.552604 0.331481 0.011458 0.051852
0 0.513021 0.368519 0.022917 0.072222
0 0.333854 0.343519 0.016667 0.064815
0 0.386979 0.335648 0.012500 0.060185
-1 0.828906 0.319444 0.024479 0.125926
-1 0.855208 0.322685 0.029167 0.128704
-1 0.880729 0.321296 0.026042 0.124074
0 0.396875 0.337500 0.011458 0.058333
