0 0.622917 0.363889 0.030208 0.133333
0 0.449219 0.360648 0.030729 0.160185
0 0.103125 0.526389 0.175000 0.582407
0 0.493229 0.361111 0.026042 0.144444
0 0.720573 0.394907 0.047396 0.308333
0 0.372396 0.352778 0.019792 0.100000
0 0.705469 0.388889 0.045312 0.274074
0 0.545833 0.331019 0.014583 0.060185
0 0.195833 0.407870 0.032292 0.250926
0 0.570833 0.331944 0.009375 0.047222
0 0.557031 0.327778 0.010937 0.051852
0 0.515104 0.364815 0.022917 0.072222
0 0.336458 0.339815 0.016667 0.064815
0 0.390625 0.331944 0.012500 0.060185
-1 0.833333 0.317593 0.025000 0.125926
-1 0.859896 0.320833 0.029167 0.128704
-1 0.886198 0.318056 0.026562 0.123148
0 0.398958 0.335648 0.011458 0.058333
