0 0.597396 0.327778 0.032292 0.137037
0 0.415104 0.328704 0.032292 0.161111
0 0.453125 0.336111 0.029167 0.146296
0 0.617448 0.310185 0.025521 0.105556
0 0.750000 0.376389 0.058333 0.389815
0 0.366146 0.317593 0.020833 0.103704
0 0.724479 0.373611 0.048958 0.328704
0 0.528385 0.300000 0.014063 0.064815
0 0.093750 0.395833 0.052083 0.299074
0 0.121094 0.306481 0.016146 0.079630
0 0.555729 0.297685 0.012500 0.052778
0 0.542188 0.293981 0.011458 0.052778
0 0.478125 0.332407 0.023958 0.083333
0 0.495312 0.331481 0.025000 0.081481
-1 0.844010 0.279630 0.028646 0.146296
-1 0.873698 0.285185 0.033854 0.148148
-1 0.904427 0.284722 0.028646 0.139815
0 0.316667 0.293981 0.012500 0.045370
0 0.323437 0.295370 0.010417 0.046296
0 0.335938 0.289352 0.010417 0.037963
0 0.340625 0.289815 0.010417 0.042593
0 0.385937 0.314815 0.011458 0.057407
0 0.350521 0.290741 0.009375 0.035185
