0 0.596615 0.326389 0.030729 0.132407
0 0.413542 0.327315 0.032292 0.160185
0 0.450521 0.331944 0.026042 0.145370
0 0.618490 0.309259 0.030729 0.107407
0 0.760677 0.380556 0.058854 0.401852
0 0.368750 0.317593 0.020833 0.103704
0 0.733073 0.375926 0.050521 0.342593
0 0.527604 0.302315 0.015625 0.063889
0 0.075781 0.405556 0.053646 0.316667
0 0.115365 0.312037 0.017188 0.077778
0 0.557031 0.300926 0.011979 0.053704
0 0.544531 0.298148 0.010937 0.051852
0 0.478125 0.333796 0.025000 0.082407
0 0.495833 0.334722 0.025000 0.082407
-1 0.850521 0.280556 0.029167 0.150000
-1 0.880990 0.284259 0.033854 0.151852
-1 0.911979 0.284259 0.029167 0.142593
0 0.316406 0.298611 0.011979 0.045370
0 0.323698 0.300000 0.010937 0.046296
0 0.335417 0.295833 0.010417 0.039815
0 0.341406 0.294444 0.010937 0.042593
0 0.386458 0.310185 0.011458 0.057407
0 0.351042 0.295370 0.010417 0.035185
