0 0.602604 0.358333 0.031250 0.133333
0 0.400000 0.355556 0.032292 0.162963
0 0.446354 0.364815 0.030208 0.150000
0 0.670052 0.353704 0.034896 0.140741
0 0.920052 0.489352 0.098437 0.654630
0 0.859635 0.462963 0.089063 0.527778
0 0.544271 0.331944 0.015625 0.063889
0 0.031250 0.338426 0.019792 0.100926
0 0.055990 0.337037 0.020313 0.101852
0 0.577604 0.335648 0.012500 0.052778
0 0.563021 0.334259 0.012500 0.057407
0 0.488281 0.367130 0.029687 0.097222
0 0.510156 0.371759 0.026562 0.089815
0 0.320573 0.325000 0.013021 0.051852
0 0.330990 0.325463 0.010937 0.045370
0 0.337760 0.321759 0.011979 0.043519
0 0.347135 0.318519 0.011979 0.044444
0 0.379427 0.335648 0.015104 0.056481
0 0.356250 0.321759 0.010417 0.037963
0 0.365104 0.321296 0.011458 0.038889
