0 0.604688 0.332870 0.030208 0.130556
0 0.410417 0.339815 0.032292 0.161111
0 0.458333 0.338889 0.027083 0.148148
0 0.647917 0.319907 0.029167 0.117593
0 0.824219 0.407407 0.070313 0.485185
0 0.385937 0.323611 0.022917 0.102778
0 0.784896 0.399074 0.065625 0.411111
0 0.541927 0.311111 0.017188 0.064815
0 0.020313 0.435648 0.055208 0.350926
0 0.052865 0.333333 0.042188 0.125926
0 0.074479 0.327778 0.017708 0.088889
0 0.099740 0.325463 0.020313 0.091667
0 0.571875 0.305093 0.012500 0.052778
0 0.557552 0.301852 0.011979 0.055556
0 0.489583 0.339815 0.028125 0.094444
0 0.509115 0.350463 0.026562 0.089815
-1 0.887240 0.293981 0.030729 0.160185
-1 0.918490 0.291667 0.035937 0.162963
-1 0.950521 0.292593 0.030208 0.151852
0 0.324479 0.306019 0.012500 0.049074
0 0.333594 0.309722 0.010937 0.045370
0 0.344271 0.301389 0.011458 0.041667
0 0.350521 0.301389 0.011458 0.041667
0 0.360417 0.303704 0.010417 0.037037
0 0.370833 0.302315 0.010417 0.037963
