0 0.592708 0.329167 0.028125 0.132407
0 0.401562 0.335648 0.032292 0.160185
0 0.449219 0.334259 0.026562 0.146296
0 0.628646 0.320833 0.031250 0.112037
0 0.790365 0.399074 0.065104 0.455556
0 0.372135 0.322222 0.021354 0.103704
0 0.759115 0.393519 0.064062 0.385185
0 0.526823 0.307407 0.015104 0.062963
0 0.031250 0.426852 0.055208 0.348148
0 0.060417 0.325463 0.033333 0.123148
0 0.091667 0.324537 0.020833 0.087963
0 0.556771 0.305093 0.012500 0.052778
0 0.545312 0.303704 0.010417 0.051852
0 0.477083 0.335185 0.025000 0.088889
0 0.500521 0.344444 0.026042 0.085185
-1 0.868750 0.293056 0.030208 0.158333
-1 0.900260 0.291667 0.035937 0.161111
-1 0.932031 0.292130 0.029687 0.150926
0 0.310677 0.307407 0.013021 0.046296
0 0.320573 0.310185 0.010937 0.046296
0 0.333594 0.306481 0.010937 0.038889
0 0.339323 0.303241 0.010937 0.041667
0 0.349740 0.300000 0.010937 0.037037
0 0.357812 0.301389 0.010417 0.037963
