0 0.616927 0.366204 0.031771 0.136111
0 0.448437 0.362963 0.030208 0.162963
0 0.115365 0.518981 0.167187 0.560185
0 0.489583 0.362963 0.029167 0.144444
0 0.711198 0.397685 0.045312 0.300926
0 0.368750 0.356481 0.019792 0.100000
0 0.541146 0.336574 0.014583 0.060185
0 0.565625 0.337963 0.009375 0.046296
0 0.551042 0.333333 0.011458 0.051852
0 0.511979 0.370370 0.022917 0.072222
0 0.332813 0.343519 0.016667 0.064815
0 0.385417 0.337500 0.012500 0.060185
-1 0.826823 0.319907 0.024479 0.125000
-1 0.852865 0.324537 0.028646 0.128704
-1 0.877865 0.322685 0.026562 0.123148
0 0.395833 0.338426 0.011458 0.058333
