0 0.595313 0.323148 0.032292 0.131481
0 0.414583 0.327778 0.032292 0.161111
0 0.451042 0.334259 0.029167 0.146296
0 0.617969 0.309722 0.028646 0.106481
0 0.752083 0.378241 0.054167 0.386111
0 0.367188 0.316667 0.020833 0.103704
0 0.727865 0.374537 0.049479 0.334259
0 0.527604 0.300926 0.014583 0.064815
0 0.086458 0.399537 0.053125 0.306481
0 0.118750 0.308796 0.016667 0.078704
0 0.556250 0.299074 0.012500 0.053704
0 0.543229 0.295833 0.011458 0.052778
0 0.477604 0.331019 0.023958 0.084259
0 0.495312 0.332870 0.025000 0.082407
-1 0.846094 0.277778 0.028646 0.148148
-1 0.876302 0.282870 0.033854 0.149074
-1 0.907292 0.282407 0.029167 0.140741
0 0.316406 0.295833 0.011979 0.045370
0 0.323437 0.297222 0.010417 0.046296
0 0.335417 0.292593 0.010417 0.038889
0 0.340885 0.291667 0.010937 0.042593
0 0.385937 0.312037 0.011458 0.057407
0 0.350781 0.292593 0.009896 0.035185
