0 0.593229 0.324074 0.032292 0.137037
0 0.411979 0.328704 0.032292 0.161111
0 0.447917 0.332407 0.029167 0.146296
0 0.622135 0.314815 0.024479 0.112963
0 0.767969 0.384722 0.061979 0.415741
0 0.370312 0.321759 0.020833 0.104630
0 0.738281 0.377315 0.051562 0.350926
0 0.527604 0.300463 0.016667 0.063889
0 0.065104 0.411574 0.055208 0.326852
0 0.107552 0.311574 0.018229 0.078704
0 0.555469 0.301389 0.011979 0.052778
0 0.543750 0.298148 0.010417 0.051852
0 0.477083 0.331481 0.025000 0.081481
0 0.495833 0.333796 0.025000 0.082407
-1 0.854687 0.283333 0.029167 0.151852
-1 0.885417 0.286111 0.034375 0.153704
-1 0.916667 0.286111 0.029167 0.144444
0 0.314583 0.298148 0.012500 0.046296
0 0.322656 0.301389 0.010937 0.047222
0 0.335417 0.295833 0.010417 0.039815
0 0.339844 0.295370 0.010937 0.042593
0 0.386719 0.309259 0.010937 0.057407
0 0.350521 0.296296 0.010417 0.035185
0 0.356771 0.295370 0.010417 0.033333
