0 0.603906 0.356019 0.030729 0.128704
0 0.401562 0.350926 0.032292 0.162963
0 0.447135 0.357407 0.028646 0.150000
0 0.665625 0.349074 0.035417 0.135185
0 0.900260 0.470833 0.092188 0.619444
0 0.844531 0.450000 0.082812 0.503704
0 0.542188 0.325000 0.015625 0.062963
0 -0.001563 0.331481 0.028125 0.127778
0 0.034896 0.330093 0.019792 0.100926
0 0.061198 0.330093 0.020313 0.100926
0 0.574479 0.331019 0.012500 0.052778
0 0.561458 0.327778 0.012500 0.057407
0 0.486719 0.362037 0.028646 0.094444
0 0.508073 0.366204 0.026562 0.089815
-1 0.953906 0.312963 0.035937 0.162963
0 0.318490 0.318056 0.013021 0.050926
0 0.329688 0.321759 0.011458 0.045370
0 0.336719 0.318056 0.011979 0.043519
0 0.345052 0.312963 0.011979 0.044444
0 0.378385 0.327778 0.015104 0.057407
0 0.355729 0.315278 0.010417 0.037963
0 0.364583 0.315741 0.011458 0.038889
