0 0.625000 0.345833 0.030208 0.132407
0 0.448437 0.348148 0.031250 0.162963
0 0.046615 0.546759 0.191146 0.675000
0 0.485677 0.351389 0.025521 0.143519
0 0.739062 0.393519 0.050000 0.333333
0 0.380469 0.340278 0.020313 0.100926
0 0.717969 0.393981 0.045312 0.287963
0 0.548438 0.325463 0.014583 0.060185
0 0.181771 0.407407 0.053125 0.262963
0 0.151302 0.322222 0.015104 0.075926
0 0.572917 0.322222 0.010417 0.046296
0 0.562500 0.324074 0.010417 0.051852
0 0.515625 0.351852 0.022917 0.074074
0 0.331510 0.331481 0.017188 0.066667
0 0.395573 0.324074 0.011979 0.059259
-1 0.845833 0.312500 0.026042 0.132407
-1 0.876042 0.313889 0.031250 0.133333
-1 0.899740 0.311574 0.026562 0.128704
0 0.404687 0.326389 0.011458 0.058333
