0 0.605729 0.349074 0.031250 0.135185
0 0.401042 0.348611 0.032292 0.162037
0 0.446875 0.354630 0.029167 0.148148
0 0.663021 0.342130 0.030208 0.132407
0 0.883854 0.456944 0.083333 0.589815
0 0.833333 0.440741 0.078125 0.485185
0 0.540625 0.320370 0.015625 0.062963
0 0.000000 0.323148 0.028125 0.127778
0 0.039323 0.325926 0.020313 0.100000
0 0.065365 0.325000 0.021354 0.100000
0 0.572917 0.321759 0.012500 0.052778
0 0.560417 0.323148 0.012500 0.057407
0 0.487240 0.355556 0.028646 0.094444
0 0.508073 0.362500 0.026562 0.089815
-1 0.948177 0.310185 0.035937 0.162963
0 0.316927 0.313426 0.013021 0.050926
0 0.330208 0.318056 0.011458 0.045370
0 0.344531 0.309722 0.011979 0.045370
0 0.377865 0.322222 0.015104 0.057407
0 0.354687 0.310648 0.010417 0.037963
0 0.364583 0.311111 0.011458 0.038889
