0 0.592708 0.323148 0.031250 0.135185
0 0.408854 0.331481 0.032292 0.161111
0 0.446354 0.330556 0.029167 0.146296
0 0.620833 0.307407 0.028125 0.109259
0 0.771875 0.385648 0.063542 0.425000
0 0.369271 0.321759 0.020833 0.104630
0 0.744010 0.381019 0.054688 0.360185
0 0.525000 0.297685 0.015625 0.063889
0 0.054427 0.417130 0.055729 0.336111
0 0.102604 0.314815 0.018750 0.081481
0 0.553906 0.297685 0.011979 0.052778
0 0.542708 0.294444 0.010417 0.051852
0 0.475260 0.325463 0.024479 0.084259
0 0.495833 0.331944 0.025000 0.082407
-1 0.859115 0.287037 0.029687 0.153704
-1 0.889844 0.287963 0.034896 0.155556
-1 0.921354 0.287963 0.029167 0.146296
0 0.311198 0.294907 0.013021 0.045370
0 0.320313 0.299537 0.010417 0.047222
0 0.333333 0.293519 0.010417 0.038889
0 0.337240 0.291667 0.010937 0.042593
0 0.385156 0.304630 0.010937 0.057407
0 0.348438 0.294907 0.010417 0.036111
0 0.354687 0.292593 0.010417 0.035185
