0 0.604167 0.357407 0.031250 0.133333
0 0.401042 0.359259 0.032292 0.162963
0 0.446615 0.370833 0.029687 0.149074
0 0.672917 0.356481 0.035417 0.142593
0 0.929688 0.498611 0.100000 0.671296
0 0.873437 0.471759 0.093750 0.543519
0 0.544271 0.335648 0.015625 0.063889
0 0.028385 0.343056 0.020313 0.100926
0 0.052865 0.341204 0.022396 0.102778
0 0.579167 0.338426 0.012500 0.052778
0 0.564583 0.339815 0.012500 0.057407
0 0.489063 0.368519 0.030208 0.098148
0 0.511198 0.374537 0.026562 0.089815
0 0.321094 0.326852 0.013021 0.051852
0 0.331771 0.329167 0.011458 0.045370
0 0.338021 0.323611 0.011458 0.043519
0 0.348177 0.321759 0.011979 0.045370
0 0.380990 0.339815 0.015104 0.055556
0 0.356771 0.325463 0.010417 0.037963
0 0.365625 0.325000 0.011458 0.038889
