0 0.621354 0.367130 0.029167 0.128704
0 0.448958 0.363426 0.030208 0.156481
0 0.105208 0.526389 0.177083 0.567593
0 0.495833 0.363426 0.022917 0.143519
0 0.717448 0.397222 0.047396 0.301852
0 0.371875 0.354630 0.019792 0.100000
0 0.544271 0.332870 0.014583 0.060185
0 0.569271 0.334722 0.009375 0.047222
0 0.554427 0.329630 0.011979 0.051852
0 0.514062 0.366667 0.022917 0.072222
0 0.334896 0.343519 0.016667 0.064815
0 0.389062 0.333796 0.012500 0.060185
-1 0.831250 0.318519 0.025000 0.125926
-1 0.857812 0.321759 0.029167 0.128704
-1 0.883594 0.319907 0.026562 0.123148
0 0.397917 0.336574 0.011458 0.058333
