0 0.601042 0.332407 0.027083 0.127778
0 0.416146 0.332407 0.032292 0.161111
0 0.457292 0.339815 0.029167 0.146296
0 0.615885 0.314815 0.025521 0.103704
0 0.742969 0.384259 0.055729 0.372222
0 0.366146 0.322222 0.020833 0.103704
0 0.719531 0.376852 0.049479 0.320370
0 0.528385 0.307407 0.014063 0.064815
0 0.105469 0.397222 0.054688 0.288889
0 0.556250 0.305093 0.012500 0.052778
0 0.542969 0.300926 0.010937 0.051852
0 0.479427 0.336111 0.023438 0.081481
0 0.495573 0.340278 0.025521 0.078704
-1 0.840625 0.289815 0.028125 0.144444
-1 0.868750 0.294907 0.033333 0.145370
-1 0.898438 0.294907 0.028125 0.137963
0 0.338021 0.294907 0.010417 0.037963
0 0.342708 0.295370 0.010417 0.042593
0 0.385937 0.319907 0.011458 0.058333
0 0.351563 0.295370 0.009375 0.035185
