0 0.591667 0.322222 0.031250 0.137037
0 0.407812 0.332407 0.032292 0.161111
0 0.445833 0.330556 0.029167 0.146296
0 0.622135 0.306944 0.024479 0.108333
0 0.772656 0.385648 0.064062 0.426852
0 0.369271 0.321759 0.020833 0.104630
0 0.746354 0.382870 0.056250 0.363889
0 0.524219 0.296759 0.015104 0.063889
0 0.051302 0.418519 0.055729 0.337037
0 0.100781 0.316204 0.019271 0.082407
0 0.553906 0.297685 0.011979 0.052778
0 0.542708 0.293519 0.010417 0.051852
0 0.474740 0.323611 0.024479 0.084259
0 0.495833 0.331019 0.025000 0.082407
-1 0.860156 0.287500 0.029687 0.154630
-1 0.891406 0.288426 0.034896 0.156481
-1 0.922656 0.288426 0.029687 0.147222
0 0.310156 0.293981 0.013021 0.045370
0 0.319792 0.299074 0.010417 0.046296
0 0.332552 0.292593 0.010937 0.038889
0 0.336719 0.290278 0.010937 0.041667
0 0.384896 0.303704 0.011458 0.057407
0 0.347396 0.294444 0.010417 0.037037
0 0.353646 0.291667 0.010417 0.037037
