0 0.614323 0.378241 0.030729 0.132407
0 0.444531 0.371296 0.029687 0.157407
0 0.147135 0.511111 0.152604 0.514815
0 0.494792 0.375926 0.021875 0.142593
0 0.699479 0.404167 0.053125 0.291667
0 0.356250 0.363889 0.019792 0.100000
0 0.680208 0.399537 0.041667 0.252778
0 0.532813 0.347685 0.014583 0.060185
0 0.557292 0.343981 0.010417 0.043519
0 0.544271 0.339815 0.010417 0.050000
0 0.488281 0.376852 0.023438 0.070370
0 0.504687 0.378704 0.022917 0.070370
0 0.333333 0.352778 0.015625 0.066667
0 0.378646 0.349537 0.012500 0.060185
-1 0.810677 0.332407 0.023438 0.122222
-1 0.836719 0.333796 0.026562 0.128704
-1 0.860677 0.335185 0.026562 0.122222
0 0.389062 0.346759 0.011458 0.058333
