0 0.627083 0.343981 0.029167 0.128704
0 0.452604 0.350926 0.031250 0.162963
0 0.070052 0.532407 0.184896 0.662963
0 0.492188 0.350463 0.023958 0.143519
0 0.740885 0.394444 0.060937 0.333333
0 0.380729 0.337963 0.019792 0.100000
0 0.715365 0.391667 0.045312 0.285185
0 0.548958 0.325463 0.014583 0.060185
0 0.187240 0.406019 0.045312 0.260185
0 0.573958 0.322685 0.010417 0.047222
0 0.561979 0.318056 0.011458 0.050926
0 0.518750 0.352315 0.022917 0.073148
0 0.334375 0.327778 0.016667 0.066667
0 0.396875 0.321759 0.011458 0.058333
-1 0.844010 0.313426 0.025521 0.130556
-1 0.873177 0.314815 0.030729 0.131481
-1 0.898698 0.311574 0.026562 0.126852
0 0.406250 0.327315 0.011458 0.058333
