0 0.595313 0.324537 0.032292 0.134259
0 0.414063 0.326852 0.032292 0.161111
0 0.450000 0.333333 0.029167 0.146296
0 0.617969 0.309259 0.029687 0.107407
0 0.754948 0.378704 0.055729 0.390741
0 0.367708 0.316667 0.020833 0.103704
0 0.729688 0.375000 0.050000 0.337037
0 0.527344 0.301852 0.015104 0.064815
0 0.082812 0.401389 0.053125 0.310185
0 0.117708 0.309722 0.016667 0.078704
0 0.556510 0.299537 0.011979 0.052778
0 0.543750 0.296759 0.011458 0.052778
0 0.477604 0.330556 0.023958 0.085185
0 0.495833 0.336574 0.025000 0.082407
-1 0.847656 0.278704 0.028646 0.148148
-1 0.877865 0.283333 0.033854 0.150000
-1 0.908854 0.282870 0.029167 0.141667
0 0.316406 0.296759 0.011979 0.045370
0 0.323698 0.298148 0.010937 0.046296
0 0.335417 0.293981 0.010417 0.039815
0 0.341146 0.292593 0.010417 0.042593
0 0.385937 0.311111 0.011458 0.057407
0 0.350781 0.293519 0.009896 0.035185
