0 0.599479 0.342593 0.032292 0.137037
0 0.421354 0.336111 0.032292 0.161111
0 0.462500 0.344444 0.029167 0.144444
0 0.614062 0.329167 0.019792 0.100926
0 0.736198 0.392593 0.051562 0.366667
0 0.365885 0.333796 0.021354 0.102778
0 0.715365 0.382407 0.049479 0.311111
0 0.528385 0.315741 0.014063 0.064815
0 0.117448 0.399074 0.056771 0.277778
0 0.555729 0.311574 0.012500 0.050926
0 0.542188 0.312037 0.011458 0.051852
0 0.479167 0.341204 0.022917 0.080556
0 0.497396 0.347222 0.025000 0.077778
-1 0.837240 0.299537 0.027604 0.141667
-1 0.863542 0.304167 0.032292 0.141667
-1 0.892188 0.304630 0.028125 0.135185
0 0.385937 0.324537 0.011458 0.058333
0 0.354167 0.309722 0.009375 0.034259
