0 0.626823 0.345370 0.031771 0.133333
0 0.451562 0.352778 0.031250 0.162963
0 0.082812 0.529630 0.175000 0.653704
0 0.492448 0.353704 0.027604 0.144444
0 0.737760 0.393981 0.059896 0.328704
0 0.378646 0.341667 0.019792 0.100000
0 0.713542 0.390278 0.045833 0.282407
0 0.549479 0.325463 0.014583 0.060185
0 0.190365 0.405093 0.040104 0.258333
0 0.574479 0.322685 0.010417 0.047222
0 0.562500 0.316667 0.010417 0.051852
0 0.521354 0.353241 0.022917 0.073148
0 0.336458 0.325926 0.016667 0.066667
0 0.396615 0.324074 0.011979 0.059259
-1 0.842969 0.313889 0.025521 0.129630
-1 0.871354 0.315278 0.030208 0.130556
-1 0.897917 0.311574 0.026042 0.125000
0 0.404167 0.329167 0.011458 0.058333
