0 0.597917 0.345833 0.030208 0.134259
0 0.424219 0.337963 0.031771 0.161111
0 0.464583 0.346296 0.029167 0.144444
0 0.613542 0.323148 0.029167 0.101852
0 0.734375 0.391204 0.051042 0.358333
0 0.365365 0.336574 0.021354 0.100926
0 0.713281 0.384722 0.049479 0.306481
0 0.528385 0.320370 0.014063 0.064815
0 0.123698 0.400000 0.057812 0.272222
0 0.555469 0.312963 0.011979 0.050000
0 0.542708 0.315278 0.011458 0.050926
0 0.481510 0.341204 0.023438 0.076852
0 0.500260 0.347685 0.024479 0.076852
-1 0.837760 0.303241 0.027604 0.139815
-1 0.864062 0.307407 0.032292 0.140741
-1 0.891927 0.307407 0.027604 0.135185
0 0.387500 0.326389 0.011458 0.058333
0 0.356250 0.309722 0.009375 0.034259
