0 0.613021 0.368981 0.030208 0.132407
0 0.446875 0.368056 0.030208 0.162037
0 0.130729 0.510185 0.157292 0.546296
0 0.490885 0.368519 0.026562 0.144444
0 0.702604 0.400926 0.043750 0.296296
0 0.361979 0.361111 0.019792 0.100000
0 0.686458 0.398611 0.041667 0.260185
0 0.534896 0.343981 0.014583 0.060185
0 0.559635 0.339815 0.009896 0.044444
0 0.546615 0.337963 0.010937 0.051852
0 0.507813 0.375463 0.022917 0.071296
0 0.331771 0.347222 0.016667 0.066667
0 0.380208 0.344907 0.012500 0.060185
-1 0.817187 0.325926 0.023958 0.124074
-1 0.842448 0.330093 0.027604 0.128704
-1 0.866927 0.330093 0.026562 0.123148
0 0.391146 0.343056 0.011458 0.058333
