0 0.592708 0.322222 0.028125 0.131481
0 0.401823 0.329630 0.031771 0.159259
0 0.445313 0.331944 0.025000 0.145370
0 0.625000 0.314815 0.031250 0.111111
0 0.790365 0.393519 0.080729 0.444444
0 0.368229 0.321759 0.020833 0.104630
0 0.752604 0.387963 0.060417 0.374074
0 0.523438 0.300463 0.015625 0.063889
0 0.041406 0.423148 0.055729 0.342593
0 0.096094 0.320370 0.020313 0.085185
0 0.553646 0.298611 0.012500 0.052778
0 0.541667 0.294444 0.010417 0.051852
0 0.473698 0.328704 0.024479 0.087037
0 0.497656 0.336111 0.025521 0.083333
-1 0.864583 0.290278 0.030208 0.156481
-1 0.895833 0.289815 0.035417 0.159259
-1 0.927344 0.290278 0.029687 0.149074
0 0.308594 0.298611 0.013021 0.045370
0 0.319010 0.301852 0.010937 0.046296
0 0.332031 0.295370 0.010937 0.038889
0 0.337760 0.294907 0.010937 0.041667
0 0.384375 0.311111 0.011458 0.057407
0 0.345313 0.293519 0.010417 0.037037
0 0.353646 0.293056 0.010417 0.037963
