0 0.609375 0.373148 0.028125 0.125926
0 0.407292 0.374074 0.032292 0.162963
0 0.447917 0.379630 0.029167 0.148148
0 0.684375 0.373611 0.039583 0.147222
0 0.992188 0.528704 0.111458 0.731481
0 0.915625 0.498611 0.109375 0.591667
0 0.550000 0.348611 0.016667 0.065741
0 0.023177 0.359722 0.020313 0.100926
0 0.048438 0.360185 0.028125 0.103704
0 0.586719 0.355556 0.013021 0.053704
0 0.569792 0.354630 0.012500 0.057407
0 0.492448 0.382407 0.030729 0.101852
0 0.516927 0.387500 0.028646 0.091667
0 0.326302 0.345833 0.013021 0.052778
0 0.336719 0.347685 0.011979 0.045370
0 0.342187 0.338889 0.011458 0.042593
0 0.351823 0.337963 0.011979 0.046296
0 0.385677 0.353704 0.015104 0.053704
0 0.359896 0.338426 0.010417 0.037963
0 0.369271 0.338889 0.011458 0.038889
