0 0.642708 0.384722 0.029167 0.128704
0 0.441667 0.395370 0.032292 0.166667
0 0.478385 0.399537 0.028646 0.150926
0 0.774479 0.393981 0.039583 0.186111
0 0.590365 0.363426 0.016146 0.063889
0 0.004948 0.390278 0.022396 0.115741
0 0.031771 0.393519 0.026042 0.114815
0 0.629167 0.360185 0.014583 0.062963
0 0.610938 0.361574 0.014583 0.067593
0 0.531771 0.404630 0.034375 0.109259
0 0.555990 0.402315 0.031771 0.102778
0 0.359115 0.363426 0.013021 0.052778
0 0.368750 0.363426 0.011458 0.047222
0 0.381771 0.354167 0.011458 0.047222
0 0.417708 0.363889 0.015625 0.055556
0 0.395052 0.358796 0.010937 0.037963
0 0.401562 0.356481 0.011458 0.038889
