0 0.625521 0.379630 0.030208 0.133333
0 0.420312 0.389815 0.032292 0.164815
0 0.463021 0.388889 0.030208 0.155556
0 0.722656 0.383333 0.040104 0.164815
0 0.568490 0.356019 0.017188 0.063889
0 0.012760 0.381481 0.025521 0.105556
0 0.036458 0.376852 0.023958 0.109259
0 0.606771 0.357870 0.014583 0.056481
0 0.585938 0.355556 0.012500 0.061111
0 0.511719 0.395370 0.030729 0.101852
0 0.537500 0.403704 0.032292 0.096296
0 0.339844 0.357870 0.013021 0.052778
0 0.351302 0.356481 0.011979 0.046296
0 0.354167 0.350463 0.013542 0.045370
0 0.363281 0.348611 0.011979 0.045370
0 0.399219 0.358796 0.015104 0.052778
0 0.376563 0.349537 0.010417 0.037963
0 0.384896 0.349074 0.011458 0.038889
