0 0.633073 0.380093 0.029687 0.125000
0 0.430208 0.388889 0.032292 0.166667
0 0.470312 0.392593 0.034375 0.150000
0 0.738281 0.383333 0.044271 0.174074
0 0.576302 0.352778 0.016146 0.062963
0 0.011458 0.384722 0.025000 0.108333
0 0.038542 0.377778 0.020833 0.111111
0 0.615885 0.356019 0.015104 0.058333
0 0.595052 0.354167 0.011979 0.065741
0 0.520052 0.395833 0.030729 0.102778
0 0.544792 0.403241 0.032292 0.099074
0 0.348177 0.356481 0.013021 0.051852
0 0.359375 0.356944 0.011458 0.047222
0 0.371875 0.350000 0.011458 0.046296
0 0.407031 0.358333 0.015104 0.053704
0 0.385417 0.349537 0.010417 0.037963
0 0.392708 0.350926 0.011458 0.038889
