0 0.642708 0.375000 0.029167 0.131481
0 0.443750 0.378704 0.033333 0.166667
0 0.482812 0.385185 0.030208 0.151852
0 0.813802 0.388426 0.054688 0.219444
0 0.595313 0.353241 0.016667 0.063889
0 -0.003385 0.380556 0.026562 0.114815
0 0.617708 0.346759 0.014583 0.069444
0 0.540104 0.391667 0.034375 0.109259
0 0.563802 0.400926 0.034896 0.109259
0 0.358854 0.350463 0.013542 0.052778
0 0.369010 0.349074 0.013021 0.050000
0 0.379948 0.343056 0.013021 0.049074
0 0.421094 0.354630 0.020313 0.057407
0 0.393750 0.344907 0.010417 0.037963
0 0.403125 0.345370 0.011458 0.038889
