0 0.607552 0.368056 0.028646 0.126852
0 0.406250 0.370370 0.032292 0.162963
0 0.447396 0.375926 0.029167 0.148148
0 0.678385 0.365278 0.039063 0.145370
0 0.969010 0.516204 0.108854 0.717593
0 0.901562 0.489815 0.104167 0.575926
0 0.546875 0.342130 0.016667 0.067593
0 0.023177 0.353241 0.020313 0.100926
0 0.047396 0.350926 0.026042 0.103704
0 0.582812 0.343981 0.012500 0.052778
0 0.568229 0.349074 0.012500 0.057407
0 0.491146 0.376389 0.030208 0.100926
0 0.514844 0.382407 0.027604 0.090741
0 0.324219 0.338426 0.013021 0.052778
0 0.334375 0.339815 0.011458 0.046296
0 0.340104 0.330556 0.011458 0.042593
0 0.350260 0.328704 0.011979 0.046296
0 0.384115 0.349074 0.015104 0.053704
0 0.357812 0.331944 0.010417 0.037963
0 0.367188 0.331481 0.011458 0.038889
