0 0.639062 0.374074 0.029167 0.131481
0 0.438281 0.379167 0.032813 0.163889
0 0.478385 0.385185 0.028646 0.150000
0 0.781771 0.383333 0.048958 0.203704
0 0.588021 0.352315 0.015625 0.063889
0 0.009635 0.380093 0.026562 0.113889
0 0.611458 0.353241 0.014583 0.067593
0 0.531771 0.393519 0.034375 0.109259
0 0.559375 0.400926 0.032292 0.103704
0 0.354687 0.346759 0.013542 0.052778
0 0.365885 0.351389 0.011979 0.049074
0 0.379948 0.350000 0.011979 0.048148
0 0.415104 0.352315 0.017708 0.056481
0 0.391667 0.345833 0.010417 0.037963
0 0.398958 0.344444 0.011458 0.038889
