0 0.622917 0.378704 0.030208 0.133333
0 0.417187 0.387963 0.032292 0.164815
0 0.459896 0.390741 0.030208 0.153704
0 0.718229 0.387037 0.042708 0.170370
0 1.011458 0.520833 0.122917 0.691667
0 0.562760 0.357870 0.016146 0.063889
0 0.013021 0.380556 0.026042 0.103704
0 0.035417 0.376389 0.025000 0.108333
0 0.602344 0.357870 0.014063 0.056481
0 0.582292 0.355556 0.012500 0.059259
0 0.508594 0.395370 0.030729 0.101852
0 0.534375 0.403704 0.032292 0.096296
0 0.334635 0.358333 0.013021 0.053704
0 0.347656 0.356019 0.011979 0.045370
0 0.350000 0.349537 0.013542 0.045370
0 0.360156 0.348611 0.011979 0.045370
0 0.396094 0.358796 0.015104 0.052778
0 0.372396 0.349537 0.010417 0.037963
0 0.380729 0.349074 0.011458 0.038889
