0 0.654687 0.369907 0.028125 0.128704
0 0.455990 0.377778 0.032813 0.164815
0 0.495052 0.384259 0.031771 0.146296
0 0.851563 0.394907 0.053125 0.228704
0 0.608073 0.346759 0.017188 0.063889
0 -0.000521 0.371296 0.026042 0.125926
0 0.632031 0.346296 0.014063 0.072222
0 0.551302 0.393519 0.033854 0.111111
0 0.577865 0.402315 0.035937 0.110185
0 0.371094 0.346296 0.013021 0.051852
0 0.381510 0.344444 0.013021 0.050000
0 0.390885 0.340278 0.013021 0.049074
0 0.432292 0.351852 0.016667 0.057407
0 0.404687 0.340278 0.010417 0.037963
0 0.414063 0.340741 0.011458 0.038889
