0 0.627083 0.379167 0.030208 0.130556
0 0.421875 0.389352 0.032292 0.165741
0 0.464323 0.389815 0.030729 0.153704
0 0.725521 0.385648 0.042708 0.171296
0 0.571615 0.355093 0.017188 0.063889
0 0.012240 0.381944 0.025521 0.106481
0 0.036979 0.376852 0.022917 0.109259
0 0.608854 0.357870 0.014583 0.056481
0 0.587760 0.355093 0.011979 0.062037
0 0.513802 0.395370 0.030729 0.101852
0 0.539063 0.403704 0.032292 0.096296
0 0.342448 0.357870 0.013021 0.052778
0 0.353385 0.356481 0.011979 0.046296
0 0.356250 0.350463 0.013542 0.045370
0 0.365104 0.349074 0.011458 0.046296
0 0.400781 0.358796 0.015104 0.052778
0 0.378646 0.349537 0.010417 0.037963
0 0.386979 0.349074 0.011458 0.038889
