0 0.639583 0.374074 0.029167 0.131481
0 0.439583 0.379167 0.033333 0.165741
0 0.479948 0.383796 0.029687 0.150926
0 0.799479 0.384722 0.057292 0.212037
0 0.590365 0.353704 0.017188 0.062963
0 -0.001823 0.380556 0.026562 0.114815
0 0.613021 0.347222 0.014583 0.068519
0 0.536458 0.390741 0.034375 0.109259
0 0.562500 0.400926 0.034375 0.107407
0 0.355208 0.352315 0.013542 0.052778
0 0.364844 0.349074 0.013021 0.050000
0 0.376563 0.344907 0.012500 0.049074
0 0.417448 0.356481 0.021354 0.057407
0 0.392188 0.343981 0.010417 0.037963
0 0.402083 0.345370 0.011458 0.038889
