0 0.644792 0.375000 0.029167 0.131481
0 0.447396 0.377315 0.033333 0.167593
0 0.485156 0.385185 0.030729 0.151852
0 0.821354 0.390741 0.053125 0.222222
0 0.597396 0.351389 0.016667 0.063889
0 -0.003906 0.380556 0.026562 0.114815
0 0.620313 0.346759 0.014583 0.069444
0 0.541667 0.391667 0.034375 0.109259
0 0.564583 0.400926 0.035417 0.109259
0 0.360938 0.349537 0.013542 0.052778
0 0.371615 0.349074 0.013021 0.050000
0 0.381771 0.343056 0.012500 0.049074
0 0.422917 0.354630 0.019792 0.057407
0 0.394792 0.345833 0.010417 0.037963
0 0.404167 0.346296 0.011458 0.038889
