0 0.641406 0.384722 0.029687 0.128704
0 0.440625 0.397222 0.032292 0.166667
0 0.477604 0.393519 0.029167 0.150000
0 0.767448 0.387963 0.039063 0.183333
0 0.588281 0.362963 0.016146 0.064815
0 0.006771 0.389815 0.022917 0.112963
0 0.033333 0.389815 0.025000 0.114815
0 0.626563 0.358796 0.014583 0.062037
0 0.608333 0.359722 0.013542 0.067593
0 0.529948 0.404167 0.033854 0.110185
0 0.554948 0.403241 0.031771 0.102778
0 0.358854 0.364352 0.013542 0.052778
0 0.368490 0.362963 0.010937 0.046296
0 0.380208 0.353241 0.011458 0.047222
0 0.415625 0.362500 0.015625 0.054630
0 0.394010 0.357870 0.010937 0.037963
0 0.401042 0.356481 0.011458 0.038889
