0 0.641667 0.380093 0.029167 0.132407
0 0.440885 0.388889 0.032813 0.166667
0 0.478906 0.394444 0.028646 0.153704
0 0.771354 0.385185 0.048958 0.200000
0 0.593490 0.360648 0.016146 0.063889
0 0.022135 0.386574 0.026562 0.113889
0 0.611979 0.359722 0.014583 0.067593
0 0.531771 0.400000 0.034375 0.109259
0 0.557552 0.401389 0.031771 0.102778
0 0.358594 0.359722 0.013021 0.052778
0 0.368229 0.361574 0.011458 0.049074
0 0.382292 0.353704 0.011458 0.048148
0 0.418490 0.362963 0.016146 0.055556
0 0.394792 0.355093 0.010417 0.037963
0 0.400521 0.350926 0.011458 0.038889
