0 0.616146 0.377778 0.030208 0.133333
0 0.408333 0.380556 0.032292 0.164815
0 0.449479 0.394444 0.029167 0.148148
0 0.701823 0.385648 0.036979 0.152778
0 0.958854 0.510185 0.117708 0.640741
0 0.555208 0.360185 0.016667 0.064815
0 0.016927 0.375463 0.024479 0.100926
0 0.043229 0.370370 0.028125 0.105556
0 0.593229 0.359722 0.013542 0.054630
0 0.574479 0.356481 0.012500 0.057407
0 0.498698 0.399074 0.030729 0.101852
0 0.523438 0.403704 0.032292 0.096296
0 0.329427 0.356944 0.013021 0.052778
0 0.341406 0.358796 0.011979 0.045370
0 0.355469 0.351389 0.011979 0.045370
0 0.389844 0.358796 0.015104 0.052778
0 0.366146 0.351389 0.010417 0.037963
0 0.375000 0.351852 0.011458 0.038889
