0 0.639062 0.383333 0.030208 0.133333
0 0.438542 0.393519 0.032292 0.166667
0 0.477604 0.391204 0.029167 0.152778
0 0.760938 0.382407 0.038542 0.181481
0 0.586719 0.361111 0.016146 0.064815
0 0.008854 0.389352 0.023958 0.110185
0 0.035156 0.386574 0.023438 0.113889
0 0.623958 0.357407 0.014583 0.061111
0 0.605469 0.356944 0.013021 0.067593
0 0.527344 0.400926 0.032813 0.111111
0 0.553906 0.404167 0.031771 0.102778
0 0.356250 0.361574 0.013542 0.052778
0 0.366927 0.361574 0.010937 0.045370
0 0.378646 0.352315 0.011458 0.047222
0 0.414063 0.360648 0.015625 0.054630
0 0.392188 0.354167 0.010417 0.037963
0 0.399479 0.354630 0.011458 0.038889
