0 0.623958 0.378704 0.030208 0.133333
0 0.418750 0.388889 0.032292 0.164815
0 0.461458 0.389352 0.030208 0.154630
0 0.720313 0.384722 0.041667 0.167593
0 1.020833 0.526852 0.122917 0.694444
0 0.565625 0.356944 0.016667 0.063889
0 0.013021 0.381019 0.026042 0.104630
0 0.035937 0.376389 0.023958 0.108333
0 0.604427 0.357870 0.014063 0.056481
0 0.583854 0.355093 0.012500 0.060185
0 0.510156 0.395370 0.030729 0.101852
0 0.535937 0.403704 0.032292 0.096296
0 0.337240 0.357870 0.013021 0.052778
0 0.349740 0.356019 0.011979 0.045370
0 0.352083 0.349537 0.013542 0.045370
0 0.361719 0.348611 0.011979 0.045370
0 0.397656 0.358796 0.015104 0.052778
0 0.374479 0.349537 0.010417 0.037963
0 0.382813 0.349074 0.011458 0.038889
