0 0.648958 0.375000 0.029167 0.131481
0 0.454167 0.375000 0.033333 0.168519
0 0.489583 0.385185 0.031250 0.151852
0 0.833073 0.391204 0.052604 0.225000
0 0.601563 0.348148 0.016667 0.064815
0 -0.000260 0.375000 0.026562 0.125926
0 0.625000 0.346759 0.014583 0.071296
0 0.545312 0.392593 0.034375 0.109259
0 0.568490 0.401389 0.035937 0.110185
0 0.365104 0.348611 0.013542 0.052778
0 0.376302 0.349074 0.013021 0.050000
0 0.385417 0.342130 0.012500 0.049074
0 0.426823 0.353704 0.018229 0.057407
0 0.398438 0.343056 0.010417 0.037963
0 0.407812 0.343519 0.011458 0.038889
