0 0.635417 0.381944 0.030208 0.130556
0 0.435417 0.388426 0.032292 0.167593
0 0.473177 0.392593 0.035937 0.153704
0 0.745573 0.381019 0.042188 0.175000
0 0.580729 0.354167 0.015625 0.063889
0 0.010937 0.386574 0.025000 0.108333
0 0.038281 0.379630 0.021354 0.112963
0 0.618750 0.354630 0.014583 0.059259
0 0.600260 0.352778 0.011979 0.066667
0 0.522396 0.397222 0.031250 0.105556
0 0.547656 0.403704 0.031771 0.100000
0 0.351302 0.356481 0.013021 0.051852
0 0.362240 0.356944 0.010937 0.047222
0 0.375521 0.350926 0.011458 0.046296
0 0.410417 0.358333 0.015625 0.053704
0 0.388021 0.348611 0.010417 0.037963
0 0.395313 0.350926 0.011458 0.038889
