0 0.642708 0.383333 0.029167 0.133333
0 0.442188 0.394444 0.032292 0.166667
0 0.479427 0.399074 0.028646 0.153704
0 0.773438 0.390741 0.042708 0.190741
0 0.591406 0.362500 0.016146 0.063889
0 0.002344 0.390278 0.022396 0.115741
0 0.030990 0.395370 0.026562 0.114815
0 0.630729 0.361111 0.014583 0.062963
0 0.612500 0.363426 0.014583 0.067593
0 0.531771 0.402778 0.034375 0.109259
0 0.556510 0.402315 0.031771 0.102778
0 0.359115 0.363426 0.013021 0.052778
0 0.368750 0.363889 0.011458 0.048148
0 0.382292 0.354630 0.011458 0.048148
0 0.418750 0.364815 0.015625 0.055556
0 0.395313 0.357870 0.010417 0.037963
0 0.401042 0.354630 0.011458 0.038889
