0 0.617188 0.377778 0.030208 0.133333
0 0.408854 0.382407 0.032292 0.164815
0 0.450000 0.396296 0.029167 0.148148
0 0.704167 0.386111 0.038542 0.155556
0 0.966146 0.511574 0.118750 0.649074
0 0.555729 0.359259 0.016667 0.064815
0 0.016146 0.376389 0.025000 0.100926
0 0.041406 0.371296 0.027604 0.105556
0 0.594271 0.359722 0.013542 0.054630
0 0.575521 0.356481 0.012500 0.057407
0 0.499740 0.397222 0.030729 0.101852
0 0.525000 0.403704 0.032292 0.096296
0 0.329948 0.355556 0.013021 0.051852
0 0.342187 0.359722 0.011458 0.045370
0 0.355990 0.350926 0.011979 0.046296
0 0.390885 0.358796 0.015104 0.052778
0 0.367188 0.350463 0.010417 0.037963
0 0.375521 0.351852 0.011458 0.038889
