0 0.632031 0.379630 0.029687 0.122222
0 0.428125 0.389815 0.032292 0.166667
0 0.469010 0.393056 0.033854 0.149074
0 0.735156 0.385185 0.044271 0.175926
0 0.575000 0.353241 0.016667 0.063889
0 0.011979 0.383796 0.025000 0.108333
0 0.038281 0.377778 0.021354 0.111111
0 0.614323 0.356481 0.015104 0.057407
0 0.593229 0.354630 0.012500 0.064815
0 0.519010 0.395370 0.030729 0.101852
0 0.543229 0.403704 0.032292 0.098148
0 0.346615 0.356944 0.013021 0.052778
0 0.357812 0.356944 0.011458 0.047222
0 0.370312 0.350000 0.011458 0.046296
0 0.405469 0.358333 0.015104 0.053704
0 0.383854 0.349537 0.010417 0.037963
0 0.391667 0.350000 0.011458 0.038889
