0 0.646875 0.375000 0.029167 0.131481
0 0.450521 0.375926 0.033333 0.168519
0 0.487240 0.385185 0.030729 0.151852
0 0.827083 0.390741 0.053125 0.224074
0 0.599479 0.350000 0.016667 0.064815
0 -0.002344 0.377778 0.026562 0.120370
0 0.622656 0.346759 0.014063 0.069444
0 0.543750 0.392593 0.034375 0.109259
0 0.565365 0.401389 0.035937 0.110185
0 0.363021 0.349074 0.013542 0.051852
0 0.373698 0.349074 0.013021 0.050000
0 0.383594 0.342130 0.013021 0.049074
0 0.424740 0.353704 0.019271 0.057407
0 0.396354 0.343981 0.010417 0.037963
0 0.405729 0.344444 0.011458 0.038889
