0 0.640104 0.383333 0.030208 0.133333
0 0.440104 0.398148 0.032292 0.166667
0 0.476823 0.397222 0.028646 0.151852
0 0.764323 0.385185 0.039063 0.183333
0 0.587240 0.362037 0.016146 0.064815
0 0.007813 0.389352 0.023958 0.112037
0 0.034115 0.388426 0.024479 0.113889
0 0.625521 0.358333 0.014583 0.061111
0 0.606771 0.358333 0.013542 0.066667
0 0.528646 0.402315 0.033333 0.110185
0 0.554427 0.403241 0.031771 0.102778
0 0.357292 0.362500 0.013542 0.052778
0 0.368490 0.363426 0.010937 0.045370
0 0.379167 0.353241 0.011458 0.047222
0 0.415104 0.361574 0.015625 0.054630
0 0.393229 0.356019 0.010417 0.037963
0 0.400000 0.355556 0.011458 0.038889
