0 0.637500 0.371296 0.029167 0.131481
0 0.437240 0.375463 0.032813 0.162037
0 0.478385 0.381019 0.028646 0.147222
0 0.786979 0.382870 0.054167 0.206481
0 0.588281 0.350463 0.016146 0.063889
0 0.004427 0.380093 0.026562 0.113889
0 0.610938 0.350463 0.014583 0.067593
0 0.531771 0.390741 0.034375 0.109259
0 0.560677 0.400926 0.032813 0.105556
0 0.353385 0.344907 0.013021 0.052778
0 0.365104 0.350000 0.012500 0.050000
0 0.378385 0.347685 0.011979 0.049074
0 0.414844 0.351389 0.019271 0.056481
0 0.390104 0.342130 0.010417 0.037963
0 0.400000 0.344444 0.011458 0.038889
