0 0.636979 0.383333 0.030208 0.133333
0 0.435937 0.386574 0.032292 0.167593
0 0.475000 0.393056 0.036458 0.154630
0 0.749740 0.381019 0.041146 0.176852
0 0.584115 0.357870 0.016146 0.063889
0 0.010937 0.387500 0.025000 0.108333
0 0.037500 0.381481 0.021875 0.112963
0 0.619792 0.355093 0.014583 0.060185
0 0.601302 0.353704 0.011979 0.066667
0 0.523698 0.398148 0.031771 0.107407
0 0.549219 0.403241 0.031771 0.100926
0 0.352344 0.357407 0.013021 0.051852
0 0.363281 0.357870 0.010937 0.047222
0 0.376042 0.350926 0.011458 0.046296
0 0.410938 0.358333 0.015625 0.053704
0 0.389062 0.349537 0.010417 0.037963
0 0.396875 0.351852 0.011458 0.038889
