0 0.615104 0.377778 0.030208 0.133333
0 0.407812 0.378704 0.032292 0.164815
0 0.448958 0.393519 0.029167 0.148148
0 0.700000 0.385648 0.035417 0.149074
0 0.951562 0.509722 0.116667 0.632407
0 0.554948 0.361111 0.017188 0.064815
0 0.017969 0.374074 0.023438 0.101852
0 0.045312 0.368981 0.028125 0.104630
0 0.592187 0.360185 0.013542 0.053704
0 0.573958 0.356481 0.012500 0.057407
0 0.497656 0.396296 0.030729 0.101852
0 0.522135 0.400463 0.031771 0.095370
0 0.328906 0.358796 0.013021 0.052778
0 0.340885 0.357870 0.011979 0.045370
0 0.354948 0.351852 0.011979 0.046296
0 0.389323 0.358796 0.015104 0.052778
0 0.365625 0.351389 0.010417 0.037963
0 0.374479 0.352778 0.011458 0.038889
