0 0.610677 0.374537 0.028646 0.128704
0 0.407292 0.374537 0.032292 0.163889
0 0.447917 0.383333 0.029167 0.148148
0 0.687500 0.378704 0.039583 0.148148
0 1.004948 0.537037 0.111979 0.735185
0 0.922656 0.502778 0.111979 0.600000
0 0.551302 0.351852 0.016146 0.064815
0 0.021875 0.363889 0.020833 0.101852
0 0.049479 0.364815 0.029167 0.103704
0 0.588802 0.362037 0.013021 0.053704
0 0.570833 0.357407 0.012500 0.057407
0 0.493490 0.385185 0.030729 0.101852
0 0.517969 0.390278 0.029687 0.093519
0 0.327344 0.349537 0.013021 0.052778
0 0.337760 0.351389 0.011979 0.045370
0 0.343229 0.342593 0.011458 0.042593
0 0.352604 0.342593 0.011458 0.046296
0 0.386198 0.356019 0.015104 0.052778
0 0.361458 0.342130 0.010417 0.037963
0 0.370312 0.342593 0.011458 0.038889
