0 0.639583 0.375000 0.029167 0.131481
0 0.438802 0.381019 0.032813 0.165741
0 0.478385 0.387037 0.028646 0.151852
0 0.779167 0.383796 0.048958 0.202778
0 0.588542 0.353241 0.015625 0.063889
0 0.012760 0.380093 0.026562 0.113889
0 0.611458 0.355093 0.014583 0.067593
0 0.531771 0.395370 0.034375 0.109259
0 0.559115 0.401389 0.031771 0.102778
0 0.355729 0.349537 0.013542 0.052778
0 0.366406 0.353241 0.011979 0.049074
0 0.380469 0.350926 0.011979 0.048148
0 0.415885 0.355093 0.017188 0.056481
0 0.392188 0.348611 0.010417 0.037963
0 0.398958 0.345370 0.011458 0.038889
