0 0.588802 0.474074 0.019271 0.144444
0 0.575781 0.492593 0.020313 0.118519
0 0.229687 0.527315 0.050000 0.176852
0 0.006510 0.794444 0.217188 0.881481
0 0.551042 0.458333 0.019792 0.100000
0 0.524219 0.459259 0.018229 0.090741
0 0.772656 0.703704 0.134896 0.679630
0 0.654167 0.662037 0.087500 0.540741
0 0.459896 0.518056 0.041667 0.278704
0 0.489063 0.514352 0.066667 0.232407
0 0.426042 0.541204 0.051042 0.273148
0 0.351823 0.525926 0.043229 0.251852
0 0.847917 0.569907 0.109375 0.371296
0 0.400521 0.473611 0.021875 0.128704
0 0.332292 0.461111 0.017708 0.077778
0 0.386979 0.456944 0.014583 0.076852
0 0.376302 0.469444 0.014063 0.051852
0 0.302865 0.456481 0.017188 0.072222
0 0.283594 0.459259 0.013021 0.066667
0 0.311458 0.449537 0.009375 0.045370
0 0.535937 0.452778 0.014583 0.070370
