-1 0.614323 0.449537 0.017188 0.082407
0 0.589063 0.473148 0.018750 0.144444
0 0.576302 0.485648 0.022396 0.132407
0 0.172396 0.543519 0.058333 0.200000
0 0.799740 0.699074 0.140104 0.685185
0 0.685677 0.661574 0.111979 0.541667
0 0.428906 0.468519 0.028646 0.055556
0 0.211979 0.481481 0.026042 0.105556
0 0.227344 0.480093 0.022396 0.093519
0 0.525521 0.512500 0.050000 0.230556
0 0.458594 0.540278 0.069271 0.265741
0 0.370833 0.525463 0.060417 0.247222
0 0.889844 0.581019 0.076563 0.412037
0 0.623437 0.455556 0.017708 0.075926
0 0.562500 0.456481 0.017708 0.088889
0 0.338021 0.461111 0.016667 0.079630
0 0.304167 0.456944 0.016667 0.073148
0 0.286198 0.460185 0.014063 0.068519
0 0.246354 0.461111 0.013542 0.070370
0 0.311458 0.449537 0.009375 0.045370
0 0.296615 0.432407 0.006771 0.029630
