-1 0.614323 0.449537 0.017188 0.082407
0 0.588802 0.474074 0.019271 0.144444
0 0.575521 0.489352 0.019792 0.126852
0 0.205208 0.534259 0.053125 0.187037
0 0.549219 0.459259 0.020313 0.100000
0 0.783333 0.705556 0.144792 0.685185
0 0.669271 0.662037 0.085417 0.540741
0 0.496615 0.514352 0.061979 0.230556
0 0.445313 0.541667 0.057292 0.268519
0 0.364583 0.524537 0.056250 0.249074
0 0.865104 0.576852 0.095833 0.388889
0 0.396875 0.473611 0.022917 0.123148
0 0.626042 0.456019 0.017708 0.076852
0 0.563281 0.458796 0.019271 0.086111
0 0.334635 0.460648 0.017188 0.078704
0 0.303385 0.456481 0.017188 0.072222
0 0.284896 0.459722 0.013542 0.067593
0 0.247656 0.461111 0.014063 0.070370
0 0.311458 0.449537 0.009375 0.045370
0 0.536198 0.451389 0.014063 0.065741
