-1 0.614323 0.449537 0.017188 0.082407
0 0.589323 0.473148 0.019271 0.144444
0 0.577083 0.484722 0.026042 0.132407
0 0.159896 0.547222 0.060417 0.205556
0 0.811719 0.693519 0.130729 0.687037
0 0.690104 0.662037 0.114583 0.542593
0 0.428906 0.468519 0.028646 0.055556
0 0.211979 0.481481 0.026042 0.105556
0 0.227344 0.480093 0.022396 0.093519
0 0.204167 0.462037 0.021875 0.096296
0 0.529167 0.513426 0.054167 0.228704
0 0.466667 0.540741 0.069792 0.264815
0 0.374219 0.525463 0.056771 0.247222
0 0.900260 0.587500 0.081771 0.421296
0 0.622396 0.455556 0.017708 0.075926
0 0.565625 0.456944 0.017708 0.089815
0 0.339062 0.462037 0.016667 0.081481
0 0.304688 0.457870 0.016667 0.073148
0 0.286458 0.460185 0.014583 0.068519
0 0.245833 0.460648 0.013542 0.069444
0 0.296615 0.431481 0.006771 0.029630
