0 0.500260 0.498611 0.050521 0.100926
0 0.588802 0.474074 0.019271 0.144444
0 0.575521 0.494444 0.020833 0.112963
0 0.218229 0.530093 0.039583 0.119444
0 0.254427 0.520370 0.046354 0.166667
0 0.067969 0.806481 0.217188 0.881481
0 0.554167 0.457870 0.019792 0.100926
0 0.526302 0.459259 0.018229 0.090741
0 0.740104 0.689352 0.102083 0.645370
0 0.639583 0.661574 0.082292 0.541667
0 0.211198 0.481481 0.026562 0.105556
0 0.204167 0.462037 0.021875 0.096296
0 0.457813 0.518056 0.043750 0.278704
0 0.471354 0.514815 0.043750 0.237037
0 0.414323 0.540741 0.050521 0.275926
0 0.341927 0.529167 0.039063 0.256481
0 0.815104 0.562500 0.065625 0.360185
0 0.544792 0.455556 0.016667 0.077778
0 0.386979 0.456019 0.014583 0.075000
0 0.366406 0.460648 0.009896 0.065741
0 0.377344 0.469444 0.011979 0.051852
0 0.301563 0.455093 0.016667 0.071296
0 0.281510 0.458796 0.013021 0.065741
0 0.311458 0.449537 0.009375 0.045370
