-1 0.614323 0.449537 0.017188 0.082407
0 0.589323 0.473148 0.019271 0.144444
0 0.577083 0.483796 0.027083 0.132407
0 0.155729 0.548148 0.060417 0.207407
0 0.815365 0.691667 0.127604 0.687037
0 0.691667 0.662037 0.114583 0.542593
0 0.428906 0.468519 0.028646 0.055556
0 0.211979 0.481481 0.026042 0.105556
0 0.227344 0.480093 0.022396 0.093519
0 0.204167 0.462037 0.021875 0.096296
0 0.530469 0.513889 0.055729 0.227778
0 0.469792 0.540741 0.069792 0.264815
0 0.376563 0.525000 0.053125 0.248148
0 0.907813 0.589815 0.091667 0.424074
0 0.622396 0.455556 0.017708 0.075926
0 0.339323 0.462500 0.016146 0.082407
0 0.304688 0.457870 0.016667 0.073148
0 0.286719 0.460185 0.014063 0.068519
0 0.245573 0.460648 0.013021 0.069444
0 0.296615 0.431481 0.006771 0.029630
