-1 0.614323 0.449537 0.017188 0.082407
0 0.588802 0.473148 0.019271 0.144444
0 0.575521 0.487037 0.019792 0.131481
0 0.188802 0.538889 0.055729 0.194444
0 0.547656 0.459259 0.020313 0.100000
0 0.787240 0.705093 0.148438 0.684259
0 0.679427 0.662037 0.102604 0.540741
0 0.211719 0.481481 0.026562 0.105556
0 0.227344 0.480556 0.022396 0.094444
0 0.510938 0.513426 0.056250 0.230556
0 0.454167 0.540278 0.068750 0.265741
0 0.368490 0.525000 0.059896 0.248148
0 0.876302 0.575000 0.076563 0.400000
0 0.624479 0.455556 0.017708 0.075926
0 0.567708 0.458333 0.017708 0.087037
0 0.336719 0.460648 0.017188 0.078704
0 0.304167 0.456944 0.016667 0.073148
0 0.285677 0.459722 0.014063 0.067593
0 0.247135 0.461111 0.014063 0.070370
0 0.311458 0.449537 0.009375 0.045370
0 0.296615 0.433333 0.006771 0.029630
