-1 0.614323 0.449537 0.017188 0.082407
0 0.589323 0.473148 0.019271 0.144444
0 0.577344 0.483796 0.028646 0.132407
0 0.151562 0.549537 0.061458 0.208333
0 0.819531 0.689815 0.124479 0.687037
0 0.693490 0.662500 0.115104 0.543519
0 0.428906 0.468519 0.028646 0.055556
0 0.211979 0.481481 0.026042 0.105556
0 0.227344 0.480093 0.022396 0.093519
0 0.204167 0.462037 0.021875 0.096296
0 0.531771 0.514352 0.057292 0.226852
0 0.473177 0.540741 0.070313 0.264815
0 0.379167 0.525000 0.050000 0.248148
0 0.915625 0.592593 0.101042 0.427778
0 0.622396 0.455556 0.017708 0.075926
0 0.339583 0.462500 0.016667 0.082407
0 0.353906 0.461111 0.013021 0.066667
0 0.304688 0.457870 0.016667 0.073148
0 0.286719 0.460185 0.014063 0.068519
0 0.245573 0.460648 0.013021 0.069444
0 0.296615 0.431481 0.006771 0.029630
