-1 0.614323 0.449537 0.017188 0.082407
0 0.588802 0.474074 0.019271 0.144444
0 0.575521 0.490741 0.019792 0.122222
0 0.217448 0.531019 0.051562 0.182407
0 0.549740 0.459259 0.020313 0.100000
0 0.523177 0.459259 0.018229 0.090741
0 0.780208 0.705556 0.141667 0.685185
0 0.661458 0.662037 0.086458 0.540741
0 0.460677 0.517593 0.041146 0.277778
0 0.491406 0.514815 0.065104 0.231481
0 0.437500 0.541667 0.046875 0.270370
0 0.357552 0.525000 0.048438 0.250000
0 0.857031 0.576852 0.106771 0.379630
0 0.398958 0.475000 0.021875 0.125926
0 0.560417 0.459722 0.017708 0.086111
0 0.333073 0.460648 0.017188 0.078704
0 0.386458 0.456944 0.014583 0.078704
0 0.302865 0.456481 0.017188 0.072222
0 0.284896 0.460185 0.013542 0.066667
0 0.247656 0.461111 0.014063 0.070370
0 0.311458 0.449537 0.009375 0.045370
0 0.535937 0.451852 0.014583 0.066667
