0 0.500260 0.498611 0.050521 0.100926
0 0.575521 0.496759 0.021875 0.108333
0 0.274740 0.515741 0.044271 0.159259
0 0.145313 0.789815 0.216667 0.890741
0 0.557292 0.456944 0.019792 0.100926
0 0.527344 0.458796 0.018229 0.091667
0 0.712240 0.683796 0.107812 0.626852
0 0.629687 0.656944 0.079167 0.532407
0 0.457031 0.517130 0.045312 0.278704
0 0.402344 0.542130 0.047396 0.275000
0 0.327604 0.529167 0.046875 0.254630
0 0.790104 0.562037 0.068750 0.351852
0 0.550000 0.459259 0.015625 0.079630
0 0.538802 0.453241 0.014063 0.076852
0 0.351823 0.461111 0.013021 0.066667
0 0.365885 0.460185 0.009896 0.064815
0 0.378125 0.469907 0.010417 0.052778
0 0.300260 0.454167 0.015104 0.069444
