-1 0.614323 0.449537 0.017188 0.082407
0 0.589063 0.473148 0.018750 0.144444
0 0.576562 0.484722 0.025000 0.132407
0 0.164063 0.546296 0.059375 0.203704
0 0.807552 0.695833 0.133854 0.686111
0 0.688281 0.661574 0.114063 0.541667
0 0.428906 0.468519 0.028646 0.055556
0 0.211979 0.481481 0.026042 0.105556
0 0.227344 0.480093 0.022396 0.093519
0 0.204167 0.462037 0.021875 0.096296
0 0.527865 0.512963 0.052604 0.229630
0 0.463281 0.540741 0.069271 0.264815
0 0.371875 0.525926 0.060417 0.246296
0 0.896615 0.585185 0.079687 0.418519
0 0.622917 0.456019 0.017708 0.075000
0 0.564583 0.456944 0.017708 0.089815
0 0.338802 0.462037 0.016146 0.081481
0 0.304688 0.457870 0.016667 0.073148
0 0.286198 0.460185 0.014063 0.068519
0 0.246094 0.461111 0.013021 0.070370
0 0.311458 0.449537 0.009375 0.045370
0 0.296615 0.432407 0.006771 0.029630
