0 0.500260 0.498611 0.050521 0.100926
0 0.588542 0.475000 0.019792 0.144444
0 0.575521 0.495370 0.021875 0.111111
0 0.226563 0.530093 0.038542 0.119444
0 0.266927 0.517130 0.044271 0.162037
0 0.104688 0.800926 0.216667 0.885185
0 0.555729 0.457870 0.019792 0.100926
0 0.527344 0.459259 0.018229 0.090741
0 0.724219 0.682870 0.085938 0.628704
0 0.633073 0.662500 0.076563 0.543519
0 0.457292 0.517593 0.044792 0.279630
0 0.410938 0.540741 0.047917 0.275926
0 0.334896 0.528704 0.040625 0.255556
0 0.802083 0.560648 0.054167 0.356481
0 0.541927 0.454630 0.015104 0.077778
0 0.366406 0.460648 0.009896 0.065741
0 0.377865 0.469444 0.010937 0.051852
0 0.301042 0.454630 0.015625 0.070370
0 0.311458 0.449537 0.009375 0.045370
