-1 0.614323 0.449537 0.017188 0.082407
0 0.588802 0.474074 0.019271 0.144444
0 0.575521 0.489815 0.019792 0.124074
0 0.213281 0.531944 0.052604 0.184259
0 0.549740 0.459259 0.020313 0.100000
0 0.523177 0.459259 0.018229 0.090741
0 0.781250 0.705556 0.142708 0.685185
0 0.664063 0.662037 0.086458 0.540741
0 0.461198 0.517593 0.041146 0.277778
0 0.492188 0.514815 0.064583 0.231481
0 0.439844 0.541204 0.050521 0.269444
0 0.359896 0.525000 0.051042 0.250000
0 0.860156 0.579630 0.105729 0.383333
0 0.398177 0.474537 0.022396 0.125000
0 0.561198 0.459259 0.018229 0.087037
0 0.333594 0.460648 0.017188 0.078704
0 0.303125 0.456481 0.016667 0.072222
0 0.284896 0.459722 0.013542 0.067593
0 0.247656 0.461111 0.014063 0.070370
0 0.311458 0.449537 0.009375 0.045370
0 0.536198 0.452315 0.014063 0.065741
