-1 0.614323 0.449537 0.017188 0.082407
0 0.588802 0.474074 0.019271 0.144444
0 0.575521 0.489352 0.019792 0.125000
0 0.209115 0.533333 0.052604 0.185185
0 0.549219 0.459259 0.020313 0.100000
0 0.522656 0.459259 0.018229 0.090741
0 0.782292 0.705556 0.143750 0.685185
0 0.666406 0.662037 0.085938 0.540741
0 0.461198 0.517593 0.041146 0.277778
0 0.493229 0.515278 0.063542 0.230556
0 0.442448 0.541204 0.053646 0.269444
0 0.362240 0.524537 0.053646 0.249074
0 0.862500 0.578241 0.101042 0.386111
0 0.397656 0.474074 0.022396 0.124074
0 0.626563 0.456019 0.017708 0.076852
0 0.561979 0.458796 0.018750 0.086111
0 0.334115 0.460648 0.017188 0.078704
0 0.303385 0.456481 0.017188 0.072222
0 0.284896 0.459722 0.013542 0.067593
0 0.247656 0.461111 0.014063 0.070370
0 0.311458 0.449537 0.009375 0.045370
0 0.536198 0.451389 0.014063 0.065741
