0 0.500260 0.498611 0.050521 0.100926
0 0.589063 0.475000 0.020833 0.144444
0 0.575521 0.496296 0.021875 0.109259
0 0.272135 0.516204 0.044271 0.160185
0 0.131771 0.793519 0.216667 0.888889
0 0.556771 0.456944 0.019792 0.100926
0 0.527344 0.458796 0.018229 0.091667
0 0.716406 0.683333 0.100521 0.627778
0 0.630729 0.658796 0.078125 0.536111
0 0.457031 0.517593 0.045312 0.279630
0 0.405990 0.541667 0.047396 0.275926
0 0.330729 0.529167 0.041667 0.254630
0 0.794010 0.561111 0.064062 0.353704
0 0.539844 0.453704 0.014063 0.077778
0 0.351823 0.461111 0.013021 0.066667
0 0.365885 0.460185 0.009896 0.064815
0 0.378125 0.469907 0.010417 0.052778
0 0.300521 0.454167 0.015625 0.069444
0 0.250260 0.462037 0.014063 0.070370
