0 0.588802 0.474074 0.019271 0.144444
0 0.575521 0.492130 0.020833 0.117593
0 0.233854 0.525926 0.048958 0.175926
0 0.018490 0.794907 0.217188 0.882407
0 0.551562 0.458333 0.019792 0.100000
0 0.524740 0.459259 0.018229 0.090741
0 0.767188 0.701389 0.129167 0.673148
0 0.651823 0.662037 0.088021 0.540741
0 0.459635 0.518056 0.042188 0.278704
0 0.485937 0.513889 0.062500 0.233333
0 0.422396 0.540741 0.052083 0.274074
0 0.350260 0.526389 0.043229 0.252778
0 0.841927 0.568056 0.101563 0.369444
0 0.386979 0.456944 0.014583 0.076852
0 0.376302 0.469444 0.014063 0.051852
0 0.302344 0.455556 0.017188 0.072222
0 0.283333 0.459259 0.013542 0.066667
0 0.311458 0.449537 0.009375 0.045370
0 0.535937 0.453241 0.014583 0.071296
