0 0.946615 0.651852 0.113021 0.564815
-1 0.690104 0.453704 0.017708 0.109259
0 0.883854 0.697685 0.136458 0.647222
0 0.448437 0.472685 0.027083 0.069444
0 0.428906 0.468519 0.028646 0.055556
0 0.211458 0.481019 0.025000 0.104630
0 0.227865 0.480093 0.022396 0.093519
0 0.204167 0.462037 0.021875 0.096296
0 0.548177 0.514815 0.054688 0.266667
0 0.598437 0.540741 0.058333 0.259259
0 0.492448 0.515741 0.051562 0.231481
0 0.345833 0.470833 0.019792 0.100926
0 0.640104 0.459259 0.022917 0.100000
0 0.354427 0.465741 0.022396 0.090741
0 0.383333 0.460648 0.018750 0.091667
0 0.366406 0.460648 0.009896 0.065741
0 0.374740 0.469907 0.009896 0.052778
0 0.312240 0.460648 0.018229 0.075000
0 0.293229 0.462037 0.013542 0.074074
0 0.240885 0.461111 0.010937 0.066667
0 0.274740 0.449074 0.013021 0.053704
0 0.288542 0.459259 0.011458 0.066667
0 0.297917 0.424537 0.006250 0.028704
0 0.302865 0.421296 0.006771 0.029630
0 0.403385 0.444444 0.014063 0.053704
