-1 0.690104 0.453704 0.017708 0.109259
0 0.969271 0.701389 0.125000 0.706481
0 0.821094 0.685185 0.117188 0.603704
0 0.211719 0.481019 0.025521 0.104630
0 0.227865 0.480093 0.022396 0.093519
0 0.204167 0.462037 0.021875 0.096296
0 0.512760 0.517130 0.065104 0.273148
0 0.596094 0.514352 0.042188 0.223148
0 0.563021 0.541204 0.059375 0.256481
0 0.454167 0.518981 0.063542 0.236111
0 0.353385 0.471759 0.020313 0.108333
0 0.623437 0.453241 0.016667 0.080556
0 0.616406 0.461574 0.019271 0.091667
0 0.380729 0.458796 0.016667 0.087963
0 0.366406 0.460648 0.009896 0.065741
0 0.308594 0.459722 0.018229 0.075000
0 0.290365 0.462037 0.014063 0.070370
0 0.242448 0.461574 0.013021 0.067593
0 0.296094 0.425926 0.006771 0.029630
0 0.394271 0.445370 0.013542 0.055556
