0 0.898438 0.654167 0.112500 0.554630
-1 0.690104 0.453704 0.017708 0.109259
0 0.993750 0.706481 0.108333 0.705556
0 0.834115 0.685185 0.116146 0.611111
0 0.428906 0.468519 0.028646 0.055556
0 0.211458 0.481019 0.025000 0.104630
0 0.227865 0.480093 0.022396 0.093519
0 0.204167 0.462037 0.021875 0.096296
0 0.514844 0.517593 0.067187 0.272222
0 0.600000 0.515741 0.040625 0.224074
0 0.569792 0.540741 0.053125 0.259259
0 0.460417 0.516667 0.055208 0.233333
0 0.351302 0.470833 0.019271 0.108333
0 0.623698 0.459259 0.024479 0.096296
0 0.380729 0.459259 0.016667 0.088889
0 0.366406 0.460648 0.009896 0.065741
0 0.309635 0.459722 0.018229 0.075000
0 0.291927 0.462500 0.014063 0.071296
0 0.241927 0.461574 0.013021 0.067593
0 0.265885 0.448611 0.011979 0.052778
0 0.285677 0.457870 0.009896 0.063889
0 0.296615 0.425926 0.006771 0.029630
0 0.396354 0.445370 0.013542 0.055556
