0 0.895312 0.653704 0.112500 0.553704
-1 0.690104 0.453704 0.017708 0.109259
0 0.990885 0.706481 0.108854 0.705556
0 0.829688 0.684722 0.118750 0.608333
0 0.428906 0.468519 0.028646 0.055556
0 0.211458 0.481019 0.025000 0.104630
0 0.227865 0.480093 0.022396 0.093519
0 0.204167 0.462037 0.021875 0.096296
0 0.514323 0.518056 0.068229 0.273148
0 0.598958 0.515278 0.040625 0.223148
0 0.568490 0.540741 0.054688 0.259259
0 0.457552 0.517130 0.058854 0.234259
0 0.351563 0.470833 0.019792 0.108333
0 0.622396 0.459722 0.022917 0.095370
0 0.380729 0.459259 0.016667 0.088889
0 0.366406 0.460648 0.009896 0.065741
0 0.309635 0.459722 0.018229 0.075000
0 0.291406 0.462037 0.014063 0.070370
0 0.241927 0.461574 0.013021 0.067593
0 0.265625 0.448611 0.012500 0.052778
0 0.285677 0.457407 0.009896 0.062963
0 0.296615 0.425926 0.006771 0.029630
0 0.395833 0.445370 0.013542 0.055556
