-1 0.614323 0.449537 0.017188 0.082407
0 0.581510 0.484722 0.028646 0.130556
0 0.121094 0.557407 0.064062 0.220370
0 0.849219 0.691667 0.133854 0.696296
0 0.721354 0.670833 0.093750 0.562037
0 0.448437 0.472685 0.027083 0.069444
0 0.428906 0.468519 0.028646 0.055556
0 0.211979 0.481019 0.026042 0.104630
0 0.227344 0.480093 0.022396 0.093519
0 0.204167 0.462037 0.021875 0.096296
0 0.542188 0.517593 0.048958 0.224074
0 0.493229 0.542130 0.071875 0.263889
0 0.391667 0.524074 0.038542 0.250000
0 0.946354 0.606019 0.108333 0.463889
0 0.622396 0.454630 0.017708 0.077778
0 0.340365 0.463889 0.016146 0.083333
0 0.354427 0.461111 0.013021 0.066667
0 0.366406 0.460648 0.009896 0.065741
0 0.305208 0.458796 0.016667 0.073148
0 0.287500 0.460648 0.014583 0.069444
0 0.244792 0.460185 0.012500 0.068519
0 0.296615 0.430556 0.006771 0.029630
