-1 0.690104 0.453704 0.017708 0.109259
0 0.963021 0.700000 0.130208 0.705556
0 0.819531 0.684722 0.116146 0.602778
0 0.211719 0.481019 0.025521 0.104630
0 0.227865 0.480093 0.022396 0.093519
0 0.204167 0.462037 0.021875 0.096296
0 0.510938 0.517130 0.061458 0.273148
0 0.596094 0.514352 0.042188 0.223148
0 0.561458 0.541204 0.060417 0.256481
0 0.453125 0.518981 0.064583 0.236111
0 0.354167 0.471759 0.020833 0.108333
0 0.623437 0.453241 0.016667 0.080556
0 0.615104 0.462037 0.019792 0.090741
0 0.380729 0.458796 0.016667 0.086111
0 0.366406 0.460648 0.009896 0.065741
0 0.308333 0.459722 0.017708 0.075000
0 0.290365 0.462037 0.014063 0.070370
0 0.242448 0.461574 0.013021 0.067593
0 0.296094 0.425926 0.006771 0.029630
0 0.393750 0.445370 0.013542 0.055556
