-1 0.690104 0.453704 0.017708 0.109259
0 0.925521 0.691204 0.161458 0.706481
0 0.805208 0.688426 0.096875 0.600926
0 0.211719 0.481019 0.025521 0.104630
0 0.227865 0.480093 0.022396 0.093519
0 0.204167 0.462037 0.021875 0.096296
0 0.497917 0.517130 0.043750 0.275000
0 0.590885 0.514352 0.049479 0.223148
0 0.549740 0.541204 0.059896 0.256481
0 0.446875 0.520370 0.064583 0.238889
0 0.358854 0.471759 0.021875 0.108333
0 0.623177 0.453241 0.017188 0.080556
0 0.346354 0.463889 0.015625 0.087037
0 0.381510 0.459259 0.016146 0.083333
0 0.307031 0.459722 0.017188 0.075000
0 0.290104 0.462500 0.013542 0.069444
0 0.243490 0.461574 0.013021 0.067593
0 0.295052 0.425926 0.006771 0.029630
0 0.302344 0.424074 0.006771 0.029630
