0 0.500260 0.498611 0.050521 0.100926
-1 0.690104 0.453704 0.017708 0.109259
0 0.943229 0.705556 0.146875 0.662963
0 0.448437 0.472685 0.027083 0.069444
0 0.428906 0.468519 0.028646 0.055556
0 0.211198 0.481019 0.024479 0.104630
0 0.227865 0.480556 0.022396 0.092593
0 0.204167 0.462037 0.021875 0.096296
0 0.571615 0.514352 0.055729 0.263889
0 0.638802 0.534259 0.065104 0.253704
0 0.528906 0.512500 0.054688 0.225000
0 0.340625 0.468981 0.017708 0.099074
0 0.354948 0.466667 0.019271 0.094444
0 0.385937 0.462963 0.020833 0.094444
0 0.366406 0.460648 0.009896 0.065741
0 0.374740 0.469907 0.009896 0.052778
0 0.314063 0.461574 0.017708 0.076852
0 0.296094 0.463889 0.014063 0.074074
0 0.285156 0.448611 0.009896 0.052778
0 0.289844 0.460185 0.013021 0.068519
0 0.297396 0.422222 0.006250 0.027778
0 0.303385 0.418519 0.006771 0.029630
0 0.411198 0.443519 0.014063 0.051852
