-1 0.614323 0.449537 0.017188 0.082407
-1 0.690104 0.453704 0.017708 0.109259
0 0.585417 0.486111 0.028125 0.129630
0 0.092448 0.565278 0.066146 0.230556
0 0.876823 0.698148 0.152604 0.705556
0 0.740104 0.681019 0.105208 0.586111
0 0.448437 0.472685 0.027083 0.069444
0 0.211979 0.481019 0.026042 0.104630
0 0.227344 0.480093 0.022396 0.093519
0 0.204167 0.462037 0.021875 0.096296
0 0.478385 0.516204 0.047396 0.276852
0 0.557292 0.514352 0.038542 0.225000
0 0.506510 0.542130 0.074479 0.262037
0 0.402344 0.525463 0.054688 0.249074
0 0.963542 0.602315 0.086458 0.475000
0 0.373437 0.472685 0.021875 0.119444
0 0.622396 0.454630 0.017708 0.077778
0 0.340625 0.463889 0.016667 0.083333
0 0.354427 0.461111 0.013021 0.066667
0 0.305729 0.459722 0.016667 0.073148
0 0.288281 0.461111 0.014063 0.068519
0 0.244531 0.460185 0.013021 0.068519
0 0.296615 0.430556 0.006771 0.029630
