-1 0.614323 0.449537 0.017188 0.082407
0 0.589323 0.473148 0.019271 0.144444
0 0.579688 0.484259 0.029167 0.131481
0 0.132292 0.554630 0.063542 0.216667
0 0.838021 0.688889 0.126042 0.692593
0 0.713281 0.667130 0.099479 0.552778
0 0.448437 0.472685 0.027083 0.069444
0 0.428906 0.468519 0.028646 0.055556
0 0.211979 0.481019 0.026042 0.104630
0 0.227344 0.480093 0.022396 0.093519
0 0.204167 0.462037 0.021875 0.096296
0 0.538281 0.516204 0.054688 0.225000
0 0.486458 0.541667 0.070833 0.264815
0 0.387240 0.524074 0.038021 0.250000
0 0.939323 0.603704 0.116146 0.453704
0 0.622396 0.455093 0.017708 0.076852
0 0.340365 0.463889 0.016146 0.083333
0 0.354427 0.461111 0.013021 0.066667
0 0.366406 0.460648 0.009896 0.065741
0 0.305208 0.458796 0.016667 0.073148
0 0.287500 0.460648 0.014583 0.069444
0 0.244792 0.460185 0.012500 0.068519
0 0.296615 0.431481 0.006771 0.029630
