0 0.935156 0.652315 0.115104 0.563889
-1 0.690104 0.453704 0.017708 0.109259
0 0.875000 0.694907 0.127083 0.639815
0 0.448437 0.472685 0.027083 0.069444
0 0.428906 0.468519 0.028646 0.055556
0 0.211458 0.481019 0.025000 0.104630
0 0.227865 0.480093 0.022396 0.093519
0 0.204167 0.462037 0.021875 0.096296
0 0.539063 0.515741 0.042708 0.268519
0 0.596094 0.539815 0.057812 0.259259
0 0.490365 0.516667 0.051562 0.233333
0 0.347656 0.471759 0.019271 0.102778
0 0.634635 0.457870 0.021354 0.100926
0 0.382292 0.460648 0.018750 0.091667
0 0.366406 0.460648 0.009896 0.065741
0 0.374740 0.469907 0.010937 0.052778
0 0.312240 0.460648 0.018229 0.075000
0 0.292708 0.462037 0.013542 0.074074
0 0.241406 0.461111 0.011979 0.066667
0 0.272135 0.450000 0.011979 0.051852
0 0.297917 0.425000 0.006250 0.029630
0 0.302865 0.421296 0.006771 0.029630
0 0.401562 0.444444 0.013542 0.053704
