0 0.500260 0.498611 0.050521 0.100926
-1 0.690104 0.453704 0.017708 0.109259
0 0.936458 0.703704 0.138542 0.659259
0 0.448437 0.472685 0.027083 0.069444
0 0.428906 0.468519 0.028646 0.055556
0 0.211198 0.481019 0.024479 0.104630
0 0.227865 0.480556 0.022396 0.092593
0 0.204167 0.462037 0.021875 0.096296
0 0.565625 0.514815 0.062500 0.264815
0 0.635677 0.535185 0.065104 0.253704
0 0.527344 0.513426 0.053646 0.226852
0 0.341667 0.469444 0.017708 0.100000
0 0.354427 0.466204 0.019271 0.093519
0 0.385417 0.462500 0.020833 0.095370
0 0.366406 0.460648 0.009896 0.065741
0 0.374740 0.469907 0.009896 0.052778
0 0.313542 0.461574 0.017708 0.076852
0 0.295312 0.462963 0.014583 0.074074
0 0.237760 0.462037 0.010937 0.066667
0 0.283333 0.448611 0.009375 0.052778
0 0.289844 0.460185 0.013021 0.068519
0 0.297396 0.422222 0.006250 0.027778
0 0.303385 0.419444 0.006771 0.029630
0 0.410156 0.443981 0.014063 0.052778
