-1 0.690104 0.453704 0.017708 0.109259
0 0.907813 0.699537 0.137500 0.650926
0 0.448437 0.472685 0.027083 0.069444
0 0.428906 0.468519 0.028646 0.055556
0 0.211198 0.481019 0.024479 0.104630
0 0.227865 0.480093 0.022396 0.093519
0 0.204167 0.462037 0.021875 0.096296
0 0.559896 0.513889 0.069792 0.264815
0 0.618490 0.537037 0.052604 0.255556
0 0.506771 0.513889 0.040625 0.227778
0 0.342969 0.470370 0.018229 0.100000
0 0.647656 0.460648 0.023438 0.100926
0 0.354687 0.465741 0.021875 0.092593
0 0.384375 0.461574 0.019792 0.093519
0 0.366406 0.460648 0.009896 0.065741
0 0.374740 0.469907 0.009896 0.052778
0 0.312500 0.461111 0.017708 0.075926
0 0.294010 0.462500 0.014063 0.075000
0 0.239323 0.461111 0.010937 0.066667
0 0.279167 0.448611 0.012500 0.052778
0 0.289063 0.460185 0.011458 0.068519
0 0.297917 0.424074 0.006250 0.027778
0 0.302865 0.420370 0.006771 0.029630
0 0.406510 0.443981 0.014063 0.052778
