-1 0.614323 0.449537 0.017188 0.082407
0 0.583594 0.485185 0.028646 0.129630
0 0.103906 0.562037 0.065104 0.225926
0 0.865885 0.695370 0.145313 0.701852
0 0.733073 0.676389 0.094271 0.576852
0 0.448437 0.472685 0.027083 0.069444
0 0.428906 0.468519 0.028646 0.055556
0 0.211979 0.481019 0.026042 0.104630
0 0.227344 0.480093 0.022396 0.093519
0 0.204167 0.462037 0.021875 0.096296
0 0.476563 0.516204 0.045833 0.276852
0 0.551302 0.514352 0.039063 0.225000
0 0.503385 0.543056 0.072396 0.263889
0 0.398177 0.525000 0.048438 0.250000
0 0.954948 0.604167 0.091146 0.471296
0 0.375521 0.473611 0.021875 0.119444
0 0.622396 0.454630 0.017708 0.077778
0 0.340625 0.463889 0.016667 0.083333
0 0.354427 0.461111 0.013021 0.066667
0 0.366406 0.460648 0.009896 0.065741
0 0.305729 0.459722 0.016667 0.073148
0 0.287760 0.460648 0.014063 0.069444
0 0.244531 0.460185 0.013021 0.068519
0 0.296615 0.430556 0.006771 0.029630
