-1 0.690104 0.453704 0.017708 0.109259
0 0.908594 0.699537 0.161979 0.706481
0 0.778385 0.688426 0.118229 0.600926
0 0.448437 0.472685 0.027083 0.069444
0 0.211719 0.481019 0.025521 0.104630
0 0.227865 0.480093 0.022396 0.093519
0 0.204167 0.462037 0.021875 0.096296
0 0.486719 0.516667 0.044271 0.275926
0 0.580208 0.515278 0.052083 0.223148
0 0.534115 0.540278 0.051562 0.258333
0 0.430729 0.519907 0.043750 0.241667
0 0.363281 0.472222 0.021354 0.112963
0 0.622656 0.453704 0.017188 0.079630
0 0.602865 0.463426 0.020313 0.087963
0 0.345573 0.463426 0.016146 0.086111
0 0.382552 0.458796 0.015104 0.084259
0 0.306771 0.460648 0.016667 0.073148
0 0.289844 0.462500 0.013021 0.069444
0 0.244010 0.459722 0.013021 0.067593
0 0.295052 0.426852 0.006771 0.029630
0 0.302344 0.425000 0.006771 0.029630
