0 0.500260 0.498611 0.050521 0.100926
-1 0.690104 0.453704 0.017708 0.109259
0 0.958333 0.708796 0.164583 0.665741
0 0.448437 0.472685 0.027083 0.069444
0 0.428906 0.468519 0.028646 0.055556
0 0.210938 0.481019 0.023958 0.104630
0 0.227604 0.480556 0.021875 0.092593
0 0.204167 0.462037 0.021875 0.096296
0 0.585938 0.513889 0.040625 0.262963
0 0.623437 0.514815 0.042708 0.227778
0 0.654427 0.534722 0.052604 0.252778
0 0.533594 0.512037 0.051562 0.222222
0 0.338021 0.468056 0.016667 0.097222
0 0.355990 0.468056 0.019271 0.095370
0 0.386719 0.462963 0.021354 0.094444
0 0.366406 0.460648 0.009896 0.065741
0 0.374740 0.469907 0.008854 0.052778
0 0.314323 0.462500 0.017188 0.078704
0 0.297135 0.464815 0.014063 0.075926
0 0.290365 0.460185 0.013021 0.068519
0 0.297396 0.422222 0.006250 0.027778
0 0.303385 0.417593 0.006771 0.029630
0 0.413802 0.443981 0.014063 0.050926
