-1 0.690104 0.453704 0.017708 0.109259
0 0.905729 0.701389 0.161458 0.706481
0 0.773958 0.688426 0.121875 0.600926
0 0.448437 0.472685 0.027083 0.069444
0 0.211719 0.481019 0.025521 0.104630
0 0.227865 0.480093 0.022396 0.093519
0 0.204167 0.462037 0.021875 0.096296
0 0.484896 0.516667 0.045833 0.275926
0 0.577604 0.515278 0.052083 0.223148
0 0.531771 0.540278 0.050000 0.258333
0 0.427083 0.519444 0.042708 0.240741
0 0.364323 0.471759 0.021354 0.113889
0 0.622656 0.453704 0.017188 0.079630
0 0.602083 0.463426 0.019792 0.087963
0 0.345052 0.463426 0.016146 0.086111
0 0.382813 0.458796 0.015625 0.084259
0 0.306771 0.460648 0.016667 0.073148
0 0.289844 0.462500 0.013021 0.069444
0 0.244010 0.459722 0.013021 0.067593
0 0.295052 0.426852 0.006771 0.029630
0 0.302344 0.425000 0.006771 0.029630
