0 0.907552 0.653704 0.113021 0.557407
-1 0.690104 0.453704 0.017708 0.109259
0 1.001562 0.707407 0.108333 0.705556
0 0.848958 0.687037 0.105208 0.618519
0 0.448437 0.472685 0.027083 0.069444
0 0.428906 0.468519 0.028646 0.055556
0 0.211458 0.481019 0.025000 0.104630
0 0.227865 0.480093 0.022396 0.093519
0 0.204167 0.462037 0.021875 0.096296
0 0.517188 0.516667 0.062500 0.272222
0 0.602604 0.515278 0.039583 0.223148
0 0.579427 0.539815 0.048438 0.259259
0 0.469792 0.516667 0.045833 0.233333
0 0.350260 0.470370 0.019271 0.107407
0 0.627604 0.457870 0.026042 0.099074
0 0.381250 0.459722 0.017708 0.089815
0 0.366406 0.460648 0.009896 0.065741
0 0.310677 0.459722 0.018229 0.075000
0 0.291927 0.462037 0.014063 0.072222
0 0.241927 0.461574 0.013021 0.067593
0 0.267188 0.449074 0.011458 0.051852
0 0.286458 0.457407 0.010417 0.062963
0 0.297135 0.425926 0.006771 0.029630
0 0.397656 0.444907 0.014063 0.054630
0 0.553646 0.459259 0.016667 0.079630
