-1 0.690104 0.453704 0.017708 0.109259
0 0.916927 0.694907 0.161979 0.706481
0 0.791667 0.688426 0.107292 0.600926
0 0.211719 0.481019 0.025521 0.104630
0 0.227865 0.480093 0.022396 0.093519
0 0.204167 0.462037 0.021875 0.096296
0 0.491667 0.516667 0.040625 0.275926
0 0.588542 0.515278 0.053125 0.223148
0 0.541927 0.540741 0.055729 0.257407
0 0.440104 0.520370 0.052083 0.240741
0 0.361198 0.471759 0.022396 0.110185
0 0.622656 0.453704 0.017188 0.079630
0 0.345833 0.463889 0.015625 0.087037
0 0.381771 0.458796 0.015625 0.084259
0 0.306771 0.460185 0.016667 0.074074
0 0.289844 0.462500 0.013021 0.069444
0 0.243490 0.460648 0.013021 0.067593
0 0.295052 0.425926 0.006771 0.029630
0 0.302344 0.425000 0.006771 0.029630
