0 0.938542 0.652778 0.115625 0.564815
-1 0.690104 0.453704 0.017708 0.109259
0 0.877083 0.694907 0.129167 0.641667
0 0.448437 0.472685 0.027083 0.069444
0 0.428906 0.468519 0.028646 0.055556
0 0.211458 0.481019 0.025000 0.104630
0 0.227865 0.480093 0.022396 0.093519
0 0.204167 0.462037 0.021875 0.096296
0 0.541406 0.515741 0.045312 0.268519
0 0.596615 0.540741 0.057812 0.259259
0 0.490885 0.516204 0.051562 0.232407
0 0.347135 0.471296 0.019271 0.101852
0 0.635938 0.457870 0.021875 0.100926
0 0.353385 0.465741 0.021354 0.090741
0 0.382813 0.460648 0.018750 0.091667
0 0.366406 0.460648 0.009896 0.065741
0 0.375000 0.469907 0.010417 0.052778
0 0.312240 0.460648 0.018229 0.075000
0 0.292708 0.462037 0.013542 0.074074
0 0.241406 0.461111 0.011979 0.066667
0 0.272656 0.449537 0.011979 0.052778
0 0.297917 0.425000 0.006250 0.029630
0 0.302865 0.421296 0.006771 0.029630
0 0.402083 0.444444 0.013542 0.053704
