-1 0.614323 0.449537 0.017188 0.082407
-1 0.690104 0.453704 0.017708 0.109259
0 0.584635 0.485185 0.027604 0.129630
0 0.081250 0.568056 0.066667 0.234259
0 0.883854 0.700000 0.157292 0.707407
0 0.747396 0.685648 0.116667 0.595370
0 0.448437 0.472685 0.027083 0.069444
0 0.211979 0.481019 0.026042 0.104630
0 0.227344 0.480093 0.022396 0.093519
0 0.204167 0.462037 0.021875 0.096296
0 0.480729 0.516204 0.048958 0.276852
0 0.563021 0.516667 0.044792 0.224074
0 0.508854 0.541667 0.075000 0.261111
0 0.407031 0.526389 0.060937 0.249074
0 0.972917 0.602315 0.084375 0.480556
0 0.372135 0.472685 0.021354 0.119444
0 0.622396 0.454630 0.017708 0.077778
0 0.341146 0.463889 0.016667 0.083333
0 0.354427 0.461111 0.013021 0.066667
0 0.305729 0.459722 0.016667 0.073148
0 0.288281 0.461111 0.014063 0.068519
0 0.244531 0.459722 0.013021 0.067593
0 0.296094 0.429630 0.006771 0.029630
