0 0.932031 0.652778 0.115104 0.562963
-1 0.690104 0.453704 0.017708 0.109259
0 0.872656 0.693981 0.124479 0.637963
0 0.448437 0.472685 0.027083 0.069444
0 0.428906 0.468519 0.028646 0.055556
0 0.211458 0.481019 0.025000 0.104630
0 0.227865 0.480093 0.022396 0.093519
0 0.204167 0.462037 0.021875 0.096296
0 0.536979 0.516204 0.039583 0.269444
0 0.595313 0.539815 0.057292 0.259259
0 0.490104 0.517130 0.051042 0.234259
0 0.348177 0.472222 0.019271 0.103704
0 0.633333 0.457407 0.020833 0.101852
0 0.382292 0.460648 0.018750 0.091667
0 0.366406 0.460648 0.009896 0.065741
0 0.374740 0.469907 0.010937 0.052778
0 0.312240 0.460648 0.018229 0.075000
0 0.292708 0.462037 0.013542 0.074074
0 0.241406 0.461111 0.011979 0.066667
0 0.271354 0.450000 0.011458 0.051852
0 0.297917 0.425000 0.006250 0.029630
0 0.302865 0.422222 0.006771 0.029630
0 0.401302 0.444907 0.014063 0.054630
0 0.553646 0.459259 0.016667 0.079630
