0 0.901562 0.653704 0.112500 0.555556
-1 0.690104 0.453704 0.017708 0.109259
0 0.996875 0.706481 0.108333 0.705556
0 0.838802 0.686111 0.114063 0.612963
0 0.428906 0.468519 0.028646 0.055556
0 0.211458 0.481019 0.025000 0.104630
0 0.227865 0.480093 0.022396 0.093519
0 0.204167 0.462037 0.021875 0.096296
0 0.515365 0.517593 0.066146 0.272222
0 0.601563 0.516667 0.040625 0.224074
0 0.571354 0.541204 0.052083 0.260185
0 0.463542 0.516667 0.052083 0.233333
0 0.351042 0.470833 0.019792 0.108333
0 0.625260 0.458796 0.025521 0.097222
0 0.380990 0.459259 0.017188 0.088889
0 0.366406 0.460648 0.009896 0.065741
0 0.310156 0.459722 0.018229 0.075000
0 0.291927 0.462037 0.014063 0.072222
0 0.241927 0.461574 0.013021 0.067593
0 0.266406 0.448611 0.011979 0.052778
0 0.285677 0.457407 0.009896 0.062963
0 0.297135 0.425926 0.006771 0.029630
0 0.396875 0.444907 0.013542 0.054630
