-1 0.690104 0.453704 0.017708 0.109259
0 0.911458 0.698611 0.161458 0.706481
0 0.782813 0.688426 0.114583 0.600926
0 0.211719 0.481019 0.025521 0.104630
0 0.227865 0.480093 0.022396 0.093519
0 0.204167 0.462037 0.021875 0.096296
0 0.488281 0.516667 0.043229 0.275926
0 0.583073 0.515278 0.052604 0.223148
0 0.536719 0.540278 0.052604 0.258333
0 0.433854 0.519907 0.044792 0.241667
0 0.362500 0.471759 0.021875 0.112037
0 0.622656 0.453704 0.017188 0.079630
0 0.345573 0.463426 0.016146 0.086111
0 0.382292 0.458796 0.015625 0.084259
0 0.306771 0.460185 0.016667 0.074074
0 0.289844 0.462500 0.013021 0.069444
0 0.244010 0.460648 0.013021 0.067593
0 0.295052 0.426852 0.006771 0.029630
0 0.302344 0.425000 0.006771 0.029630
