0 0.926042 0.652778 0.114583 0.561111
-1 0.690104 0.453704 0.017708 0.109259
0 0.868229 0.692130 0.119792 0.634259
0 0.448437 0.472685 0.027083 0.069444
0 0.428906 0.468519 0.028646 0.055556
0 0.211458 0.481019 0.025000 0.104630
0 0.227865 0.480093 0.022396 0.093519
0 0.204167 0.462037 0.021875 0.096296
0 0.531250 0.516204 0.040625 0.271296
0 0.594531 0.539815 0.056771 0.259259
0 0.484375 0.516204 0.043750 0.232407
0 0.348438 0.471296 0.018750 0.105556
0 0.631250 0.456944 0.020833 0.100926
0 0.381771 0.460648 0.018750 0.091667
0 0.366406 0.460648 0.009896 0.065741
0 0.312240 0.460648 0.018229 0.075000
0 0.292448 0.462037 0.014063 0.072222
0 0.241667 0.461111 0.012500 0.066667
0 0.270052 0.450463 0.010937 0.050926
0 0.297917 0.425000 0.006250 0.029630
0 0.302865 0.422222 0.006771 0.029630
0 0.400260 0.444907 0.014063 0.054630
0 0.553646 0.459259 0.016667 0.079630
