-1 0.614323 0.449537 0.017188 0.082407
-1 0.690104 0.453704 0.017708 0.109259
0 0.584375 0.484722 0.028125 0.128704
0 0.075781 0.569444 0.067187 0.237037
0 0.885156 0.700926 0.157812 0.707407
0 0.751042 0.687963 0.121875 0.600000
0 0.448437 0.472685 0.027083 0.069444
0 0.211979 0.481019 0.026042 0.104630
0 0.227344 0.480093 0.022396 0.093519
0 0.204167 0.462037 0.021875 0.096296
0 0.480729 0.516204 0.048958 0.276852
0 0.565885 0.517593 0.047396 0.224074
0 0.509635 0.541667 0.074479 0.261111
0 0.407812 0.525463 0.059375 0.249074
0 0.978125 0.603241 0.084375 0.482407
0 0.371615 0.472685 0.021354 0.119444
0 0.622396 0.454167 0.017708 0.078704
0 0.341667 0.463889 0.016667 0.083333
0 0.354427 0.461111 0.013021 0.066667
0 0.305729 0.459722 0.016667 0.073148
0 0.288542 0.461574 0.013542 0.069444
0 0.244531 0.459722 0.013021 0.067593
0 0.296094 0.429630 0.006771 0.029630
