-1 0.690104 0.453704 0.017708 0.109259
0 0.938021 0.693981 0.151042 0.706481
0 0.812240 0.686574 0.107812 0.600926
0 0.211719 0.481019 0.025521 0.104630
0 0.227865 0.480093 0.022396 0.093519
0 0.204167 0.462037 0.021875 0.096296
0 0.502865 0.517130 0.048438 0.275000
0 0.592448 0.514352 0.047396 0.223148
0 0.554688 0.541667 0.062500 0.255556
0 0.449479 0.520833 0.066667 0.237963
0 0.357292 0.471759 0.021875 0.108333
0 0.623177 0.453241 0.017188 0.080556
0 0.346615 0.463889 0.016146 0.087037
0 0.380990 0.458796 0.016146 0.084259
0 0.374740 0.469444 0.011979 0.051852
0 0.307292 0.459722 0.017708 0.075000
0 0.290104 0.462037 0.013542 0.070370
0 0.242969 0.461574 0.013021 0.067593
0 0.295052 0.425926 0.006771 0.029630
0 0.302344 0.424074 0.006771 0.029630
0 0.392188 0.446296 0.013542 0.055556
