0 0.892448 0.654167 0.111979 0.552778
-1 0.690104 0.453704 0.017708 0.109259
0 0.988281 0.706481 0.108854 0.705556
0 0.825260 0.684722 0.121354 0.606481
0 0.428906 0.468519 0.028646 0.055556
0 0.211458 0.481019 0.025000 0.104630
0 0.227865 0.480093 0.022396 0.093519
0 0.204167 0.462037 0.021875 0.096296
0 0.513802 0.517130 0.067187 0.273148
0 0.597656 0.514352 0.041146 0.223148
0 0.566927 0.541204 0.055729 0.258333
0 0.456510 0.517130 0.059896 0.234259
0 0.352083 0.470833 0.019792 0.108333
0 0.620573 0.460185 0.021354 0.094444
0 0.380729 0.459259 0.016667 0.088889
0 0.366406 0.460648 0.009896 0.065741
0 0.309115 0.459722 0.018229 0.075000
0 0.291406 0.462037 0.014063 0.070370
0 0.242448 0.461574 0.013021 0.067593
0 0.285677 0.457407 0.009896 0.062963
0 0.296615 0.425926 0.006771 0.029630
0 0.395313 0.445370 0.013542 0.055556
