-1 0.614323 0.449537 0.017188 0.082407
-1 0.690104 0.453704 0.017708 0.109259
0 0.070313 0.571296 0.067708 0.238889
0 0.886979 0.701389 0.158333 0.706481
0 0.754948 0.690741 0.127604 0.605556
0 0.448437 0.472685 0.027083 0.069444
0 0.211979 0.481019 0.026042 0.104630
0 0.227344 0.480093 0.022396 0.093519
0 0.204167 0.462037 0.021875 0.096296
0 0.480729 0.516204 0.048958 0.276852
0 0.569010 0.518981 0.050521 0.223148
0 0.510677 0.541667 0.073438 0.261111
0 0.408594 0.525000 0.057812 0.248148
0 0.983333 0.604630 0.084375 0.485185
0 0.371094 0.472685 0.021354 0.119444
0 0.622396 0.454167 0.017708 0.078704
0 0.342187 0.463889 0.016667 0.083333
0 0.354427 0.461111 0.013021 0.066667
0 0.306250 0.460648 0.016667 0.073148
0 0.288542 0.461574 0.013542 0.069444
0 0.244531 0.459722 0.013021 0.067593
0 0.296094 0.429630 0.006771 0.029630
