0 0.949479 0.651852 0.111458 0.564815
-1 0.690104 0.453704 0.017708 0.109259
0 0.886198 0.698611 0.139063 0.649074
0 0.448437 0.472685 0.027083 0.069444
0 0.428906 0.468519 0.028646 0.055556
0 0.211458 0.481019 0.025000 0.104630
0 0.227865 0.480093 0.022396 0.093519
0 0.204167 0.462037 0.021875 0.096296
0 0.550260 0.514815 0.057812 0.266667
0 0.599219 0.541667 0.058854 0.259259
0 0.493750 0.515741 0.050000 0.231481
0 0.345573 0.470833 0.019271 0.100926
0 0.641406 0.459722 0.023438 0.099074
0 0.354687 0.465741 0.022917 0.090741
0 0.383333 0.460648 0.018750 0.091667
0 0.366406 0.460648 0.009896 0.065741
0 0.374740 0.469907 0.009896 0.052778
0 0.312500 0.461111 0.017708 0.075926
0 0.293229 0.462037 0.013542 0.074074
0 0.240885 0.461111 0.010937 0.066667
0 0.275521 0.449074 0.013542 0.053704
0 0.288542 0.459259 0.011458 0.066667
0 0.297917 0.424537 0.006250 0.028704
0 0.302865 0.421296 0.006771 0.029630
0 0.403906 0.444444 0.014063 0.053704
