-1 0.690104 0.453704 0.017708 0.109259
0 0.919792 0.693981 0.161458 0.706481
0 0.796094 0.688426 0.103646 0.600926
0 0.211719 0.481019 0.025521 0.104630
0 0.227865 0.480093 0.022396 0.093519
0 0.204167 0.462037 0.021875 0.096296
0 0.493490 0.517130 0.039063 0.275000
0 0.589063 0.514352 0.052083 0.223148
0 0.544531 0.541204 0.056771 0.256481
0 0.442969 0.520370 0.057812 0.240741
0 0.360677 0.472222 0.022396 0.109259
0 0.622656 0.453704 0.017188 0.079630
0 0.346094 0.463889 0.016146 0.087037
0 0.381771 0.458796 0.015625 0.084259
0 0.306771 0.460185 0.016667 0.074074
0 0.290104 0.462500 0.013542 0.069444
0 0.243490 0.460648 0.013021 0.067593
0 0.295052 0.425926 0.006771 0.029630
0 0.302344 0.425000 0.006771 0.029630
