0 0.500260 0.498611 0.050521 0.100926
-1 0.690104 0.453704 0.017708 0.109259
0 0.950260 0.707407 0.155729 0.666667
0 0.448437 0.472685 0.027083 0.069444
0 0.428906 0.468519 0.028646 0.055556
0 0.211198 0.481019 0.024479 0.104630
0 0.227604 0.480556 0.021875 0.092593
0 0.204167 0.462037 0.021875 0.096296
0 0.577865 0.514352 0.049479 0.263889
0 0.642188 0.534259 0.064583 0.253704
0 0.530469 0.512963 0.054688 0.224074
0 0.339323 0.468981 0.017188 0.099074
0 0.355469 0.467130 0.019271 0.095370
0 0.386198 0.462963 0.021354 0.094444
0 0.366406 0.460648 0.009896 0.065741
0 0.374740 0.469907 0.008854 0.052778
0 0.314583 0.462037 0.017708 0.077778
0 0.296615 0.464352 0.014063 0.075000
0 0.289844 0.460185 0.013021 0.068519
0 0.297396 0.422222 0.006250 0.027778
0 0.303385 0.418519 0.006771 0.029630
0 0.412240 0.443519 0.014063 0.051852
