-1 0.690104 0.453704 0.017708 0.109259
0 0.006771 0.557407 0.046875 0.146296
0 0.914063 0.696759 0.161458 0.706481
0 0.787240 0.688426 0.110937 0.600926
0 0.211719 0.481019 0.025521 0.104630
0 0.227865 0.480093 0.022396 0.093519
0 0.204167 0.462037 0.021875 0.096296
0 0.490104 0.516667 0.041667 0.275926
0 0.585677 0.515278 0.052604 0.223148
0 0.539063 0.540741 0.054167 0.257407
0 0.437500 0.520833 0.045833 0.241667
0 0.361979 0.472222 0.021875 0.111111
0 0.622656 0.453704 0.017188 0.079630
0 0.345573 0.463426 0.016146 0.086111
0 0.382292 0.458796 0.015625 0.084259
0 0.306771 0.460185 0.016667 0.074074
0 0.289844 0.462500 0.013021 0.069444
0 0.243490 0.460648 0.013021 0.067593
0 0.295052 0.425926 0.006771 0.029630
0 0.302344 0.425000 0.006771 0.029630
