0 0.500260 0.498611 0.050521 0.100926
-1 0.690104 0.453704 0.017708 0.109259
0 0.925260 0.700463 0.123437 0.652778
0 0.448437 0.472685 0.027083 0.069444
0 0.428906 0.468519 0.028646 0.055556
0 0.211198 0.481019 0.024479 0.104630
0 0.227865 0.480093 0.022396 0.093519
0 0.204167 0.462037 0.021875 0.096296
0 0.560677 0.514352 0.068229 0.265741
0 0.625521 0.536574 0.055208 0.254630
0 0.514583 0.512500 0.036458 0.225000
0 0.341927 0.470370 0.018229 0.100000
0 0.650000 0.460648 0.022917 0.102778
0 0.354167 0.465741 0.020833 0.092593
0 0.384635 0.462037 0.020313 0.094444
0 0.366406 0.460648 0.009896 0.065741
0 0.374740 0.469907 0.009896 0.052778
0 0.312500 0.461111 0.017708 0.075926
0 0.294271 0.462500 0.014583 0.075000
0 0.238802 0.461111 0.010937 0.066667
0 0.280469 0.448611 0.010937 0.052778
0 0.297917 0.424074 0.006250 0.027778
0 0.302865 0.420370 0.006771 0.029630
0 0.407812 0.443981 0.013542 0.052778
