-1 0.614323 0.449537 0.017188 0.082407
-1 0.690104 0.453704 0.017708 0.109259
0 0.023177 0.569907 0.070313 0.247222
0 0.900260 0.704167 0.161979 0.706481
0 0.765365 0.688426 0.128646 0.600926
0 0.448437 0.472685 0.027083 0.069444
0 0.211719 0.481019 0.025521 0.104630
0 0.227865 0.480093 0.022396 0.093519
0 0.204167 0.462037 0.021875 0.096296
0 0.481771 0.516667 0.047917 0.275926
0 0.574219 0.515278 0.051562 0.223148
0 0.523958 0.540741 0.059375 0.259259
0 0.420833 0.519444 0.040625 0.240741
0 0.365625 0.471759 0.020833 0.115741
0 0.622656 0.453704 0.017188 0.079630
0 0.599479 0.463426 0.018750 0.087963
0 0.345052 0.463426 0.016146 0.086111
0 0.383073 0.458796 0.015104 0.084259
0 0.306771 0.460648 0.016667 0.073148
0 0.289323 0.462037 0.013021 0.068519
0 0.244010 0.459722 0.013021 0.067593
0 0.295573 0.427778 0.006771 0.029630
