0 0.957812 0.651389 0.108333 0.563889
-1 0.690104 0.453704 0.017708 0.109259
0 0.895312 0.699537 0.141667 0.650926
0 0.448437 0.472685 0.027083 0.069444
0 0.428906 0.468519 0.028646 0.055556
0 0.211198 0.481019 0.024479 0.104630
0 0.227865 0.480093 0.022396 0.093519
0 0.204167 0.462037 0.021875 0.096296
0 0.557031 0.513889 0.067187 0.264815
0 0.611458 0.537037 0.054167 0.257407
0 0.498958 0.515278 0.044792 0.230556
0 0.344271 0.470833 0.018750 0.100926
0 0.645573 0.461111 0.024479 0.098148
0 0.354948 0.465741 0.022396 0.092593
0 0.383854 0.460648 0.018750 0.091667
0 0.366406 0.460648 0.009896 0.065741
0 0.374740 0.469907 0.009896 0.052778
0 0.312500 0.461111 0.017708 0.075926
0 0.293750 0.462500 0.013542 0.075000
0 0.240365 0.461111 0.010937 0.066667
0 0.277344 0.448611 0.014063 0.052778
0 0.289063 0.460648 0.011458 0.069444
0 0.297917 0.424537 0.006250 0.028704
0 0.302865 0.420370 0.006771 0.029630
0 0.405208 0.444444 0.013542 0.053704
