0 0.913802 0.653241 0.114063 0.558333
-1 0.690104 0.453704 0.017708 0.109259
0 1.006250 0.708333 0.108333 0.705556
0 0.857292 0.688889 0.105208 0.624074
0 0.448437 0.472685 0.027083 0.069444
0 0.428906 0.468519 0.028646 0.055556
0 0.211458 0.481019 0.025000 0.104630
0 0.227865 0.480093 0.022396 0.093519
0 0.204167 0.462037 0.021875 0.096296
0 0.520312 0.516204 0.056250 0.271296
0 0.604427 0.515278 0.039063 0.223148
0 0.585938 0.539815 0.048958 0.259259
0 0.476302 0.516667 0.039063 0.233333
0 0.349479 0.470370 0.018750 0.107407
0 0.628906 0.457407 0.024479 0.100000
0 0.381250 0.460185 0.017708 0.090741
0 0.366406 0.460648 0.009896 0.065741
0 0.311198 0.459722 0.018229 0.075000
0 0.292187 0.462037 0.013542 0.072222
0 0.241927 0.461574 0.013021 0.067593
0 0.268229 0.449074 0.011458 0.051852
0 0.286979 0.457407 0.010417 0.062963
0 0.297656 0.425926 0.006771 0.029630
0 0.398438 0.444907 0.013542 0.054630
0 0.553646 0.459259 0.016667 0.079630
