-1 0.614323 0.449537 0.017188 0.082407
0 0.589323 0.473148 0.019271 0.144444
0 0.578385 0.483796 0.029687 0.132407
0 0.143750 0.552315 0.062500 0.212037
0 0.827344 0.686574 0.118229 0.687963
0 0.703125 0.664815 0.107292 0.548148
0 0.448437 0.472685 0.027083 0.069444
0 0.428906 0.468519 0.028646 0.055556
0 0.212500 0.481481 0.026042 0.105556
0 0.227344 0.480093 0.022396 0.093519
0 0.204167 0.462037 0.021875 0.096296
0 0.534375 0.515278 0.060417 0.225000
0 0.479687 0.541204 0.070833 0.263889
0 0.383073 0.524537 0.044271 0.249074
0 0.931250 0.598148 0.119792 0.435185
0 0.622396 0.455093 0.017708 0.076852
0 0.340365 0.463889 0.016146 0.083333
0 0.354427 0.461111 0.013021 0.066667
0 0.305208 0.458796 0.016667 0.073148
0 0.286979 0.460185 0.014583 0.068519
0 0.245312 0.460648 0.012500 0.069444
0 0.296615 0.431481 0.006771 0.029630
